Node 115		4.7313	5.37153	4.5394499999999995	1.0846099999999999	2.62593	3.88459	2.62953	5.33521	2.67651	2.4248700000000003	4.65561	2.12718	2.11699	5.11048	3.54363	4.98987	3.6076499999999996	1.9519700000000002	2.98546	0.53308	0.0	0.0	0.0
Node 133		5.229290000000001	1.6821800000000002	3.2315499999999995	1.5741100000000001	1.96753	2.98681	2.24952	2.6067400000000003	1.68209	1.5146	3.8691000000000004	4.746969999999999	3.6952499999999997	4.8994599999999995	3.83234	5.24819	2.86654	1.92914	3.64873	0.53308	0.0	0.0	0.0
Node 124		3.03083	1.6821800000000002	3.80003	2.13903	2.77472	0.0	3.5288100000000004	1.54643	3.10901	1.5833400000000002	2.6942299999999997	2.85157	2.95133	1.05654	1.64051	5.91498	3.9402399999999997	2.51175	3.9515000000000002	1.5985699999999998	0.0	0.0	0.0
Node 143		4.74371	3.2972300000000003	4.94478	3.0853200000000003	2.1471299999999998	3.17128	3.2349799999999997	6.44145	1.8132100000000002	0.93385	4.6026299999999996	2.36835	1.49017	2.4847799999999998	4.8166899999999995	5.48371	1.633	2.7918499999999997	6.12784	0.7885700000000001	0.0	0.0	0.0
Node 37		2.0811699999999997	5.3173900000000005	4.23648	0.8368499999999999	1.9707700000000001	2.88694	4.930969999999999	3.27786	3.35388	2.30773	5.609859999999999	4.73738	0.98197	1.5268300000000001	2.0021299999999997	3.2669499999999996	5.48098	2.66208	3.83065	0.0	0.0	0.0	0.0
Node 117		4.460999999999999	3.2399299999999998	3.19608	3.83094	2.08364	0.8491000000000001	3.15894	1.9005999999999998	2.58006	0.57078	4.6214699999999995	5.01164	2.78296	0.97102	3.65532	3.74405	3.8317499999999995	2.63186	3.9005199999999998	0.0	0.0	0.0	0.0
Node 70		2.51475	4.26353	4.303570000000001	3.4600899999999997	3.17648	0.8491000000000001	1.3462699999999999	0.0	3.92039	3.82112	3.9634500000000004	5.05375	2.19389	2.5787899999999997	3.07866	2.18465	3.6777900000000003	4.24055	3.1313100000000005	0.7885700000000001	0.0	0.0	0.0
Node 72		0.62047	2.11241	4.88591	2.66666	3.5106699999999997	0.0	2.614	3.78792	3.9167199999999998	4.686	4.19273	0.59592	2.39514	3.52714	4.59235	4.24914	3.3497399999999997	4.37537	2.07247	0.9303600000000001	0.0	0.0	0.0
Node 83		3.00008	1.93999	2.39224	2.2749200000000003	3.2524900000000003	4.21838	1.49441	3.92389	1.2645	2.32353	3.2780400000000003	4.92897	2.95844	3.4678899999999997	0.0	2.56061	3.61348	2.70171	4.50867	0.0	0.0	0.0	0.0
Node 178		3.0441800000000003	1.4733100000000001	2.50221	4.18032	1.36185	3.14444	1.7043099999999998	2.32283	4.135330000000001	3.35938	3.09052	4.19951	2.08459	4.92879	4.91892	6.25857	6.18982	2.85306	2.32964	0.0	0.0	0.0	0.0
Node 196		1.6523800000000002	1.73969	3.06027	4.8102100000000005	3.73198	0.7201	2.06194	3.0795	3.40455	0.86232	4.41814	0.0	2.07675	2.96463	6.57868	4.7016	0.0	3.8191500000000005	3.3873800000000003	0.0	0.0	0.0	0.0
Node 35		0.0	0.96679	4.51562	0.72635	4.26609	3.03907	0.5576399999999999	5.7793	2.36749	3.7356599999999998	2.8564599999999998	2.03495	2.9392899999999997	2.55868	3.5530899999999996	2.51466	3.08599	2.85895	2.98101	0.0	0.0	0.0	0.0
Node 123		2.33484	2.61739	3.4607400000000004	3.11221	3.62788	6.23511	3.78122	1.30656	3.34352	1.4988	2.2737	6.975249999999999	2.02475	2.80136	0.5254	4.5472600000000005	4.11482	2.1378500000000003	4.35368	0.58672	0.0	0.0	0.0
Node 155		3.8480800000000004	4.48731	5.50779	1.63166	2.66614	3.34011	3.4698800000000003	0.80082	4.87242	2.86686	3.07543	8.05968	1.3197699999999999	2.24484	4.59235	2.4734	7.03767	1.7714899999999998	3.13964	0.0	0.0	0.0	0.0
Node 23		2.44081	4.34157	0.72441	2.67538	1.50169	2.5284500000000003	0.63625	6.7942100000000005	1.79477	0.71376	0.91472	7.888249999999999	1.92885	1.97367	5.44896	0.86264	1.21259	3.8566700000000003	2.63112	0.9308500000000001	0.0	0.0	0.0
Node 138		3.4835499999999997	1.2903	2.45457	2.07057	6.01715	3.27638	1.8533600000000001	3.33317	4.56755	3.35273	1.83397	2.5356	4.0969	5.46657	3.5602099999999997	4.5648	0.8283699999999999	1.40134	3.64873	0.0	0.0	0.0	0.0
Node 57		1.66413	4.4082799999999995	1.72934	5.0308600000000006	3.8709100000000003	2.02548	2.88577	3.7984400000000003	2.0238699999999996	3.7356599999999998	4.35132	3.52726	2.09115	1.6154000000000002	2.70668	3.6855899999999995	4.06766	2.74379	1.74085	0.0	0.0	0.0	0.0
Node 150		2.30457	2.45508	2.55371	4.3469500000000005	2.2931500000000002	4.08636	3.7595000000000005	0.80082	4.117570000000001	3.87953	1.73976	1.37922	5.61902	4.06454	6.954490000000001	2.34055	6.39055	1.45868	2.95478	0.0	0.0	0.0	0.0
Node 80		1.53583	3.09783	5.10798	2.9778700000000002	2.91881	5.35381	1.9615	3.9937	1.58458	2.3749	2.86944	6.36183	0.79901	0.0	3.17445	4.05744	1.54008	3.8510000000000004	3.5287399999999995	0.0	0.0	0.0	0.0
Node 47		1.44317	5.5509200000000005	4.75961	3.11255	2.02279	6.3583	2.6229999999999998	0.5576399999999999	1.3601800000000002	5.61637	4.84945	3.54579	1.12984	5.140490000000001	4.00414	3.09861	6.19329	3.85391	3.3616300000000003	0.0	0.0	0.0	0.0
Node 12		4.2494499999999995	4.24398	1.7207299999999999	1.5890499999999999	3.1106000000000003	3.9775400000000003	2.51674	1.80057	3.24973	2.2417800000000003	0.9219099999999999	3.27836	4.5634500000000005	1.81208	4.38287	4.57066	3.60775	2.87567	1.46344	0.0	0.0	0.0	0.0
Node 38		3.9098800000000002	6.582839999999999	1.7868700000000002	0.95934	2.36529	3.24249	2.18662	3.02365	1.3234	0.0	4.68732	4.28156	0.79901	1.46739	2.73199	1.48463	4.6653899999999995	2.80567	2.8652	0.0	0.0	0.0	0.0
Node 66		2.2846	6.8087599999999995	3.3056500000000004	6.54755	2.07414	2.21517	1.98252	3.6072300000000004	2.88219	0.9411400000000001	3.87875	1.5413299999999999	1.74817	0.97102	2.87952	5.62921	5.25648	3.65631	2.64978	0.0	0.0	0.0	0.0
Node 56		4.73345	4.09032	3.38994	2.37083	2.7905699999999998	2.7986400000000002	2.45059	1.9005999999999998	3.4282600000000003	2.74851	3.2769899999999996	3.7313699999999996	5.35149	4.6850700000000005	5.55016	4.5031099999999995	4.14654	3.00922	2.8773400000000002	0.0	0.0	0.0	0.0
Node 181		3.3579499999999998	4.82658	4.1344899999999996	2.07057	2.66614	2.93182	2.1765	1.8108099999999998	3.43397	3.18585	1.6620599999999999	2.34953	1.7231199999999998	0.77135	3.07866	3.41905	1.369	2.74379	2.19919	0.0	0.0	0.0	0.0
Node 142		2.5693	6.34461	4.5394499999999995	1.5890499999999999	2.71495	2.70682	3.36622	2.4728	3.79747	4.19939	3.11309	4.61001	2.7231	1.27453	2.89236	0.97308	4.13774	1.19764	3.0778	0.0	0.0	0.0	0.0
Node 158		1.81914	6.483220000000001	5.31023	2.07057	4.45679	3.2925299999999997	1.9837500000000001	3.0975699999999997	4.111879999999999	0.72	3.73577	1.87202	1.93113	3.00677	0.7126699999999999	3.96561	1.41953	1.52698	4.57958	0.0	0.0	0.0	0.0
Node 95		5.36966	4.0312	3.67877	5.7139299999999995	1.33071	1.54336	0.63385	6.06477	4.03742	2.86103	5.50593	2.90631	2.1749	3.7093599999999998	2.99964	4.31576	1.41953	5.61008	1.74085	0.0	0.0	0.0	0.0
Node 147		4.12688	3.8195300000000003	1.61666	5.37151	3.1355500000000003	2.70423	0.63625	0.66898	2.62797	3.23719	2.25303	5.37457	4.41218	0.77135	2.2633199999999998	3.6089200000000003	2.02052	4.53067	3.14013	0.0	0.0	0.0	0.0
Node 73		0.93107	1.52189	3.91202	3.97987	3.03348	3.69569	4.1922500000000005	2.43089	2.0238699999999996	2.08764	1.8592199999999999	4.29894	2.86265	0.0	3.2174899999999997	4.11861	1.21259	5.76269	2.1442900000000003	0.0	0.0	0.0	0.0
Node 91		3.19097	1.7889	2.9380699999999997	4.679930000000001	2.108	5.5092	0.0	4.1683900000000005	2.98415	2.09388	3.2039199999999997	4.1892	1.46266	2.49142	1.47508	2.85893	1.3537000000000001	1.42609	1.9174099999999998	0.0	0.0	0.0	0.0
Node 94		4.43703	3.47108	6.326919999999999	0.78171	2.7905699999999998	3.32624	1.5715400000000002	5.54645	2.38551	4.07622	3.97433	3.2155499999999995	1.3052899999999998	2.98115	0.75828	0.76916	1.5009299999999999	3.90655	3.24442	0.0	0.0	0.0	0.0
Node 154		2.61736	1.82549	5.50656	3.47986	1.51034	4.19234	4.32719	3.02419	3.9018900000000003	2.45695	3.2444300000000004	0.73577	3.5870399999999996	0.5254	3.25798	6.143669999999999	3.48727	2.2778	1.46753	0.0	0.0	0.0	0.0
Node 137		2.60324	3.73029	1.7738299999999998	3.73693	3.17505	3.0129	1.32525	3.5544800000000003	5.58773	2.54641	1.5106899999999999	3.8255999999999997	2.44505	6.66124	3.84622	6.24143	2.14239	3.4446699999999995	3.2800000000000002	0.0	0.0	0.0	0.0
Node 10		1.51563	3.68677	4.4818	2.33167	1.42703	4.85598	2.10805	0.76284	4.34828	1.51686	0.9219099999999999	3.1453	3.95065	4.07514	3.74856	2.14661	4.07719	3.6791400000000003	2.62603	0.0	0.0	0.0	0.0
Node 1		4.32197	3.95963	1.5997899999999998	1.63034	3.85722	3.98082	5.90879	1.53718	3.9267299999999996	0.9411400000000001	2.1494400000000002	3.46603	0.6968799999999999	3.7881699999999996	1.14624	4.90658	0.67579	3.3415500000000002	1.71893	0.0	0.0	0.0	0.0
Node 42		7.4247499999999995	1.15239	2.85254	4.88584	2.28837	3.8964199999999996	1.42419	4.2857199999999995	3.39628	4.17822	2.28209	2.42692	2.84098	2.96463	1.2910899999999998	4.39791	2.13943	2.43931	2.33013	0.0	0.0	0.0	0.0
Node 65		3.4738900000000004	1.96873	1.6996600000000002	3.81607	3.23412	4.15796	1.32525	1.88071	3.33516	4.14801	5.45344	1.31982	1.9764199999999998	1.28729	3.94869	2.20832	0.98504	0.7689699999999999	4.8590599999999995	0.0	0.0	0.0	0.0
Node 199		3.77353	5.50388	0.89225	3.27816	4.37117	5.10841	2.4151	1.9218300000000001	3.83019	2.9686	2.28092	4.839799999999999	2.74124	4.31872	3.2178199999999997	5.4195	1.41012	4.17395	5.03686	0.0	0.0	0.0	0.0
Node 135		4.84889	3.28154	4.194	1.7477	1.6854	3.16059	0.5466799999999999	5.78645	2.19925	3.52731	4.9620299999999995	2.47248	3.83372	0.75828	2.53895	3.9817	4.0614	2.45919	3.18286	0.0	0.0	0.0	0.0
Node 18		5.144979999999999	5.7410000000000005	2.67538	3.7447	3.8656200000000003	1.6067399999999998	1.28337	4.3734	2.94297	4.59798	4.98883	4.28953	4.50146	1.81843	0.7126699999999999	1.4798	3.1643200000000005	1.9938500000000001	3.32549	0.0	0.0	0.0	0.0
Node 141		1.56118	4.45698	3.4418200000000003	4.37103	2.50286	4.11754	3.6180700000000003	5.79359	2.9014	2.88598	3.92304	2.9578	7.4491000000000005	0.0	1.91028	3.87655	8.59704	2.76798	3.06201	0.0	0.0	0.0	0.0
Node 98		2.36467	3.3622	3.00888	1.6185600000000002	2.8738799999999998	2.501	7.045229999999999	4.12838	2.4639100000000003	5.74213	5.22061	4.48207	2.31592	3.05582	1.7292999999999998	5.98961	3.95987	2.7944	0.58672	0.0	0.0	0.0	0.0
Node 7		4.10217	5.27809	3.91226	2.62374	1.74518	2.501	2.7443	4.21373	1.20742	3.19468	3.8367999999999998	1.55277	3.55109	4.54309	3.8622799999999997	5.36428	1.03472	3.0818600000000003	2.07802	0.0	0.0	0.0	0.0
Node 144		2.28599	2.80131	3.30357	0.8368499999999999	5.08927	2.5332299999999996	3.32991	1.32687	3.9646399999999997	3.19563	6.6574800000000005	2.8832199999999997	3.64513	3.1579500000000005	3.9526	3.08337	3.18241	2.1407700000000003	1.71942	0.0	0.0	0.0	0.0
Node 171		4.13768	3.62813	5.95468	0.55197	2.368	3.16964	2.1966900000000003	1.7549599999999999	4.79321	3.8472	5.78221	3.1559299999999997	2.21532	0.0	3.8659100000000004	4.18286	4.96526	4.815110000000001	2.79686	0.0	0.0	0.0	0.0
Node 152		2.41036	7.2737099999999995	2.94211	3.35381	2.93737	1.46151	3.18663	3.8108999999999997	5.13312	1.72118	4.878629999999999	3.0752800000000002	1.6156899999999998	2.60065	2.4169199999999997	4.45063	0.8283699999999999	1.7102300000000001	4.0465	0.0	0.0	0.0	0.0
Node 159		4.92757	3.1761200000000005	5.58588	2.7187200000000002	1.2857800000000001	3.4097799999999996	1.94053	3.74003	2.34504	2.23449	3.9271599999999998	4.89513	1.25325	4.83015	4.4612300000000005	1.48992	0.68174	3.3876700000000004	1.64802	0.0	0.0	0.0	0.0
Node 32		2.10221	3.4907	3.40388	3.0758400000000004	3.5630599999999997	5.536379999999999	1.8516899999999998	5.91303	3.28339	2.94996	2.51718	4.92267	3.37139	2.77923	3.4724600000000003	5.72586	4.17236	3.5572899999999996	3.0328399999999998	0.0	0.0	0.0	0.0
Node 122		1.5515400000000001	5.28975	5.005380000000001	2.2528699999999997	0.67551	3.2825100000000003	2.2075299999999998	4.0846800000000005	2.24265	1.6654200000000001	3.24708	4.93239	0.66653	3.31416	1.20339	1.4123	5.43016	5.056970000000001	1.46344	0.0	0.0	0.0	0.0
Node 111		1.66413	6.4894099999999995	4.10693	1.60793	2.1172	2.63559	3.02154	6.13494	2.35175	1.4331	1.7723200000000001	1.38797	1.71494	3.2833599999999996	2.71227	3.8836799999999996	3.0729800000000003	4.4475	2.3466299999999998	0.0	0.0	0.0	0.0
Node 84		4.899839999999999	1.5441699999999998	4.16623	2.37521	5.59531	3.0143199999999997	5.55502	7.05485	4.1274999999999995	1.74424	3.60515	1.64313	1.29786	4.95093	4.27559	1.48992	5.30042	2.86518	3.04523	0.0	0.0	0.0	0.0
Node 189		4.78684	7.12956	2.54957	4.054250000000001	1.6323299999999998	5.76041	3.32984	4.64894	2.39351	0.8031	2.56698	1.6495	1.83415	3.74457	2.16986	0.76916	3.85593	0.80423	5.95343	0.0	0.0	0.0	0.0
Node 125		3.77353	1.41386	1.82762	4.0044	0.78836	3.21586	2.26195	0.947	3.15388	2.14784	0.91589	5.44709	1.29786	6.11665	3.7936400000000003	2.17032	2.2423800000000003	1.51571	1.6142299999999998	0.7885700000000001	0.0	0.0	0.0
Node 184		1.6812299999999998	4.34999	2.72813	0.0	1.41118	1.7764700000000002	0.63385	6.47673	1.8689	1.38374	1.7723200000000001	2.5922899999999998	1.9915200000000002	0.0	2.60577	2.38857	3.6777900000000003	2.49631	1.74085	0.0	0.0	0.0	0.0
Node 190		3.6514100000000003	2.31316	3.29285	5.3125100000000005	4.16845	5.61916	3.57477	1.91301	1.30128	2.99539	3.05936	4.75271	1.6156899999999998	2.49249	1.9538099999999998	2.93329	2.26973	2.96965	0.9303600000000001	0.0	0.0	0.0	0.0
Node 157		3.90644	3.1818199999999996	1.40515	2.96293	3.5106699999999997	4.613910000000001	1.98252	2.63767	2.33479	3.03864	5.74665	3.01903	1.92379	3.11295	3.2058400000000002	1.4859900000000001	3.97856	3.08891	3.07514	0.0	0.0	0.0	0.0
Node 54		2.51475	2.68483	0.8605099999999999	2.16081	1.3196400000000001	3.3817100000000004	2.774	2.73645	4.44313	3.5259199999999997	0.64885	1.2595	3.24862	1.8452799999999998	1.47508	2.03226	3.6692299999999998	2.10143	4.43328	0.0	0.0	0.0	0.0
Node 27		2.63528	4.03511	1.6059899999999998	3.70223	2.17349	1.54653	2.18437	2.19999	5.92979	3.1001600000000002	3.22744	2.36835	2.3098400000000003	4.88725	1.6232300000000002	3.96894	4.68311	1.17059	4.46904	0.0	0.0	0.0	0.0
Node 103		2.96026	2.4950900000000003	2.67538	4.84729	1.74518	3.1376399999999998	3.2372699999999996	3.78306	3.8391599999999997	3.8900499999999996	4.10086	2.5356	3.07925	1.29675	3.1384700000000003	1.68721	2.91105	4.057779999999999	1.9298	0.0	0.0	0.0	0.0
Node 19		3.2156700000000003	3.9167	3.3187800000000003	6.25098	4.7522	1.71855	1.3462699999999999	5.3328	2.08624	2.9707500000000002	5.36527	5.5022	1.22574	1.3024900000000001	5.053450000000001	3.49941	4.25599	2.1407700000000003	2.82386	0.0	0.0	0.0	0.0
Node 108		2.5255300000000003	2.48807	2.51004	2.96129	3.10872	3.2825100000000003	1.84443	4.15291	5.73317	0.0	2.65579	4.37339	2.45999	1.74237	1.7254599999999998	2.86512	4.2620499999999995	2.7390600000000003	3.2439299999999998	0.58672	0.0	0.0	0.0
Node 74		4.523689999999999	1.9532	4.33021	3.5274199999999998	1.6323299999999998	3.22388	1.89295	4.57705	3.93679	2.62644	5.7844	3.4780699999999998	3.55102	1.26176	0.52705	4.00294	2.4111000000000002	3.05244	4.177440000000001	0.0	0.0	0.0	0.0
Node 139		3.17387	5.734439999999999	4.008500000000001	3.0914	3.7978699999999996	2.26057	0.0	6.47673	3.29814	3.61181	4.7326	3.9994799999999997	2.28918	3.25613	3.1284300000000003	3.7262299999999997	1.21259	3.34243	1.14851	0.0	0.0	0.0	0.0
Node 156		1.61156	3.2459700000000002	1.72934	2.27714	1.7629100000000002	3.8318499999999998	1.55336	2.69707	3.80471	3.0219	2.68704	4.055070000000001	3.9059700000000004	2.17583	1.68897	2.72278	0.67579	2.85895	0.7885700000000001	0.0	0.0	0.0	0.0
Node 30		0.7501599999999999	3.8885500000000004	3.4771499999999995	1.45183	6.1315	3.1997	2.5953500000000003	2.28978	2.59452	4.53885	2.6569599999999998	2.4766	2.1657699999999998	1.80303	2.07471	2.62475	3.28105	4.1615	2.67121	0.0	0.0	0.0	0.0
Node 90		4.052560000000001	5.93411	2.69851	2.29413	2.20904	1.36233	2.5191399999999997	2.53076	2.3914	0.72	1.6763199999999998	2.19471	1.6198899999999998	1.50461	2.0021299999999997	3.83997	3.0961499999999997	3.68505	6.489269999999999	0.0	0.0	0.0	0.0
Node 33		1.6812299999999998	4.623469999999999	1.93497	2.93091	3.8737500000000002	1.91407	0.5576399999999999	6.91391	5.6026	1.2944	1.8377999999999999	2.5356	2.11878	0.75548	2.2160200000000003	1.4203199999999998	2.7227	2.83758	3.0086999999999997	0.7885700000000001	0.0	0.0	0.0
Node 67		2.23695	5.26459	1.6785	6.55587	1.6687899999999998	1.5739800000000002	3.2028800000000004	2.9451	2.19925	3.0869500000000003	4.35182	3.4988400000000004	1.39493	2.94545	2.35548	2.48004	2.04096	2.47695	1.49162	0.0	0.0	0.0	0.0
Node 99		2.8911	3.08167	2.70712	2.52387	2.95799	0.8491000000000001	6.276039999999999	1.80057	2.62468	2.43275	2.41125	1.53175	2.46404	1.99929	0.9975100000000001	2.16921	3.79361	4.23254	0.7885700000000001	0.0	0.0	0.0	0.0
Node 4		2.27543	6.1661399999999995	0.0	1.31655	3.86216	3.13084	1.1914900000000002	5.0615	3.9760999999999997	0.8031	3.38555	2.5356	3.12012	4.72802	0.53181	4.0328	0.9007299999999999	1.8539900000000002	0.53308	0.8099999999999999	0.0	0.0	0.0
Node 58		2.5951999999999997	2.5618	3.1472399999999996	2.16675	5.24992	5.21887	3.98878	3.3936	4.64023	0.7439699999999999	2.28791	3.9010299999999996	2.87094	1.7265	0.78362	4.40283	3.14613	5.2144	2.05016	0.0	0.0	0.0	0.0
Node 93		2.41666	4.06808	4.22351	1.2589899999999998	2.49311	3.2327799999999995	2.18578	4.38834	4.19822	2.3749	4.10192	4.47519	2.6733	3.26116	2.7661700000000002	2.69712	5.56994	3.46462	2.30565	0.0	0.0	0.0	0.0
Node 29		3.1473899999999997	3.4042299999999996	2.37226	1.33368	4.21267	2.36676	2.6739200000000003	2.08124	2.38551	2.65503	2.44342	1.5413299999999999	4.61766	1.30316	4.15601	2.2219800000000003	4.17024	3.09923	4.08139	0.58672	0.0	0.0	0.0
Node 161		4.56724	1.50729	3.4737299999999998	3.8884799999999995	3.85768	5.23942	3.05889	3.49789	1.20742	3.77316	4.0466	2.38848	2.62385	3.13752	3.1029299999999997	3.12321	3.91251	6.65851	2.32964	0.0	0.0	0.0	0.0
Node 182		1.61156	1.17467	3.65486	2.6734299999999998	1.50846	5.5039	3.85234	2.30483	2.30983	1.64761	5.40816	4.37339	3.46399	1.4267	3.19116	3.66347	1.33024	3.08203	4.80465	0.0	0.0	0.0	0.0
Node 51		2.0090299999999996	2.66859	3.2315499999999995	1.82204	3.00563	3.85019	2.25751	2.03783	1.68209	5.34778	2.94174	3.69182	1.43595	5.06403	2.32177	3.7031099999999997	2.21571	2.7918499999999997	2.2525	0.0	0.0	0.0	0.0
Node 36		3.26239	2.3416	3.55951	5.72423	1.5944500000000001	5.98269	3.556	2.25922	1.80313	2.87268	3.21957	2.05437	1.70636	2.9378499999999996	0.0	7.173559999999999	4.4238100000000005	2.44538	2.45802	0.0	0.0	0.0	0.0
Node 131		2.51673	2.54009	1.40515	3.7382600000000004	5.10034	2.2897	2.67494	4.1462	5.19308	2.94413	2.97137	3.28134	4.5925899999999995	3.4778000000000002	0.8591899999999999	3.79771	2.69529	5.82679	4.65721	0.0	0.0	0.0	0.0
Node 149		3.65218	1.7889	1.7735	5.03211	2.66362	0.99807	1.74057	2.81583	5.31571	1.73695	2.43986	5.25697	1.1247800000000001	6.1003300000000005	1.21851	3.25509	2.97784	4.03172	1.88377	0.0	0.0	0.0	0.0
Node 24		4.27192	0.89593	1.40515	3.0565100000000003	2.9413	2.4334100000000003	0.5576399999999999	4.52107	0.53844	1.42825	3.9931300000000003	1.7886099999999998	3.8599799999999997	3.02092	0.86264	3.69481	1.81341	2.10143	5.8763700000000005	0.0	0.0	0.0	0.0
Node 48		1.55056	2.6645	2.4665	3.03436	2.2987	1.6232	1.12859	3.3822699999999997	5.78315	1.73695	2.32252	2.89561	4.91141	1.71047	2.69772	4.9834499999999995	1.369	3.3400499999999997	3.7051099999999995	0.0	0.0	0.0	0.0
Node 179		2.72775	5.27809	3.83488	2.11517	2.34617	2.26057	3.15299	1.9467499999999998	1.07724	0.72	1.8306099999999998	2.73026	0.0	3.11518	3.8588299999999998	4.45726	3.3306000000000004	4.37537	3.5563900000000004	0.0	0.0	0.0	0.0
Node 175		4.87719	4.27697	0.0	2.36877	3.36214	0.69743	5.13208	6.73176	1.70908	2.29608	3.83636	3.7274599999999998	5.93	3.31339	4.76789	4.80799	2.7905699999999998	2.66291	2.24244	0.0	0.0	0.0	0.0
Node 21		3.25216	1.40235	4.15451	4.03643	1.6323299999999998	3.71302	2.6193	1.4318199999999999	3.31189	2.3978200000000003	0.0	3.1526699999999996	2.38196	2.25831	2.262	3.9131199999999997	2.25443	4.18147	1.81022	0.0	0.0	0.0	0.0
Node 6		1.57133	3.4218699999999997	3.62551	6.32876	5.42972	4.72621	2.5787299999999997	2.89235	3.4846299999999997	2.98951	4.79119	2.15375	1.3617000000000001	3.1787	6.03428	4.04792	3.7363100000000005	7.047770000000001	2.23523	0.7885700000000001	0.0	0.0	0.0
Node 25		1.80739	4.13894	4.02684	2.92639	2.9413	2.31061	3.6580500000000002	3.5544800000000003	2.25711	4.8201	3.92584	1.8117	1.9944	1.4515200000000001	2.4494	3.1461900000000003	6.05591	1.5732	4.31796	0.0	0.0	0.0	0.0
Node 186		2.7959	2.5083	4.82533	2.0623099999999996	2.89824	3.72505	3.23156	1.464	1.3521800000000002	3.4318099999999996	0.5806399999999999	4.2629	1.9863	3.65187	2.08478	2.44597	1.89928	0.94126	3.25793	0.53308	0.0	0.0	0.0
Node 60		0.0	3.4866099999999998	1.85928	4.36065	3.50331	6.1786	2.57674	3.06229	2.81541	3.81089	2.98821	2.42692	5.0103599999999995	2.05864	2.95803	4.17189	3.9661299999999997	4.346019999999999	3.56972	0.0	0.0	0.0	0.0
Node 100		1.4995100000000001	6.3415	6.429169999999999	3.0853200000000003	4.90723	4.96635	6.16483	0.85667	2.06101	3.7429499999999996	0.64885	1.58965	2.74229	1.82789	5.51428	5.61297	0.8283699999999999	3.39864	2.71837	0.0	0.0	0.0	0.0
Node 45		2.31767	2.84913	2.54002	3.83764	3.8288200000000003	2.2169600000000003	0.0	3.51516	1.48526	4.79262	5.35645	3.0711399999999998	1.46266	1.50461	3.5595300000000005	4.78144	4.52199	3.5390800000000002	2.32757	0.0	0.0	0.0	0.0
Node 89		2.98375	1.80852	4.33899	2.54839	1.36354	1.54653	3.9873199999999995	2.40781	0.0	0.8776	6.40444	3.09274	2.5774	1.9993699999999999	2.47589	4.81173	2.75572	0.58487	3.00689	0.0	0.0	0.0	0.0
Node 119		4.69951	1.77266	2.4006	2.95472	2.65489	4.60441	5.14471	1.52565	1.7682	1.1357300000000001	4.16675	5.03716	5.16665	2.05797	1.6303100000000001	3.5149100000000004	2.25443	2.12933	2.99607	0.0	0.0	0.0	0.0
Node 194		5.2112	5.0281199999999995	1.5635599999999998	4.2621	4.5588999999999995	3.7391300000000003	2.50444	4.28273	1.81295	0.7439699999999999	2.85795	4.560779999999999	3.9499	2.05797	2.34298	2.4402299999999997	4.52199	3.0484899999999997	1.86121	0.0	0.0	0.0	0.0
Node 96		1.8161900000000002	1.52189	2.46761	4.05354	3.98114	4.88238	2.12431	3.75341	3.9706400000000004	4.02679	3.2529000000000003	4.77121	2.6429500000000004	3.94607	4.4569600000000005	4.54432	6.453939999999999	1.45868	3.0625	0.0	0.0	0.0	0.0
Node 164		4.23235	3.5615599999999996	3.2352499999999997	1.50806	2.22459	2.57767	5.74095	3.63055	1.06888	3.2372199999999998	3.05844	1.2595	2.16711	2.78542	2.40685	2.4122399999999997	1.36305	4.0693	2.45851	0.0	0.0	0.0	0.0
Node 86		3.41539	5.28928	4.392	3.9415	0.0	3.9878299999999998	3.6103499999999995	0.95414	4.43112	2.23918	2.38861	4.59767	1.3278699999999999	2.43917	2.88251	3.17713	1.8857700000000002	0.58487	0.7885700000000001	0.0	0.0	0.0	0.0
Node 113		2.57443	4.527550000000001	2.48531	2.30801	4.27699	2.08272	2.67152	4.49141	2.35275	4.42697	3.41608	0.53589	2.02475	1.28088	2.78233	3.44446	3.92877	1.49805	3.0238	0.0	0.0	0.0	0.0
Node 22		0.9139700000000001	0.7728999999999999	4.62949	3.15138	5.1252699999999995	4.49326	4.2144	2.49343	2.94715	6.2990699999999995	1.69913	2.40526	2.23496	4.717409999999999	2.17416	1.5986299999999998	1.6905400000000002	2.69082	1.3891	0.0	0.0	0.0	0.0
Node 165		3.62059	4.15114	4.8682099999999995	2.29413	3.9725900000000003	3.06847	2.56338	2.32972	0.9917699999999999	4.59896	4.42269	5.73079	2.91082	2.96463	3.26506	3.19356	3.77325	4.33882	2.0419799999999997	0.0	0.0	0.0	0.0
Node 82		4.98363	3.91843	2.2443	4.71383	3.2573499999999997	2.41598	4.41747	4.00537	2.92478	3.3374300000000003	3.16734	2.3060899999999998	2.99612	2.53629	4.1436399999999995	5.71049	2.46359	4.96518	3.25793	0.7885700000000001	0.0	0.0	0.0
Node 105		3.4738900000000004	2.4400999999999997	4.84591	2.24933	4.46202	1.6232	3.89706	1.55114	3.07179	0.5806399999999999	4.0408800000000005	2.91317	3.05795	2.1587	1.6232300000000002	6.41019	2.25826	1.2010399999999999	3.13964	0.0	0.0	0.0	0.0
Node 13		1.50974	2.38126	4.20998	3.5618999999999996	4.6888	3.5418600000000002	1.1914900000000002	3.1441700000000004	1.94054	0.0	4.946	1.31982	2.38196	0.75548	2.4997	1.46715	2.9972700000000003	3.08203	4.84597	0.0	0.0	0.0	0.0
Node 40		4.76589	4.97325	3.17898	2.37401	3.85722	3.2581100000000003	2.5191399999999997	1.73068	3.9034600000000004	3.2430399999999997	0.0	2.5360899999999997	1.8041399999999999	3.3123	5.24141	5.38016	9.2446	2.9097399999999998	2.94556	0.0	0.0	0.0	0.0
Node 151		3.8126399999999996	1.5837	2.75153	2.98976	5.02353	3.54394	4.18024	3.2064500000000002	3.8445	2.44118	4.16017	2.19533	3.29874	0.75548	3.59638	3.2112000000000003	3.21252	3.48498	2.13165	0.0	0.0	0.0	0.0
Node 174		3.6453800000000003	4.19048	4.269839999999999	3.10036	3.4087	3.18125	4.19421	2.2875	4.65637	1.6611399999999998	3.0523000000000002	3.79672	1.3278699999999999	6.56987	3.7233099999999997	4.00071	2.70081	3.8703799999999995	1.52766	0.0	0.0	0.0	0.0
Node 68		1.53444	4.73098	5.45245	4.78527	1.42208	3.91735	1.32525	3.6590900000000004	4.30884	1.70132	3.05844	6.05924	4.523	3.9616100000000003	1.40828	3.4326000000000003	4.13133	3.7279899999999997	4.6285	0.0	0.0	0.0	0.0
Node 153		0.0	1.8231000000000002	3.06027	3.34778	7.05803	2.08378	1.33063	0.85667	3.06948	1.38374	0.9411400000000001	3.73323	1.74533	3.1911	2.2495000000000003	6.02898	2.71675	4.18308	2.1987	0.0	0.0	0.0	0.0
Node 166		3.62935	4.33446	3.0920099999999997	3.85945	1.98448	0.75366	4.39762	2.86715	3.4871	1.27871	2.3479799999999997	4.4295599999999995	1.59613	1.47149	3.02083	0.0	5.34047	4.31878	2.86016	0.0	0.0	0.0	0.0
Node 50		3.80928	2.50809	4.93645	4.817629999999999	2.23235	1.45109	2.90911	1.8958	7.34735	0.9411400000000001	1.69933	2.14315	2.0936500000000002	1.5204799999999998	2.36193	5.74928	4.55028	1.83596	3.74498	0.0	0.0	0.0	0.0
Node 78		1.53444	3.19072	3.1898500000000003	2.34491	2.88211	4.23971	1.97006	1.33621	3.66789	1.57608	4.65953	5.57238	3.13072	2.83217	1.91028	2.93695	2.9552	1.2761399999999998	2.32708	0.53308	0.0	0.0	0.0
Node 41		3.06671	1.41386	4.2195	0.72635	3.86474	2.6673999999999998	2.67494	1.90114	3.2123	2.50993	5.60067	1.81121	1.74775	3.7939100000000003	0.52705	3.9471899999999995	4.3709	4.73184	2.20569	0.0	0.0	0.0	0.0
Node 0		2.3940300000000003	3.1391799999999996	0.7946099999999999	3.4673700000000003	2.7905699999999998	5.5473300000000005	1.41242	3.20354	3.56421	4.42422	4.01418	3.0341199999999997	4.05436	2.8021000000000003	5.62159	2.13396	3.74076	2.86267	3.16559	0.0	0.0	0.0	0.0
Node 11		4.07341	1.73969	2.36765	3.54168	2.33478	1.84717	2.52509	3.0795	2.06101	3.6519000000000004	4.759589999999999	1.3604	0.76578	2.93275	2.17441	5.0533	8.38193	0.50722	3.04523	0.0	0.0	0.0	0.0
Node 97		3.2872199999999996	0.59729	3.8994800000000005	2.9717000000000002	1.98448	2.2928	3.5781899999999998	2.66791	2.72202	1.29078	2.40357	2.73026	1.64604	0.0	3.69785	4.59497	2.92456	3.78572	2.83873	0.0	0.0	0.0	0.0
Node 8		6.32279	4.43578	2.3804	1.5632	3.4087	3.5131500000000004	0.5709500000000001	4.08693	3.83232	2.37918	4.1839	2.23905	1.3278699999999999	4.37199	2.24806	3.23306	3.8871999999999995	2.65727	4.7281200000000005	0.0	0.0	0.0	0.0
Node 17		3.5114199999999998	2.8508	1.40515	3.51531	1.3196400000000001	2.82275	3.15299	1.62134	3.9554400000000003	3.0752	2.58397	4.88128	3.5968	2.4638400000000003	3.97872	3.41995	3.47101	1.40134	1.2648700000000002	0.0	0.0	0.0	0.0
Node 198		4.10494	3.8684299999999996	4.28794	2.11517	4.2924	3.1247000000000003	0.0	4.61784	4.84717	2.80764	1.5836800000000002	7.45275	3.3127299999999997	5.718179999999999	3.1029299999999997	5.44317	2.40867	1.61705	1.6124699999999998	0.0	0.0	0.0	0.0
Node 106		4.10494	1.7889	2.26566	2.71408	0.0	5.6900699999999995	3.09604	3.68186	3.66828	0.7832399999999999	2.9302200000000003	3.51348	4.28436	3.1801700000000004	3.04568	0.91424	3.40547	1.44848	4.73731	0.0	0.0	0.0	0.0
Node 112		2.29954	2.2525	0.87538	2.79692	0.0	3.73982	3.86255	1.5117800000000001	3.9436899999999997	3.8506400000000003	3.3174200000000003	5.87952	4.39473	0.75548	1.2397200000000002	4.00992	1.17978	2.7142	5.45482	0.0	0.0	0.0	0.0
Node 31		3.8143499999999997	1.4733100000000001	1.63376	5.95069	3.8328800000000003	0.69743	3.32765	4.01321	3.12098	2.84367	2.3611	0.78379	2.74124	2.05223	3.01748	6.10786	4.48338	2.15807	2.33013	0.0	0.0	0.0	0.0
Node 107		3.20057	0.7728999999999999	4.02529	2.8249400000000002	0.66484	2.2093499999999997	2.1374	1.39154	4.03348	0.9180799999999999	4.85489	2.513	2.1073600000000003	2.00228	0.67634	3.1433999999999997	1.33619	1.74549	2.20928	0.0	0.0	0.0	0.0
Node 71		2.88037	2.50429	2.38068	2.37677	4.1558	4.65084	1.9857699999999998	1.52565	4.19022	2.08764	2.96286	3.09274	5.03391	2.4116999999999997	3.16584	5.73899	6.53645	1.97482	1.71893	0.0	0.0	0.0	0.0
Node 104		0.77273	5.1913	3.17898	4.47414	2.88023	2.36676	3.3419499999999998	3.46816	3.06384	2.0975	5.84233	2.73026	1.86749	2.76245	3.3511800000000003	3.7614799999999997	5.41495	2.0804199999999997	0.7885700000000001	0.0	0.0	0.0	0.0
Node 197		4.2311000000000005	3.74551	4.074330000000001	5.5661000000000005	3.33496	4.1242	4.04854	3.82098	2.62797	5.67461	2.90301	1.93142	1.55099	1.5204799999999998	4.5756499999999996	1.46715	1.50416	5.0578199999999995	4.63578	0.0	0.0	0.0	0.0
Node 167		2.24404	5.23256	3.3994400000000002	1.3694899999999999	2.20716	5.56811	2.33816	3.27362	5.07075	1.9063199999999998	5.5398000000000005	4.85178	2.7779000000000003	4.09571	0.8591899999999999	5.1013	1.48282	4.3291900000000005	1.71627	0.0	0.0	0.0	0.0
Node 76		1.70102	6.63461	4.04374	0.76458	0.62094	2.44978	0.0	0.80082	5.78315	3.17071	4.70504	0.0	1.69826	2.62009	2.96463	3.4294499999999997	3.39196	0.94126	4.4026000000000005	0.0	0.0	0.0	0.0
Node 160		3.12407	2.3859000000000004	2.36613	2.88034	4.94905	6.29874	1.97006	3.77193	1.06888	2.14686	2.40357	2.82936	2.12415	0.7491300000000001	2.34102	3.6809300000000005	5.1666799999999995	1.3538400000000002	3.9859999999999998	0.0	0.0	0.0	0.0
Node 28		1.38893	2.76968	4.16623	2.3783	3.5106699999999997	1.6131800000000003	4.48519	0.53029	4.91874	1.28454	4.757569999999999	0.98197	1.9287100000000001	2.5006500000000003	1.20339	5.3555	1.369	3.70924	3.9132599999999997	0.53308	0.0	0.0	0.0
Node 44		4.052560000000001	3.8931899999999997	5.03109	1.5632	5.4091000000000005	2.32063	1.1805299999999999	2.31197	3.79924	2.57409	4.52708	4.75152	1.3278699999999999	3.7740799999999997	5.32816	1.4859900000000001	4.01493	4.778919999999999	2.67121	0.0	0.0	0.0	0.0
Node 170		4.28552	2.7394499999999997	0.89225	0.0	5.99515	0.8491000000000001	4.4824	7.05485	2.16211	5.31395	6.487769999999999	3.87927	5.69067	1.5268300000000001	2.49317	4.82848	2.3832	6.2575199999999995	0.7508199999999999	0.8099999999999999	0.0	0.0	0.0
Node 114		1.55056	4.31119	3.14958	2.81391	1.4187999999999998	2.08272	3.7990500000000003	2.65092	4.691879999999999	3.02773	3.5709299999999997	5.17003	3.61429	1.5204799999999998	2.51928	2.9790799999999997	4.551229999999999	1.51571	0.58672	0.0	0.0	0.0	0.0
Node 39		3.09792	0.7728999999999999	6.23015	1.38882	4.62312	3.10431	5.97865	4.1683900000000005	3.15388	5.86421	4.6707	5.60869	2.14444	0.75828	2.83521	1.6645900000000002	3.44708	4.32118	2.07247	0.0	0.0	0.0	0.0
Node 193		3.86636	0.0	3.10509	2.50605	3.96665	6.50839	2.16142	2.9198000000000004	3.21532	1.10958	3.1287599999999998	2.63872	3.09654	4.22141	4.32357	3.30039	8.64621	1.83596	3.11299	0.53308	0.0	0.0	0.0
Node 46		2.48163	2.06239	2.54737	3.49832	3.7340600000000004	5.68046	1.1805299999999999	2.5226100000000002	1.80294	3.02919	2.15235	2.1036099999999998	3.06502	2.27596	4.93817	2.20832	3.1847	5.69835	1.34308	0.8099999999999999	0.0	0.0	0.0
Node 183		2.0055799999999997	4.62438	4.21103	3.1429699999999996	1.55975	2.7631699999999997	0.63385	3.04502	4.70563	3.74878	3.22155	4.77128	2.02475	2.65388	2.32177	3.88885	3.68495	3.8566700000000003	3.46499	0.0	0.0	0.0	0.0
Node 173		1.6523800000000002	3.4374000000000002	3.40353	4.47752	3.06922	0.69743	1.33243	2.27333	6.15331	4.200410000000001	1.56402	4.21269	2.01479	3.30786	3.8588299999999998	1.72521	1.51563	4.23649	6.14296	0.0	0.0	0.0	0.0
Node 180		2.44773	1.39949	2.28673	2.0761499999999997	3.83322	0.0	1.43007	3.21068	5.0579600000000005	0.8031	2.32252	1.58505	2.76795	1.0382	2.70643	3.52371	3.27164	3.78273	2.44793	0.0	0.0	0.0	0.0
Node 14		3.6964499999999996	3.2418799999999997	2.13204	0.95934	2.70458	2.55091	2.3645099999999997	0.75032	3.9031000000000002	4.22478	3.2039999999999997	3.4160500000000003	1.3999899999999998	1.7422900000000001	3.0722	3.02855	2.19737	2.97089	1.95878	0.0	0.0	0.0	0.0
Node 192		2.1755199999999997	5.034870000000001	3.2645100000000005	2.4228	2.88804	0.85912	1.7514800000000001	2.6044899999999997	4.71807	2.29608	3.16583	1.31937	0.6968799999999999	3.55964	1.92986	1.50578	5.08681	2.7390600000000003	1.71627	0.0	0.0	0.0	0.0
Node 79		3.1650699999999996	2.48191	3.30675	2.2389900000000003	5.90839	1.5565499999999999	2.86475	1.4661600000000001	1.53057	3.01566	1.7337399999999998	3.27873	2.6429500000000004	1.28094	4.394089999999999	4.03611	2.74647	1.9333099999999999	5.52314	0.0	0.0	0.0	0.0
Node 188		2.33643	3.52115	3.3088800000000003	2.70939	2.21539	5.7817	3.71282	1.9005999999999998	0.59157	3.5884300000000002	3.2442800000000003	1.74113	1.3278699999999999	4.35831	4.4091499999999995	3.22879	0.0	0.0	2.45802	0.0	0.0	0.0	0.0
Node 16		4.07104	5.3138	6.273960000000001	2.11517	2.95541	2.02872	2.37442	5.575419999999999	1.53057	3.37082	1.5647399999999998	3.4860599999999997	2.91135	0.77135	3.3893899999999997	3.23306	1.51563	3.23088	5.8763700000000005	0.0	0.0	0.0	0.0
Node 59		1.6777799999999998	3.10142	3.1365499999999997	3.5274199999999998	2.31455	6.3945799999999995	3.5445200000000003	3.41655	2.33515	1.6611399999999998	3.66406	1.25901	2.11878	2.49058	1.21851	2.90631	6.21514	3.4452499999999997	3.00689	0.9308500000000001	0.0	0.0	0.0
Node 64		2.49137	1.3502800000000001	6.529840000000001	6.04188	3.08507	3.33961	2.52509	2.06801	2.80519	3.77752	5.929609999999999	4.32279	1.3052899999999998	3.9156700000000004	1.92986	2.97062	3.06529	3.5799900000000004	2.52893	0.0	0.0	0.0	0.0
Node 75		3.3149100000000002	3.4866099999999998	2.69851	3.5241000000000002	3.6677500000000003	3.51717	1.42077	4.22776	4.434769999999999	3.52477	3.9271599999999998	4.97839	2.39635	0.98681	1.68897	4.29809	7.1986099999999995	0.0	3.3290800000000003	0.0	0.0	0.0	0.0
Node 85		9.57063	0.9823200000000001	3.74479	2.73015	3.6098900000000005	2.4722999999999997	4.18391	2.25557	3.1575400000000005	0.71376	3.2442800000000003	7.732550000000001	2.7491399999999997	2.18701	2.50678	4.69315	2.8403500000000004	3.91055	0.0	0.0	0.0	0.0	0.0
Node 118		1.66413	2.66859	2.45375	2.12695	0.0	2.5446	3.5019799999999996	2.80641	0.8776	1.7527500000000003	4.76841	4.307790000000001	0.79901	0.75548	0.8591899999999999	2.34727	0.0	2.32313	6.677619999999999	0.0	0.0	0.0	0.0
Node 168		2.41196	5.83604	2.99849	0.8368499999999999	1.34104	2.23947	3.86642	6.87569	3.5155199999999995	1.48845	3.11869	1.48335	4.10217	3.70664	3.17443	3.8543399999999997	2.99702	1.37868	3.45416	0.0	0.0	0.0	0.0
Node 5		4.86491	4.55937	2.60052	2.07057	2.75777	3.4140499999999996	0.7124199999999999	2.53693	2.14644	6.22307	4.80902	3.2289600000000003	2.6733	1.55121	3.68326	3.3773	3.39073	1.16017	3.9608600000000003	0.7885700000000001	0.0	0.0	0.0
Node 55		1.8450399999999998	0.7728999999999999	1.72934	3.0526	3.1106000000000003	2.33806	1.5808499999999999	4.92479	4.34708	4.7118	3.75098	2.13676	3.14774	2.27596	1.20339	3.9202500000000002	3.89609	2.2778	3.04523	0.0	0.0	0.0	0.0
Node 20		3.31601	2.07655	4.00115	2.1195	1.50846	5.61445	2.79962	2.8476	1.09238	1.28495	4.95592	2.48389	2.85662	4.74512	3.17445	3.44446	4.436120000000001	0.80423	3.4122899999999996	0.7885700000000001	0.0	0.0	0.0
Node 191		1.89428	2.60935	1.72934	2.11517	3.12935	2.41762	2.5504800000000003	2.28978	3.06134	2.36761	4.70648	4.66033	2.62385	0.7491300000000001	1.66248	5.42433	6.74346	2.92694	5.1776599999999995	0.0	0.0	0.0	0.0
Node 87		2.17321	4.0639899999999995	3.3153200000000003	3.85945	4.4497599999999995	0.8491000000000001	3.53205	5.11777	3.9848300000000005	4.32992	6.36854	2.9629499999999998	1.4780200000000001	1.3024900000000001	2.9574599999999998	2.97442	2.58654	1.66108	3.75676	0.0	0.0	0.0	0.0
Node 146		0.7501599999999999	2.65733	1.54125	5.35108	3.6341900000000003	3.39053	1.32525	2.94291	1.58249	3.54777	2.25069	2.75501	3.3443	1.28729	4.03364	4.25976	2.1645600000000003	0.5744499999999999	2.45802	0.0	0.0	0.0	0.0
Node 116		2.37347	2.08467	2.2336	3.567	2.1386	3.21586	1.52509	2.80641	1.53718	3.31927	4.29202	4.47519	3.62206	1.68285	4.421	2.23631	2.41636	1.97486	2.85066	0.58672	0.0	0.0	0.0
Node 92		2.5716699999999997	1.39949	3.69878	4.35445	4.4497599999999995	5.459300000000001	2.3747399999999996	0.94646	4.75673	2.86686	3.27487	3.33366	4.1773299999999995	0.53114	3.55494	2.48004	6.00109	3.9954799999999997	3.79101	0.0	0.0	0.0	0.0
Node 110		4.21756	2.58142	5.005380000000001	3.36779	2.04516	4.49326	5.24273	4.33641	2.98297	2.02892	4.09688	1.74113	2.9541	0.53181	3.23578	3.11602	2.62271	3.9914400000000003	3.04474	0.0	0.0	0.0	0.0
Node 34		3.78849	2.92724	5.39238	0.78171	0.62094	3.1936600000000004	0.7785700000000001	1.39154	3.4627499999999998	3.52115	4.47914	6.7019899999999994	4.01668	2.59721	2.4895	3.36829	4.43157	3.5057699999999996	1.61198	0.0	0.0	0.0	0.0
Node 77		3.3914100000000005	3.6344300000000005	1.97096	3.7666600000000003	2.40918	2.32063	2.9911	3.48053	2.08607	0.0	4.14333	3.33366	2.97637	3.87469	3.10869	2.25998	4.47743	4.11656	0.9303600000000001	0.0	0.0	0.0	0.0
Node 69		1.5698699999999999	3.8983700000000003	3.1452599999999995	1.6870199999999997	1.50846	1.80895	1.32525	1.59047	2.76058	2.54302	4.01642	2.71903	2.97826	1.4267	4.810650000000001	3.8202	6.59781	3.6915700000000005	2.67121	0.0	0.0	0.0	0.0
Node 121		4.84391	2.3090699999999997	3.94836	2.9995399999999997	3.8967099999999997	5.09236	3.3036999999999996	4.10016	3.3490399999999996	1.57608	2.59289	5.15313	3.3443	3.8296099999999997	3.3879399999999995	3.2999100000000006	3.6730600000000004	2.2950999999999997	2.86425	0.9308500000000001	0.0	0.0	0.0
Node 195		3.86221	2.5597700000000003	2.5731	1.79619	5.48834	3.0775	1.32525	3.01466	2.08002	3.72572	5.5864400000000005	2.62481	4.483029999999999	4.38489	2.62771	2.86792	2.6151299999999997	1.8915899999999999	4.553249999999999	0.53308	0.0	0.0	0.0
Node 102		0.63877	3.2345699999999997	3.8152600000000003	3.93309	6.5738199999999996	3.16964	2.5757499999999998	5.21217	4.89236	3.93509	1.54775	4.4759899999999995	3.33197	1.5268300000000001	1.9870100000000002	3.2677400000000003	3.61748	3.93948	5.45482	0.0	0.0	0.0	0.0
Node 176		1.38893	2.54556	3.60003	2.93777	5.52762	2.27827	3.3823100000000004	0.5907199999999999	1.6608100000000001	7.04327	0.60562	2.63226	2.02354	3.20409	5.34262	3.63338	3.90135	2.80984	2.03529	0.0	0.0	0.0	0.0
Node 126		1.44317	8.08747	2.37226	2.64781	2.21539	3.97994	5.9208799999999995	1.80666	3.18464	1.4337600000000001	3.2769899999999996	4.4895	2.11878	2.97556	5.0208200000000005	4.99035	6.06439	2.14241	0.8099999999999999	0.0	0.0	0.0	0.0
Node 81		2.45671	0.9051699999999999	4.90222	2.67504	1.50846	1.6693300000000002	1.2590999999999999	2.96257	1.5789000000000002	4.42779	3.53502	1.96152	4.55686	5.02974	1.47671	3.1577300000000004	3.08258	3.26236	2.33013	0.0	0.0	0.0	0.0
Node 134		5.61667	5.5563	5.20359	2.14585	1.50001	3.02507	2.87013	2.85198	3.7585599999999997	4.6768	4.4575499999999995	2.59201	2.11181	3.19136	3.09923	4.02992	4.04315	3.41485	4.44874	0.0	0.0	0.0	0.0
Node 127		1.25887	2.25732	3.40515	1.58706	2.5695	3.16973	3.70717	4.70755	5.368930000000001	2.80764	6.58646	6.79911	1.46266	3.0559	2.97467	5.0644	3.02756	3.6915700000000005	4.67448	0.0	0.0	0.0	0.0
Node 88		5.92854	2.0925	5.65745	2.86538	0.6987	3.41164	4.66114	2.75013	3.3962899999999996	1.65385	5.99112	3.84597	2.41182	3.25613	3.67928	4.15727	0.67579	4.25359	2.2396800000000003	0.0	0.0	0.0	0.0
Node 132		3.94005	3.2192900000000004	5.8045100000000005	3.16097	1.2857800000000001	4.248600000000001	0.5466799999999999	3.2589699999999997	3.8310700000000004	0.9180799999999999	1.9168100000000001	1.47551	4.00185	4.55406	2.2424199999999996	6.947050000000001	1.36305	2.30162	2.45802	0.58672	0.0	0.0	0.0
Node 177		4.89097	2.55049	3.69437	1.50806	3.97632	5.61916	1.49099	9.22939	2.6025199999999997	3.3130300000000004	1.42347	2.8532100000000002	2.69597	0.90709	3.2500500000000003	4.194599999999999	3.56131	2.1407700000000003	3.14013	0.9308500000000001	0.0	0.0	0.0
Node 63		3.7825900000000003	2.69407	3.5606999999999998	2.9638	4.04331	0.8491000000000001	2.3836199999999996	2.5261	1.5709	0.9180799999999999	5.61662	4.2909999999999995	1.03514	3.54796	3.09341	3.04245	3.39196	1.93956	1.9647499999999998	0.0	0.0	0.0	0.0
Node 162		6.5343	2.61507	0.83915	1.0846099999999999	5.27207	4.3821699999999995	2.6848799999999997	3.9196500000000003	2.79484	1.27871	3.67711	4.09514	2.64585	0.97102	3.86117	3.3597599999999996	4.19839	2.12933	3.91385	0.0	0.0	0.0	0.0
Node 101		1.48559	5.50388	1.79548	3.02043	4.4270499999999995	4.4793199999999995	1.98252	2.99196	2.863	2.0553	3.2442800000000003	6.9455	3.2509499999999996	0.0	2.07471	0.73449	3.31653	5.7748	3.06201	0.0	0.0	0.0	0.0
Node 62		6.99297	3.4891900000000002	5.21864	3.20429	2.34164	2.83744	3.17694	1.26506	2.59945	2.73601	3.33747	4.08655	1.4958900000000002	3.5653799999999998	3.14893	5.65334	0.52533	2.21745	3.1187	0.53308	0.0	0.0	0.0
Node 2		2.5543799999999997	4.45208	0.83915	1.3694899999999999	2.54839	3.7784	1.48721	4.96696	3.12025	3.37271	1.3662	7.874499999999999	2.68023	2.78229	1.70892	3.00925	2.79418	1.9595000000000002	3.0448	0.8099999999999999	0.0	0.0	0.0
Node 148		1.82772	2.84913	4.69487	1.5632	3.12419	4.13624	1.49441	2.1028000000000002	4.21075	3.35235	3.99325	2.59985	1.78098	3.07199	0.76404	3.85253	3.17348	1.89717	2.73178	0.0	0.0	0.0	0.0
Node 169		1.66413	3.43602	3.01362	2.07057	0.79024	4.1445	2.65471	1.24189	1.70644	2.65883	4.6707	4.16876	1.74817	0.7491300000000001	0.0	4.03289	2.03198	5.0578199999999995	1.27714	0.0	0.0	0.0	0.0
Node 43		3.52834	3.2884700000000002	4.303570000000001	2.80165	2.108	6.01936	1.7514800000000001	5.28828	3.0129300000000003	3.1319	3.45854	3.4281800000000002	2.31677	2.17537	4.53862	1.9990899999999998	1.33776	1.3546900000000002	2.86016	0.0	0.0	0.0	0.0
Node 129		2.41491	1.77266	2.67538	2.2389900000000003	4.6356399999999995	4.20256	4.8156	1.32687	1.79477	4.44876	2.75252	3.91816	3.1609199999999995	4.22905	2.93325	4.02911	2.04096	4.5269200000000005	3.46882	0.0	0.0	0.0	0.0
Node 136		3.8480800000000004	1.56408	5.50287	4.97392	2.34617	6.484090000000001	2.04109	2.39385	0.59157	0.9180799999999999	3.72038	5.33533	3.20326	1.81202	0.0	0.97308	2.04096	1.35567	0.0	0.0	0.0	0.0	0.0
Node 52		1.37063	3.1588	4.11313	0.91919	5.11682	2.4722999999999997	3.2748600000000003	2.8775399999999998	2.87359	3.7345900000000003	2.68926	2.57932	3.5804799999999997	0.75548	4.41936	4.34641	1.5101099999999998	3.4647900000000003	0.58672	0.0	0.0	0.0	0.0
Node 61		5.63571	2.0870900000000003	4.55929	3.86366	3.0548800000000003	3.56068	1.49099	1.52565	3.6003100000000003	2.95852	3.35022	3.28134	3.48888	3.2904299999999997	3.7999699999999996	5.16634	4.84739	2.83283	3.11195	0.7885700000000001	0.0	0.0	0.0
Node 120		3.06091	4.15332	4.143800000000001	3.0758400000000004	1.42703	4.58861	4.98761	2.3407899999999997	4.53558	0.86232	3.2214199999999997	3.78579	2.16711	5.6237	2.55524	4.92919	3.12452	2.71522	3.13964	0.0	0.0	0.0	0.0
Node 128		3.2065	3.4577299999999997	1.7408799999999998	1.9679700000000002	2.14642	1.7403600000000001	2.34056	3.8723599999999996	4.87242	2.08181	1.43479	2.29333	4.93706	3.46244	4.454820000000001	3.3773	2.04096	4.38184	2.76831	0.0	0.0	0.0	0.0
Node 145		1.36718	5.27809	5.14323	3.86608	0.0	0.9867000000000001	1.8961999999999999	0.85667	5.78204	1.4331	3.93974	1.56574	3.14908	4.19556	0.69146	2.25442	2.9302200000000003	0.7689699999999999	2.9872699999999996	0.0	0.0	0.0	0.0
Node 49		0.62047	3.8719499999999996	4.31311	7.02093	3.0407300000000004	2.32063	1.73817	3.65076	1.85507	0.8031	3.0752800000000002	5.35153	3.1339400000000004	1.75816	1.20339	1.5635	2.0898	3.08382	3.02055	0.0	0.0	0.0	0.0
Node 140		4.25332	2.80662	5.80393	3.7575900000000004	3.1817100000000003	2.98597	1.12859	3.6157799999999995	3.4493799999999997	3.17071	2.91395	2.97302	1.4958900000000002	4.21776	2.99964	4.6323799999999995	2.33865	1.7450400000000001	3.85811	0.0	0.0	0.0	0.0
Node 53		5.091670000000001	4.45749	3.9970600000000003	3.626	5.1428	4.54336	3.4856	2.4764999999999997	2.43676	3.8001300000000002	3.99325	6.40894	2.54676	2.51364	2.30818	4.95948	2.4298699999999998	3.80644	0.0	0.0	0.0	0.0	0.0
Node 187		0.0	2.33669	4.11435	2.10112	0.78836	2.38514	3.49987	2.23619	1.80471	3.5149100000000004	3.1809900000000004	6.280710000000001	2.08459	0.75548	1.31067	3.1433999999999997	2.87316	2.88082	2.30348	0.0	0.0	0.0	0.0
Node 15		3.79397	1.66883	1.64785	2.98976	3.70433	3.97994	3.74329	1.80666	2.65222	4.561459999999999	2.42658	4.51976	3.4909000000000003	5.4787	0.76404	2.40305	3.01404	3.18754	3.24442	0.53308	0.0	0.0	0.0
Node 3		3.44322	3.63538	1.40515	2.79692	1.50846	3.3791599999999997	0.63385	2.7445500000000003	3.8068200000000005	2.4642399999999998	3.3216500000000004	3.37502	1.89696	3.64052	1.24448	1.5541	4.85362	4.93917	1.9298	0.8099999999999999	0.0	0.0	0.0
Node 163		2.26088	4.0639899999999995	3.4653499999999995	2.45006	2.88979	3.01423	0.5466799999999999	4.33271	3.85551	5.60308	0.9219099999999999	3.40935	2.62801	0.75828	4.01735	0.74864	6.5967	1.16017	4.12901	0.0	0.0	0.0	0.0
Node 26		3.1054	7.16672	2.9380699999999997	2.97477	1.7629100000000002	8.97973	2.38769	4.00169	3.59829	2.59346	2.2737	3.63287	3.6439199999999996	9.38219	2.35155	3.7804900000000004	4.04968	0.80423	2.86065	0.0	0.0	0.0	0.0
Node 9		1.8450399999999998	5.83527	5.21489	1.9214599999999997	4.70499	5.59213	2.18578	5.7040500000000005	1.58458	3.5079399999999996	5.23564	5.567069999999999	5.46832	4.6900699999999995	3.10869	2.78663	3.39196	6.06171	1.90837	0.0	0.0	0.0	0.0
Node 185		3.9891900000000002	4.0458	5.83533	2.9778700000000002	2.1806900000000002	2.65326	5.510190000000001	2.8640499999999998	5.202459999999999	6.04214	3.06752	2.93831	1.43595	1.7484199999999999	1.9870100000000002	3.5232	3.67641	4.18308	1.5985699999999998	0.0	0.0	0.0	0.0
Node 130		4.06729	2.3170699999999997	4.20651	2.1599	2.16335	2.31061	1.88289	3.07694	2.01889	1.93254	1.7185599999999999	4.63955	3.60582	0.7126699999999999	2.09498	3.84671	2.92622	0.94126	3.0783899999999997	0.0	0.0	0.0	0.0
Node 109		2.3758399999999997	1.80852	5.27314	4.47069	1.98448	2.98275	2.5953500000000003	1.39154	6.01482	4.80813	3.78017	4.21504	0.98197	3.6213	2.50908	3.13743	1.18518	2.06489	2.11438	0.0	0.0	0.0	0.0
Node 172		2.13237	5.89963	3.24119	2.6809800000000004	3.2558499999999997	4.48656	1.2590999999999999	5.292870000000001	1.4133099999999998	4.3137300000000005	3.03808	4.29894	1.55014	1.51376	3.2399299999999998	2.99024	3.6968099999999997	3.3433400000000004	4.04906	0.0	0.0	0.0	0.0
