Node 192		0.0	0.0	0.89593	2.23446	0.78836	0.85912	0.9032500000000001	0.52605	0.94646	0.72	0.0	0.0	1.58505	0.8591899999999999	1.4618	0.86264	0.76916	0.0	0.58487	0.0	0.0	0.0	0.0
Node 30		0.0	0.0	0.0	0.0	2.8443199999999997	0.0	0.0	1.30314	0.0	0.0	0.0	0.0	0.0	0.0	1.63399	0.95605	0.73227	0.50722	0.0	0.0	0.0	0.0	0.0
Node 166		1.65533	0.5405	2.4888299999999997	0.0	3.7789900000000003	2.28321	0.85912	0.80082	0.0	1.69362	0.74617	0.0	0.0	1.04461	0.7491300000000001	0.0	0.50939	0.7976099999999999	1.6124699999999998	0.0	0.0	0.0	0.0
Node 131		1.6406	1.328	0.89225	0.0	0.66484	0.0	0.0	3.13805	1.5014100000000001	3.5137799999999997	0.0	0.0	0.76578	0.0	1.48402	0.0	0.0	0.0	1.64851	0.0	0.0	0.0	0.0
Node 154		1.8161900000000002	0.0	0.0	1.2842799999999999	2.0221	0.0	1.6673299999999998	0.52605	0.0	0.56495	0.81785	0.0	0.0	0.0	0.7491300000000001	1.95356	0.50939	0.0	0.0	0.0	0.0	0.0	0.0
Node 165		0.7501599999999999	3.47676	0.87538	0.0	5.04099	0.0	0.0	0.0	0.9997499999999999	1.13037	0.77742	0.0	0.0	0.5127999999999999	0.7491300000000001	1.7335	0.73227	0.0	0.0	0.0	0.0	0.0	0.0
Node 59		0.9051699999999999	0.0	0.0	0.72441	2.94214	1.69145	0.0	1.05634	0.72553	0.0	1.30878	0.0	1.49517	0.0	0.9975100000000001	1.50578	0.0	0.0	0.7508199999999999	0.0	0.0	0.0	0.0
Node 76		1.61451	0.0	0.0	0.0	4.63636	0.0	0.9544699999999999	0.0	2.44787	0.59157	0.0	1.47551	0.52886	0.90709	0.75548	1.6162200000000002	0.97308	0.7976099999999999	0.0	0.53308	0.0	0.0	0.0
Node 43		1.83624	0.89593	0.0	0.55987	0.68175	0.0	0.0	0.0	0.0	0.5388000000000001	0.71376	0.0	0.59592	0.6712199999999999	1.63195	0.0	0.0	0.94126	0.71766	0.0	0.0	0.0	0.0
Node 12		0.73543	0.59729	0.8167000000000001	0.0	0.67551	0.66484	3.3669200000000004	1.6030200000000001	0.0	0.0	0.0	0.57661	0.0	1.4998799999999999	0.8764700000000001	0.0	0.73227	0.0	1.5053	0.0	0.0	0.0	0.0
Node 69		0.9139700000000001	0.59729	2.57601	0.0	2.1770899999999997	0.0	1.65209	0.0	0.0	0.86232	0.0	0.0	0.0	0.7491300000000001	1.46815	0.0	0.50939	1.4927	1.27714	0.0	0.0	0.0	0.0
Node 122		0.0	0.69301	0.87538	0.0	0.8368499999999999	0.9032500000000001	3.74765	0.7785700000000001	0.0	0.72	1.6450699999999998	0.0	0.0	0.0	0.8764700000000001	0.86264	0.0	1.52613	0.0	0.9308500000000001	0.0	0.0	0.0
Node 93		0.0	0.5551	0.0	0.0	3.51104	0.88158	0.77479	0.9997499999999999	0.67434	1.2588	1.52941	0.0	0.52886	0.6712199999999999	3.2033	0.0	0.67579	0.0	1.68167	0.0	0.0	0.0	0.0
Node 196		0.0	0.69301	0.89225	0.91919	1.37421	0.0	0.0	1.8334300000000001	2.24538	0.0	0.0	0.8989	0.0	0.0	0.0	0.0	0.73227	0.0	0.9308500000000001	0.0	0.0	0.0	0.0
Node 13		0.0	0.69301	1.85936	1.11184	0.66484	0.75366	0.9918899999999999	0.5907199999999999	1.9189999999999998	0.56495	0.0	0.8989	0.0	0.0	0.0	0.0	1.50143	0.0	0.0	0.53308	0.0	0.0	0.0
Node 118		0.70934	0.98641	0.0	0.0	1.34659	0.0	0.7785700000000001	0.52605	0.0	1.48845	0.0	0.0	0.0	0.5127999999999999	0.97102	0.76916	0.0	0.94126	0.58672	0.0	0.0	0.0	0.0
Node 32		0.70934	0.0	1.7644199999999999	0.0	2.72906	0.0	0.9544699999999999	0.0	0.0	1.87652	2.12039	0.8989	0.0	0.0	0.0	0.68433	0.0	0.68162	0.9308500000000001	0.0	0.0	0.0	0.0
Node 136		1.42844	0.9051699999999999	0.87538	0.0	4.25049	0.76408	0.9918899999999999	1.32147	0.0	0.0	0.0	0.57661	0.8992500000000001	0.8591899999999999	0.7491300000000001	0.95605	0.0	0.0	0.7976099999999999	0.0	0.0	0.0	0.0
Node 48		0.0	0.0	1.75696	0.0	2.93754	0.0	0.92981	0.0	0.0	1.2588	0.0	0.0	1.49517	0.76578	1.6256	0.64314	0.73227	1.19764	0.5744499999999999	0.8099999999999999	0.0	0.0	0.0
Node 145		0.0	0.9051699999999999	0.7946099999999999	0.0	2.8443199999999997	0.0	0.9544699999999999	2.1682799999999998	0.67434	2.12076	0.0	0.8989	1.58505	0.76578	2.30067	0.0	0.0	0.50722	0.0	0.53308	0.0	0.0	0.0
Node 72		0.0	0.98641	0.0	0.0	0.79024	0.75366	0.0	3.36805	0.0	0.0	0.5887800000000001	0.0	0.0	0.0	1.39862	1.95356	0.68433	0.0	1.5053	0.0	0.0	0.0	0.0
Node 97		0.0	3.5698399999999997	0.0	0.0	3.6774500000000003	0.0	0.0	0.52605	0.72553	1.87652	2.29744	0.8989	0.0	0.53114	1.4618	0.0	0.0	0.0	0.0	0.53308	0.0	0.0	0.0
Node 175		0.0	0.0	0.89593	0.55987	0.68175	0.66484	0.9918899999999999	1.9962199999999999	0.0	1.42727	0.81785	0.8989	2.42508	1.60832	0.77135	0.0	0.0	0.0	2.32757	0.0	0.0	0.0	0.0
Node 20		3.14563	0.0	2.33344	1.26174	0.6987	0.0	0.0	0.77479	0.94646	0.0	1.7410700000000001	0.59592	0.0	1.66257	0.77135	0.0	0.50722	0.5744499999999999	0.0	0.0	0.0	0.0	0.0
Node 187		0.9139700000000001	0.7501599999999999	1.7676299999999998	0.0	3.848	0.0	0.0	2.07303	0.67434	1.13001	0.0	0.0	0.0	2.61528	0.8764700000000001	0.0	1.24166	0.0	0.0	0.0	0.0	0.0	0.0
Node 88		0.9139700000000001	0.0	1.75696	0.0	1.91551	0.0	0.0	0.77479	0.9192499999999999	0.74617	0.0	0.0	0.0	0.76578	0.97102	0.9975100000000001	0.0	0.0	1.26834	0.0	0.0	0.0	0.0
Node 138		0.70934	0.98641	0.7946099999999999	0.0	4.64448	0.0	0.0	1.30084	1.45805	1.28495	0.0	0.0	0.0	2.25129	1.39862	0.86264	1.50143	0.50722	1.986	0.0	0.0	0.0	0.0
Node 174		0.0	0.0	1.65448	4.7172	1.4523599999999999	0.0	0.9032500000000001	0.0	0.9997499999999999	0.7439699999999999	1.6933099999999999	0.0	0.0	0.0	2.61884	0.73599	0.0	0.0	2.50208	0.0	0.0	0.0	0.0
Node 197		0.73543	0.0	0.0	1.26174	0.0	0.6086699999999999	0.9544699999999999	1.8571600000000001	1.24563	0.72	1.6010900000000001	0.81785	0.52886	0.0	3.1417800000000002	0.0	0.0	0.50939	0.5744499999999999	0.0	0.0	0.0	0.0
Node 51		0.0	0.59729	0.0	0.88158	2.85539	0.0	0.0	0.7124199999999999	0.0	2.4785600000000003	0.91589	0.0	0.90709	0.53181	0.75548	0.95605	0.0	0.0	0.68162	0.0	0.0	0.0	0.0
Node 113		0.0	2.64621	0.88158	0.56581	3.55409	0.0	1.94636	2.01704	0.0	1.71781	2.28791	0.73577	2.848	0.66653	0.0	0.0	0.0	0.94126	0.7976099999999999	0.0	0.0	0.0	0.0
Node 21		0.70934	0.59729	0.0	1.26174	1.48706	0.0	0.9032500000000001	1.57939	0.0	1.56276	0.0	0.0	0.6712199999999999	0.0	0.0	0.97308	1.64038	0.0	0.71766	0.0	0.0	0.0	0.0
Node 8		0.9022199999999999	0.98641	1.75696	0.8368499999999999	0.0	0.0	0.0	0.92981	0.0	2.84782	0.0	0.0	1.43595	0.0	0.75548	0.86264	0.0	0.0	2.0748699999999998	0.0	0.0	0.0	0.0
Node 115		0.0	0.7501599999999999	0.0	0.55197	1.36354	0.76408	0.92981	0.0	0.0	0.0	1.6933099999999999	0.0	0.8992500000000001	0.97102	1.9936099999999999	0.0	0.76916	0.0	2.31518	0.0	0.0	0.0	0.0
Node 153		0.0	0.0	0.89225	0.0	3.63456	0.6602	0.0	1.8735499999999998	0.0	0.56495	0.9948999999999999	0.8989	0.0	3.35704	0.0	1.81869	0.50939	0.0	1.6589199999999997	0.0	0.0	0.0	0.0
Node 7		0.0	1.8161900000000002	1.75696	0.8368499999999999	0.75366	0.0	0.0	1.36551	1.47994	0.56495	0.91589	0.0	0.0	0.0	1.61812	0.0	0.0	0.58487	1.2648700000000002	0.0	0.0	0.0	0.0
Node 103		0.59729	1.67942	0.89225	0.0	0.0	0.0	0.0	1.30508	0.0	0.0	2.70647	0.73577	0.66653	0.5127999999999999	2.5601599999999998	1.92913	0.0	0.0	1.8721100000000002	0.0	0.0	0.0	0.0
Node 127		3.0569599999999997	0.9051699999999999	1.54111	0.72441	1.37421	0.9273699999999999	0.0	1.32687	3.9427	0.56495	0.9948999999999999	0.0	0.0	0.0	0.7126699999999999	2.46183	0.0	0.0	0.9308500000000001	0.0	0.0	0.0	0.0
Node 44		0.0	0.0	0.0	0.8368499999999999	3.63456	0.0	0.85912	0.5907199999999999	0.53844	0.0	1.3662	0.0	2.237	0.0	0.75548	1.6920399999999998	0.0	0.0	0.0	0.0	0.0	0.0	0.0
Node 54		0.0	0.0	0.0	0.0	1.48706	0.9544699999999999	0.77479	3.28277	0.0	1.31157	1.6010900000000001	0.0	0.66653	0.0	0.0	0.9975100000000001	0.0	0.50722	0.0	0.0	0.0	0.0	0.0
Node 143		0.70934	0.7501599999999999	0.0	0.0	0.66484	0.0	0.0	1.07697	1.94621	0.59157	1.6933099999999999	0.0	0.52886	0.0	0.8764700000000001	0.95605	0.0	0.0	0.0	0.0	0.0	0.0	0.0
Node 130		0.6201	0.0	0.56581	1.2842799999999999	0.66484	0.85912	1.4387699999999999	0.53029	0.0	1.85001	0.71376	0.0	0.66653	0.6712199999999999	0.0	0.95605	0.50939	1.45065	1.5608199999999999	0.0	0.0	0.0	0.0
Node 159		1.42844	0.98641	0.72441	1.4790599999999998	2.17069	0.0	0.0	0.52605	0.0	0.59157	0.0	0.0	0.90709	0.0	0.77135	0.0	0.50939	0.0	0.58672	0.0	0.0	0.0	0.0
Node 17		0.82211	0.0	0.56581	0.0	1.4532	0.0	0.6602	1.57939	0.0	2.81993	3.1725999999999996	0.8989	2.0240299999999998	0.8591899999999999	0.0	0.0	0.0	0.58487	0.9308500000000001	0.0	0.0	0.0	0.0
Node 19		0.0	0.0	0.0	0.70977	0.0	0.0	0.0	1.32687	0.0	0.53844	0.91589	0.8989	0.0	1.5736199999999998	0.0	0.64314	0.73227	0.0	1.26834	0.0	0.0	0.0	0.0
Node 0		1.8161900000000002	2.43534	2.73474	0.0	2.92061	0.76408	0.0	0.53029	0.5388000000000001	2.58013	0.0	0.0	0.52886	0.0	0.0	0.0	0.50939	0.0	0.0	0.0	0.0	0.0	0.0
Node 108		0.0	0.0	0.0	0.55197	1.3804500000000002	0.0	0.80082	0.0	0.50166	2.29608	2.58149	0.0	1.65592	0.0	1.68369	0.0	0.0	0.58487	0.0	0.8099999999999999	0.0	0.0	0.0
Node 73		0.0	1.5837	0.0	0.0	0.66484	0.0	0.0	1.32525	0.0	0.0	1.7723200000000001	1.47551	0.0	0.0	0.0	0.0	0.0	0.73227	0.0	0.0	0.0	0.0	0.0
Node 82		0.0	0.89593	0.0	0.0	0.88158	0.75366	0.0	0.0	0.0	1.31157	0.77742	2.29336	0.52886	0.66653	1.71018	0.86264	1.4166	0.0	0.68162	0.0	0.0	0.0	0.0
Node 125		0.9051699999999999	0.0	1.7676299999999998	0.96711	1.4532	3.57132	0.9032500000000001	2.7609399999999997	1.9189999999999998	3.4871600000000003	0.0	0.0	2.848	0.0	0.75548	0.0	0.0	0.58487	0.0	0.0	0.0	0.0	0.0
Node 81		0.0	0.98641	0.0	0.89225	0.8368499999999999	0.0	2.4791	1.12101	0.0	0.72	1.7439799999999999	0.0	1.49517	0.0	0.0	0.97308	1.50143	0.94126	0.58672	0.0	0.0	0.0	0.0
Node 176		0.0	0.73543	0.0	0.55197	4.63636	0.0	0.7785700000000001	0.0	2.16488	1.10375	1.6620599999999999	2.23059	0.6712199999999999	0.0	3.97516	0.97308	0.50939	1.09209	0.0	0.0	0.0	0.0	0.0
Node 60		0.0	0.0	1.8679899999999998	1.11184	2.0559600000000002	0.9032500000000001	1.6002399999999999	2.74737	0.0	2.29608	3.10576	0.0	2.8329199999999997	0.5127999999999999	0.97102	2.46183	0.50939	0.94126	0.58487	0.8099999999999999	0.0	0.0	0.0
Node 35		0.0	0.0	0.56581	0.72441	1.36354	0.76408	0.0	0.5907199999999999	0.0	0.0	0.81785	0.9891300000000001	1.80634	0.7491300000000001	1.24448	0.0	0.0	0.94126	0.0	0.0	0.0	0.0	0.0
Node 133		0.0	0.0	1.5675100000000002	0.8368499999999999	2.9074400000000002	0.0	0.0	2.77101	0.0	3.7366499999999996	0.0	0.0	0.0	0.77135	0.9975100000000001	0.0	0.0	0.50722	1.51757	0.0	0.0	0.0	0.0
Node 99		3.45679	1.6905400000000002	1.44739	0.0	5.35425	0.76408	1.6002399999999999	0.5466799999999999	0.0	2.4304900000000003	0.0	0.0	1.43595	0.0	1.5028299999999999	0.0	0.50939	0.0	0.68162	0.0	0.0	0.0	0.0
Node 155		0.93107	1.7365700000000002	0.88158	0.55197	3.7629	0.0	0.0	0.67434	0.0	1.42727	0.7832399999999999	0.0	0.0	0.0	1.62511	0.0	0.0	0.7976099999999999	0.53308	0.0	0.0	0.0	0.0
Node 40		0.0	0.0	0.0	0.55197	2.13683	0.0	0.9032500000000001	1.39987	0.0	3.6835199999999997	0.81785	0.8989	1.1247800000000001	1.61467	1.71018	0.0	0.0	0.0	0.9308500000000001	0.0	0.0	0.0	0.0
Node 96		0.0	0.5551	3.45817	1.52698	2.95905	1.51774	0.85912	1.6030200000000001	0.72553	0.0	2.1528	0.8989	1.43595	0.53114	0.0	3.33269	0.0	1.69208	0.71766	0.0	0.0	0.0	0.0
Node 22		0.69301	0.0	2.4083	0.55987	2.2620299999999998	0.0	1.55336	0.0	2.66297	1.49118	0.0	0.0	0.0	0.0	0.7126699999999999	0.74864	0.0	0.0	0.0	0.0	0.0	0.0	0.0
Node 15		0.0	0.70934	0.7946099999999999	0.91919	1.4889400000000002	0.9273699999999999	0.6602	2.29181	0.0	1.28495	0.91589	0.0	1.88838	0.0	0.77135	0.0	0.0	1.4927	0.58672	0.0	0.0	0.0	0.0
Node 49		1.6376499999999998	1.9003800000000002	0.7728999999999999	0.96711	0.0	0.0	2.5675	2.49289	0.53029	0.72	0.9948999999999999	0.0	1.42811	0.0	0.0	2.50266	0.50939	0.0	0.0	0.0	0.0	0.0	0.0
Node 142		0.9022199999999999	0.98641	0.0	1.5329199999999998	2.8443199999999997	0.9032500000000001	0.0	4.81408	0.0	1.1033899999999999	1.7337399999999998	0.0	0.0	0.0	2.34462	0.73599	1.27855	1.09209	0.0	0.0	0.0	0.0	0.0
Node 183		1.62331	0.98641	0.0	0.0	1.36354	0.0	0.0	0.52605	0.7439699999999999	1.71781	0.0	0.0	0.0	0.66653	0.8764700000000001	0.9975100000000001	0.0	0.0	0.0	0.0	0.0	0.0	0.0
Node 11		0.0	0.5551	1.77131	0.72441	0.66484	1.53463	0.0	1.32687	1.74372	0.72	1.68998	0.0	0.59592	0.7491300000000001	1.24448	0.73599	0.0	0.55144	0.7976099999999999	0.0	0.0	0.0	0.0
Node 194		0.70934	0.5551	0.0	0.96711	1.45508	1.61278	0.0	1.36551	0.0	2.22836	0.0	0.0	1.51799	0.0	0.8764700000000001	0.0	0.0	0.0	0.7508199999999999	0.0	0.0	0.0	0.0
Node 140		1.65533	0.0	0.96711	2.32643	3.2978899999999998	0.0	0.0	1.3475000000000001	0.0	1.4880900000000001	0.0	0.0	0.0	0.90709	1.63054	0.0	0.0	2.64052	0.5744499999999999	0.0	0.0	0.0	0.0
Node 114		0.0	0.5551	0.0	0.55987	0.0	1.80895	1.94636	1.23847	2.62055	0.0	0.0	0.0	0.0	0.66653	3.31564	0.0	0.0	0.0	0.0	0.58672	0.0	0.0	0.0
Node 10		1.48559	0.9051699999999999	0.89225	0.0	3.7108700000000003	1.42409	0.0	0.52605	0.0	1.49118	0.0	0.0	1.9487500000000002	0.0	0.8591899999999999	0.0	0.0	0.0	0.5744499999999999	0.8099999999999999	0.0	0.0	0.0
Node 121		0.73543	0.0	1.44739	1.5466199999999999	2.1172	0.9544699999999999	0.0	1.9382199999999998	0.5388000000000001	0.0	0.81785	0.59592	0.66653	0.0	0.0	0.0	0.0	0.55144	0.0	0.0	0.0	0.0	0.0
Node 152		0.0	1.2903	0.0	0.0	0.6987	0.0	0.0	2.3213500000000002	1.53004	0.0	2.09257	0.0	0.0	0.90709	0.7126699999999999	0.0	0.0	0.0	1.62127	0.0	0.0	0.0	0.0
Node 29		0.0	0.0	0.88158	0.56581	0.0	0.0	0.67043	1.07273	0.0	0.56495	0.74617	0.0	0.0	0.0	0.8591899999999999	0.86264	0.97308	0.0	1.17159	0.0	0.0	0.0	0.0
Node 34		0.9051699999999999	0.98725	0.56581	0.0	3.9738	0.0	0.7785700000000001	0.0	0.67434	1.31157	0.0	0.0	1.42811	0.7491300000000001	1.30316	0.0	1.24166	2.07757	1.49162	0.0	0.0	0.0	0.0
Node 45		0.0	0.0	0.0	0.0	3.04415	0.0	0.0	0.0	0.0	0.53844	3.92512	0.0	3.4439200000000003	0.52886	1.6478199999999998	0.76916	0.0	0.0	1.50042	0.0	0.0	0.0	0.0
Node 185		0.6201	0.0	1.69828	0.0	1.36354	0.0	0.0	3.2264500000000003	0.67434	0.72	0.0	0.57661	0.0	0.75548	0.97102	2.27494	0.0	0.94126	0.68162	0.0	0.0	0.0	0.0
Node 87		1.6406	1.328	3.4115800000000003	0.0	3.01029	0.76408	0.0	2.03929	0.0	1.87652	1.50467	0.0	0.0	0.76578	1.6256	0.9975100000000001	0.0	0.0	1.50042	0.0	0.0	0.0	0.0
Node 31		0.9022199999999999	1.0956000000000001	1.4580600000000001	0.0	0.6987	0.0	0.67043	2.59326	0.67434	1.31157	0.0	1.3123799999999999	0.52886	0.5127999999999999	0.0	0.0	0.0	0.94126	0.0	0.0	0.0	0.0	0.0
Node 39		0.9139700000000001	1.46027	1.4352500000000001	0.56581	0.66484	1.80895	0.0	0.5907199999999999	1.6208	2.1145199999999997	0.0	0.81785	0.0	0.52886	1.5028299999999999	0.86264	0.0	0.50939	0.0	0.0	0.0	0.0	0.0
Node 33		1.44477	0.0	0.94772	0.0	0.79024	0.88158	0.0	0.53029	2.24538	2.87433	0.8989	0.0	0.0	0.0	0.0	0.86264	0.0	0.50939	0.8099999999999999	0.0	0.0	0.0	0.0
Node 90		0.7501599999999999	0.0	0.96711	0.89225	6.10835	0.0	1.71855	0.0	2.90128	0.0	0.0	0.0	0.90709	1.39033	1.28094	0.0	0.0	0.0	0.68162	0.0	0.0	0.0	0.0
Node 46		0.73543	0.59729	2.56592	0.8368499999999999	0.78836	1.6028799999999999	0.0	0.0	2.45728	0.0	1.5836800000000002	0.0	0.59592	0.5127999999999999	2.1036699999999997	0.0	0.0	0.55144	0.0	0.0	0.0	0.0	0.0
Node 57		0.70934	0.0	1.45212	0.0	0.68175	0.0	3.2159100000000005	1.07273	0.9997499999999999	1.9397600000000002	0.5887800000000001	0.9891300000000001	1.42811	0.0	0.0	1.6318	0.0	0.0	0.0	0.0	0.0	0.0	0.0
Node 141		0.0	0.0	0.0	0.0	0.0	0.0	0.0	1.3046200000000001	0.94965	1.33554	0.0	0.0	0.6712199999999999	1.26193	0.53181	0.0	0.0	0.7976099999999999	0.0	0.0	0.0	0.0	0.0
Node 61		0.9139700000000001	1.49322	1.69828	0.55197	2.1172	0.85912	0.0	2.5222700000000002	0.0	1.13001	0.81785	0.0	0.0	1.57831	0.0	1.6406500000000002	0.0	0.0	0.0	0.0	0.0	0.0	0.0
Node 161		3.47152	1.5837	0.89593	0.0	0.0	0.67551	1.88428	1.49099	0.50166	0.0	0.74617	0.0	0.66653	0.0	2.1036699999999997	0.0	0.0	1.13631	1.26834	0.0	0.0	0.0	0.0
Node 162		1.52232	0.0	0.0	0.0	0.78836	1.58757	0.9032500000000001	0.80082	0.72553	1.57608	0.5887800000000001	0.0	0.90709	0.0	1.7265	0.86264	0.0	0.0	3.35865	0.0	0.0	0.0	0.0
Node 151		0.9139700000000001	0.98641	1.68686	0.8368499999999999	0.66484	0.0	1.56345	0.0	0.9997499999999999	2.83452	0.74617	0.0	0.0	0.0	2.32734	0.95605	0.0	0.0	0.0	0.0	0.0	0.0	0.0
Node 1		0.0	0.7501599999999999	0.0	0.55987	2.98875	0.0	0.9918899999999999	2.60822	0.72553	0.0	0.0	0.0	0.52886	0.0	0.9975100000000001	1.95514	0.0	1.2691	0.5744499999999999	0.0	0.0	0.0	0.0
Node 5		0.0	0.70934	0.72441	0.56581	2.13057	0.0	0.0	0.0	0.0	1.49118	0.0	0.0	0.0	0.0	2.0364199999999997	0.0	0.0	0.0	0.0	0.0	0.0	0.0	0.0
Node 179		2.48911	0.0	0.89593	0.0	1.4889400000000002	0.0	0.0	1.3088600000000001	0.0	1.71781	0.91589	0.0	0.8992500000000001	0.0	1.74237	0.97308	0.0	0.58487	0.58672	0.0	0.0	0.0	0.0
Node 75		0.0	2.26612	0.0	0.0	2.90556	0.0	1.48721	0.5907199999999999	0.0	0.59157	0.74617	0.0	0.90709	0.0	0.0	1.65741	0.50939	0.0	0.9308500000000001	0.0	0.0	0.0	0.0
Node 128		2.7213600000000002	0.69301	1.8424900000000002	0.8368499999999999	2.98875	0.0	0.0	1.2590999999999999	0.0	0.0	1.4599300000000002	0.0	1.58505	1.7662799999999999	0.0	0.0	0.0	0.0	0.0	0.0	0.0	0.0	0.0
Node 132		0.0	0.0	1.44119	0.0	1.34659	0.76408	0.0	0.5907199999999999	0.9192499999999999	0.0	0.77742	0.0	0.59592	0.0	0.8591899999999999	0.0	0.0	0.7976099999999999	0.0	0.0	0.0	0.0	0.0
Node 134		0.0	0.89593	0.0	0.0	0.0	0.85912	0.0	1.94621	0.0	1.5146	0.5887800000000001	0.57661	0.66653	0.53181	0.0	0.0	0.0	0.0	1.68167	0.0	0.0	0.0	0.0
Node 67		0.0	0.0	0.8167000000000001	0.0	0.0	0.88158	0.0	1.1374	0.5907199999999999	1.42727	3.1372999999999998	0.57661	0.0	0.0	1.46815	0.64314	0.0	0.58487	0.69042	0.0	0.0	0.0	0.0
Node 98		2.36172	0.59729	0.0	1.43418	2.2541100000000003	0.0	3.5465999999999998	2.3801099999999997	0.9997499999999999	1.8477199999999998	0.0	0.9891300000000001	1.65592	0.5127999999999999	2.26531	0.97308	0.0	0.0	0.0	0.0	0.0	0.0	0.0
Node 144		1.80739	0.0	1.8231000000000002	0.70977	3.03348	0.0	0.67043	0.0	1.4209100000000001	0.0	2.51849	0.59592	0.0	0.0	2.92159	1.50515	0.0	0.0	0.0	0.0	0.0	0.0	0.0
Node 181		0.93107	0.0	0.94772	1.71843	0.0	0.85912	0.67043	0.5466799999999999	1.74372	0.99781	0.91589	0.0	0.0	0.0	0.0	0.95605	0.0	0.94126	0.0	0.9308500000000001	0.0	0.0	0.0
Node 101		2.5693	0.0	0.89593	0.96711	0.0	1.53463	0.0	0.0	0.0	2.1278200000000003	0.0	0.0	0.59592	0.6712199999999999	2.0958	0.0	0.0	0.0	1.26834	0.0	0.0	0.0	0.0
Node 147		0.0	0.59729	1.75696	0.0	0.0	0.0	0.67043	1.94621	1.8689	0.86232	1.91079	0.73577	1.43595	0.5127999999999999	2.43282	0.0	0.0	1.05866	0.58672	0.0	0.0	0.0	0.0
Node 120		0.0	1.6406	0.8167000000000001	0.89225	0.70977	0.0	0.0	2.16633	1.53004	0.0	0.5887800000000001	0.73577	0.59592	1.30021	0.97102	0.9975100000000001	0.0	0.0	0.5744499999999999	0.0	0.0	0.0	0.0
Node 56		1.52232	1.8099	3.20911	0.0	0.9273699999999999	1.53463	1.61467	0.0	1.26397	0.99781	0.0	0.0	1.43595	0.6712199999999999	0.0	1.50515	0.0	0.0	1.9101400000000002	0.0	0.0	0.0	0.0
Node 191		0.0	0.0	0.0	0.91919	0.0	0.0	0.0	1.36929	0.0	0.0	0.0	0.8989	0.90709	0.53114	0.75548	0.95605	0.0	0.0	1.3375400000000002	0.53308	0.0	0.0	0.0
Node 111		0.9022199999999999	3.18897	3.99428	2.23446	1.48706	0.76408	1.7292600000000002	1.30314	0.0	1.31157	1.52941	0.8989	0.0	0.0	0.0	1.50578	0.0	0.58487	0.0	0.0	0.0	0.0	0.0
Node 124		0.0	0.0	2.73842	0.72441	2.93754	0.9273699999999999	0.0	2.42185	0.0	1.27871	3.5060599999999997	0.0	0.8992500000000001	0.0	0.97102	2.57227	0.0	0.58487	0.68162	0.0	0.0	0.0	0.0
Node 156		0.0	1.56408	0.89225	0.0	4.63636	0.0	0.9918899999999999	3.06722	0.7439699999999999	2.14473	0.0	0.0	0.52886	0.0	0.8764700000000001	0.9975100000000001	0.73227	0.0	1.68167	0.0	0.0	0.0	0.0
Node 160		0.0	1.43643	0.96711	0.72441	1.3804500000000002	1.69145	0.7785700000000001	1.1374	0.0	2.8212	3.68237	0.0	0.0	1.8302100000000001	1.52753	0.9975100000000001	0.0	0.0	0.0	0.0	0.0	0.0	0.0
Node 63		2.34699	0.94772	0.0	0.0	2.28837	1.76237	0.0	0.0	0.0	0.0	0.81785	0.5887800000000001	1.43595	0.0	0.0	0.64314	0.0	1.19764	2.26839	0.0	0.0	0.0	0.0
Node 137		1.52232	0.0	0.0	0.89225	0.0	0.85912	0.0	1.9382199999999998	0.5388000000000001	0.56495	0.81785	0.0	0.90709	0.66653	0.7126699999999999	1.6406500000000002	0.73227	2.1333	0.0	0.0	0.0	0.0	0.0
Node 77		0.82211	0.0	0.0	0.0	0.70977	0.0	1.49099	0.0	0.9997499999999999	1.27871	1.40663	0.73577	2.1617	0.0	0.81486	0.86264	0.0	2.64052	0.0	0.0	0.0	0.0	0.0
Node 146		0.0	2.79631	0.0	0.0	1.4523599999999999	0.0	0.0	0.0	0.5388000000000001	0.99781	0.74617	0.0	0.59592	0.8591899999999999	0.0	0.0	0.0	0.0	2.30289	0.8099999999999999	0.0	0.0	0.0
Node 37		1.6404100000000001	0.59729	1.75696	0.0	0.78836	0.0	0.9544699999999999	1.76876	0.0	0.0	3.6498000000000004	0.57661	0.52886	0.0	0.0	0.0	2.18576	0.55144	0.68162	0.0	0.0	0.0	0.0
Node 2		2.36467	1.54151	1.77751	0.0	0.0	0.0	0.85912	0.7785700000000001	0.0	0.56495	0.99781	1.4880300000000002	1.26245	0.0	0.7126699999999999	2.3005500000000003	0.0	0.50722	0.0	0.0	0.0	0.0	0.0
Node 170		0.9022199999999999	1.9003800000000002	0.0	0.55987	1.36354	0.0	0.0	2.12607	0.0	1.42727	0.0	0.9891300000000001	0.0	1.37199	1.48402	0.0	0.0	0.0	2.0641	0.0	0.0	0.0	0.0
Node 117		2.51673	1.52691	1.65448	0.91919	0.68175	0.67551	0.0	3.23906	0.67434	3.29389	0.0	0.73577	1.1247800000000001	0.0	0.0	1.5986299999999998	0.50939	0.0	0.9308500000000001	0.0	0.0	0.0	0.0
Node 14		0.9051699999999999	0.59729	0.0	0.0	2.7038699999999998	0.76408	0.0	0.0	1.69043	0.0	1.99271	0.0	0.8992500000000001	0.0	0.8764700000000001	0.0	0.0	1.13631	0.0	0.0	0.0	0.0	0.0
Node 66		0.5405	0.73543	0.0	0.88158	0.0	0.0	0.7785700000000001	2.56631	0.0	0.56495	0.0	0.0	2.4843	0.0	4.95318	0.0	0.0	0.7508199999999999	0.69042	0.0	0.0	0.0	0.0
Node 116		0.0	1.15239	0.0	0.68175	0.66484	0.0	2.39424	0.77479	1.21278	0.0	2.23735	0.0	0.52886	0.77135	0.0	0.0	0.0	1.45065	0.0	0.0	0.0	0.0	0.0
Node 106		0.0	0.5405	0.0	0.0	2.13057	0.0	0.0	0.0	1.5935899999999998	0.7832399999999999	0.9948999999999999	0.0	0.5127999999999999	2.05229	0.7126699999999999	0.64314	0.0	0.55144	0.0	0.9308500000000001	0.0	0.0	0.0
Node 6		2.7213600000000002	0.0	0.0	0.0	2.13683	0.67043	0.9544699999999999	0.52605	0.0	0.0	0.99781	0.0	0.8992500000000001	1.543	0.75548	1.81869	0.0	0.0	1.39928	0.0	0.0	0.0	0.0
Node 26		2.5516199999999998	0.0	1.8293	0.0	2.0559600000000002	0.0	1.65209	0.52605	0.0	1.85001	0.99781	0.0	0.0	0.5127999999999999	1.58914	0.0	0.0	0.50722	0.53308	0.0	0.0	0.0	0.0
Node 85		0.9139700000000001	1.2903	0.0	0.72441	2.36864	1.42428	0.0	0.80082	0.0	1.4337600000000001	0.7832399999999999	0.73577	0.0	0.0	0.0	0.0	0.50939	0.0	0.9308500000000001	0.0	0.0	0.0	0.0
Node 126		0.0	0.9051699999999999	0.87538	0.0	0.0	2.2834	0.52605	1.83491	0.0	0.53844	2.27442	0.0	0.52886	0.90709	0.75548	0.86264	0.0	0.0	1.8721100000000002	0.0	0.0	0.0	0.0
Node 9		0.0	0.69301	0.0	1.3967200000000002	1.4532	2.51603	0.0	0.7785700000000001	1.07724	0.59157	0.74617	0.0	0.6712199999999999	0.5127999999999999	1.30316	0.0	1.24166	0.94126	0.0	0.0	0.0	0.0	0.0
Node 64		0.9022199999999999	0.70934	0.0	0.70977	1.36354	1.63524	0.0	1.3475000000000001	0.0	0.74617	0.81785	0.0	0.0	0.76578	0.8591899999999999	1.6318	0.97308	0.0	2.0748699999999998	0.0	0.0	0.0	0.0
Node 180		0.0	0.0	0.89225	0.0	1.37461	3.2332300000000003	0.77479	0.52605	0.94646	0.0	2.28209	0.0	1.26245	0.0	1.9936099999999999	0.0	0.0	0.0	0.0	0.0	0.0	0.0	0.0
Node 123		0.0	1.37019	0.0	0.0	3.16621	0.0	0.9918899999999999	2.0306100000000002	0.0	1.13001	2.59017	0.0	0.0	0.0	1.61812	0.9975100000000001	0.0	0.58487	0.0	0.0	0.0	0.0	0.0
Node 28		0.69301	0.0	0.7728999999999999	0.0	2.2620299999999998	0.0	1.7046	2.08171	0.94646	0.53844	0.7832399999999999	0.9891300000000001	0.0	1.41566	0.0	1.50515	0.68433	0.58487	2.33893	0.0	0.0	0.0	0.0
Node 193		0.0	0.69301	0.0	0.0	1.37421	0.0	0.0	2.21004	0.0	0.86232	0.0	0.0	0.52886	1.73566	0.97102	0.0	0.0	0.0	0.71766	0.0	0.0	0.0	0.0
Node 135		0.0	1.7189200000000002	3.30055	1.49813	0.0	0.85912	0.0	0.0	0.9997499999999999	2.66746	0.0	0.0	0.6712199999999999	0.90709	3.3092900000000003	0.73599	0.0	1.09426	0.0	0.0	0.0	0.0	0.0
Node 68		0.0	0.9051699999999999	0.0	1.56126	3.03348	0.0	0.0	0.77479	0.0	1.6062900000000002	0.74617	0.0	0.0	1.5304099999999998	0.0	0.0	0.0	1.09209	2.67644	0.0	0.0	0.0	0.0
Node 3		0.6201	3.20701	0.0	0.0	0.75366	0.0	0.9544699999999999	1.2515800000000001	0.0	0.0	2.47655	0.0	0.52886	0.0	0.0	0.0	0.0	0.0	0.8099999999999999	0.0	0.0	0.0	0.0
Node 94		0.5551	1.34745	0.89593	0.89225	0.66484	0.0	0.0	1.49608	0.0	2.45554	1.7337399999999998	0.0	0.0	0.0	0.77135	0.0	0.0	1.23949	2.20569	0.0	0.0	0.0	0.0
Node 16		0.6201	1.56839	1.8007700000000002	0.72441	3.9734	0.0	0.9032500000000001	1.6470599999999997	0.0	0.5388000000000001	1.6358899999999998	0.0	0.0	1.50461	0.0	0.0	0.0	0.58487	0.7976099999999999	0.0	0.0	0.0	0.0
Node 38		0.0	2.4796300000000002	0.0	0.0	1.48706	2.29363	0.0	0.0	0.0	2.63096	0.0	0.9891300000000001	1.1247800000000001	0.77135	1.63195	0.0	0.76916	0.0	0.9308500000000001	0.0	0.0	0.0	0.0
Node 53		2.36467	1.67942	0.0	0.55197	0.0	0.76408	0.0	1.32687	0.0	1.40076	0.0	0.0	3.01316	0.0	0.0	0.64314	0.0	0.0	0.9308500000000001	0.8099999999999999	0.0	0.0	0.0
Node 27		1.37026	0.9051699999999999	0.0	1.45212	0.67551	0.85912	2.60656	2.76472	1.74372	0.72	0.0	0.73577	0.0	4.28981	0.0	0.0	0.50939	0.50722	1.30253	0.0	0.0	0.0	0.0
Node 188		0.0	0.0	1.68686	0.0	3.80595	0.75366	1.6002399999999999	1.32525	0.0	1.49118	0.0	0.0	0.0	0.0	3.11597	1.5986299999999998	0.0	0.5744499999999999	2.86321	0.0	0.0	0.0	0.0
Node 52		0.9051699999999999	0.69301	0.87538	0.0	2.16257	0.0	0.0	4.141920000000001	0.0	1.25844	0.0	0.0	0.0	0.90709	0.8764700000000001	0.0	0.0	0.7508199999999999	0.0	0.0	0.0	0.0	0.0
Node 71		0.0	1.13779	1.75696	0.0	2.36864	0.85912	1.4489999999999998	0.52605	2.0237000000000003	0.99781	0.0	0.0	0.59592	0.0	0.0	0.64314	0.0	0.0	0.0	0.0	0.0	0.0	0.0
Node 18		0.0	1.50282	0.0	0.0	6.10835	0.0	1.6818199999999999	0.0	0.0	2.94836	0.0	0.0	0.0	0.0	0.53181	1.95356	0.0	0.0	0.0	0.0	0.0	0.0	0.0
Node 199		0.9051699999999999	2.4976700000000003	0.7946099999999999	0.0	0.0	0.66484	1.56345	0.0	0.94646	0.0	3.23849	0.0	0.0	0.5127999999999999	1.24448	0.97308	0.68433	0.94126	0.7508199999999999	0.0	0.0	0.0	0.0
Node 109		0.0	0.98641	0.0	0.68175	4.92328	0.76408	0.0	0.52605	0.0	0.56495	0.0	0.73577	0.0	0.0	0.0	0.0	0.0	0.94126	0.0	0.0	0.0	0.0	0.0
Node 168		0.0	1.7810200000000003	0.0	1.35605	1.37461	3.4434	0.0	0.7124199999999999	0.9192499999999999	2.1278200000000003	0.74617	0.8989	0.0	0.8591899999999999	0.75548	0.86264	0.0	0.55144	0.0	0.0	0.0	0.0	0.0
Node 158		0.9022199999999999	0.9139700000000001	2.7046799999999998	0.0	0.0	0.0	0.80082	1.36929	0.0	0.59157	0.5887800000000001	0.0	0.0	0.66653	2.8528000000000002	0.0	0.73227	0.0	0.0	0.53308	0.0	0.0	0.0
Node 178		0.6201	0.0	1.75696	0.0	0.0	1.51774	2.61679	0.5907199999999999	1.72528	1.74178	0.0	0.73577	0.0	0.0	4.5863000000000005	0.0	0.50939	0.94126	0.58672	0.0	0.0	0.0	0.0
Node 25		2.4274899999999997	2.38415	2.6433	0.72441	4.65327	0.0	0.9544699999999999	0.7785700000000001	0.9997499999999999	1.10375	0.0	0.0	1.1247800000000001	0.8591899999999999	0.0	0.68433	0.0	0.94126	0.0	0.0	0.0	0.0	0.0
Node 189		1.52232	0.98641	0.0	0.0	2.2557899999999997	0.76408	1.4387699999999999	0.0	1.07724	0.86232	0.0	2.0714300000000003	1.42811	1.4382300000000001	0.9975100000000001	1.64038	0.0	0.0	1.2839	0.8099999999999999	0.0	0.0	0.0
Node 104		0.70934	0.98641	0.0	0.8368499999999999	0.0	0.0	0.0	1.78515	0.0	0.71376	0.0	0.0	0.0	1.39033	0.7126699999999999	0.0	1.24166	0.58487	2.1019900000000002	0.0	0.0	0.0	0.0
Node 74		0.73543	2.23802	1.66999	1.3967200000000002	2.1688099999999997	0.0	0.0	0.7124199999999999	0.0	0.0	2.47655	0.0	0.0	0.0	1.74237	0.0	0.0	2.83096	0.0	0.0	0.0	0.0	0.0
Node 105		0.0	0.0	0.7946099999999999	0.0	1.54202	1.37275	0.0	2.76324	0.7439699999999999	0.72	0.0	0.57661	0.0	1.6728699999999999	0.8764700000000001	0.86264	0.0	0.0	0.7508199999999999	0.53308	0.0	0.0	0.0
Node 172		0.0	2.6325000000000003	0.0	0.0	1.36354	1.6232	0.9918899999999999	3.15868	0.0	0.0	0.74617	0.73577	0.52886	0.0	0.9975100000000001	0.0	0.0	0.0	0.0	0.0	0.0	0.0	0.0
Node 65		0.70934	0.89593	0.88158	0.0	0.68175	2.31609	0.77479	1.8735499999999998	0.0	0.53844	1.56402	0.57661	0.90709	0.0	1.58914	0.0	0.0	0.0	2.18159	0.0	0.0	0.0	0.0
Node 112		2.42806	0.0	0.56581	0.91919	0.70977	0.9273699999999999	1.88428	3.06722	0.0	0.71376	0.74617	0.0	0.0	0.97102	0.81486	0.95605	0.73227	0.0	0.0	0.0	0.0	0.0	0.0
Node 84		0.0	3.09769	1.38251	0.0	0.6987	0.0	0.77479	0.0	0.0	0.72	0.0	0.0	0.0	1.43231	0.0	0.95605	0.0	0.58487	0.0	0.0	0.0	0.0	0.0
Node 36		0.0	0.0	0.0	0.0	3.05227	0.85912	0.0	1.5132400000000001	0.0	1.1033899999999999	0.0	1.33169	0.0	1.52572	0.0	0.9975100000000001	0.0	0.0	0.71766	0.0	0.0	0.0	0.0
Node 50		1.6406	2.5094700000000003	0.89225	0.88158	3.4496400000000005	3.22608	0.9544699999999999	2.50542	0.72553	2.2802200000000004	2.1777	0.0	0.0	0.8591899999999999	1.7688599999999999	0.73599	0.0	0.50722	0.0	0.0	0.0	0.0	0.0
Node 95		0.70934	0.59729	0.0	0.0	0.0	2.18817	0.0	2.31575	0.0	0.94965	0.9948999999999999	0.0	0.52886	2.10945	1.58914	0.0	0.0	0.0	0.0	0.0	0.0	0.0	0.0
Node 164		0.0	0.98641	0.7946099999999999	0.55197	0.68175	2.66807	0.6602	0.53029	0.9997499999999999	0.71376	0.74617	1.3123799999999999	1.49517	0.53114	0.0	0.0	0.0	0.0	3.34321	0.0	0.0	0.0	0.0
Node 129		2.34699	0.89593	1.74233	0.0	4.13492	0.76408	0.9544699999999999	1.8334300000000001	1.4209100000000001	0.53844	0.0	0.0	2.237	1.27858	3.2624899999999997	1.9705899999999998	0.0	0.50722	0.0	0.0	0.0	0.0	0.0
Node 186		0.0	1.69575	0.89225	0.0	1.47011	0.0	0.0	0.0	1.21314	0.59157	0.0	0.0	2.0240299999999998	0.77135	2.31769	0.76916	0.0	0.50722	0.0	0.0	0.0	0.0	0.0
Node 83		0.9051699999999999	0.0	0.0	0.0	1.46387	0.0	0.67043	1.12101	0.0	0.7439699999999999	0.0	0.73577	0.52886	0.5127999999999999	2.33827	0.0	0.0	0.7976099999999999	0.8099999999999999	0.0	0.0	0.0	0.0
Node 198		0.0	0.59729	0.56581	1.75604	0.79024	0.9032500000000001	0.7785700000000001	1.54643	0.67434	1.42727	3.2799	0.0	1.43595	0.77135	1.5639900000000002	1.76667	1.24166	0.0	1.32527	0.0	0.0	0.0	0.0
Node 47		0.6201	0.0	1.65448	0.89225	0.68175	0.0	0.0	1.1374	1.5935899999999998	2.66746	0.0	0.73577	0.59592	0.5127999999999999	3.1953	0.0	0.0	0.94126	1.43244	0.0	0.0	0.0	0.0
Node 55		0.0	0.0	0.0	0.56581	2.17069	0.0	0.0	0.7785700000000001	0.0	1.28495	1.7723200000000001	0.0	0.0	0.90709	1.58914	0.86264	0.0	0.0	1.25607	0.0	0.0	0.0	0.0
Node 110		0.0	0.89593	0.87538	0.0	2.16257	2.37686	1.65209	0.77479	0.0	2.16765	0.0	0.0	0.90709	0.76578	0.8764700000000001	0.0	0.0	0.0	0.0	0.0	0.0	0.0	0.0
Node 100		0.0	1.50729	0.88158	0.55197	0.67551	2.68974	1.6249	0.52605	0.0	3.5137799999999997	0.0	0.0	0.0	2.03397	0.81486	0.86264	0.68433	0.55144	1.64851	0.0	0.0	0.0	0.0
Node 92		0.9051699999999999	1.0956000000000001	0.0	0.0	1.38528	0.6602	0.0	0.5466799999999999	0.9997499999999999	0.0	0.0	1.6346699999999998	0.8992500000000001	0.0	0.7126699999999999	0.0	0.0	0.0	0.9308500000000001	0.8099999999999999	0.0	0.0	0.0
Node 42		0.70934	0.0	2.5035600000000002	0.55987	3.04415	1.5977999999999999	2.6295800000000003	1.47516	0.0	3.7366499999999996	2.0799600000000003	1.56574	0.59592	0.7491300000000001	0.7126699999999999	0.0	0.55144	1.52613	1.27714	0.0	0.0	0.0	0.0
Node 190		0.0	1.54501	0.8167000000000001	0.89225	0.0	0.0	2.5034899999999998	0.0	0.7439699999999999	2.28276	0.0	1.49482	1.88838	0.0	0.64314	0.86264	0.68433	0.0	0.0	0.0	0.0	0.0	0.0
Node 184		0.0	0.0	0.91919	0.0	0.78836	0.67551	2.41702	3.06722	0.72553	0.0	0.7832399999999999	0.0	1.58505	0.0	1.73566	0.73599	0.73227	0.0	2.19919	0.0	0.0	0.0	0.0
Node 79		0.0	1.7810200000000003	0.0	0.0	1.48706	0.88158	0.0	1.32687	3.2017700000000002	1.3748099999999999	0.0	0.0	0.0	0.0	2.5926899999999997	0.95605	0.50939	0.58487	0.0	0.0	0.0	0.0	0.0
Node 89		0.69301	1.3327200000000001	0.7946099999999999	0.0	2.1305899999999998	0.0	0.9918899999999999	1.23847	0.0	1.71157	1.52359	0.0	0.59592	0.0	2.31769	0.0	2.01082	0.0	0.69042	0.0	0.0	0.0	0.0
Node 171		0.0	1.5837	0.94772	0.72441	0.78836	0.9273699999999999	0.9544699999999999	1.9962199999999999	0.0	3.66618	2.81056	0.0	0.52886	0.66653	1.74237	0.9975100000000001	0.0	0.0	0.0	0.0	0.0	0.0	0.0
Node 107		0.9139700000000001	0.0	0.0	0.55987	2.94214	0.0	0.0	1.97559	0.0	1.40112	1.33495	0.0	0.52886	0.66653	0.0	0.0	0.73227	0.94126	0.0	0.0	0.0	0.0	0.0
Node 149		0.0	0.98641	0.0	0.96711	1.49813	0.0	0.0	0.7785700000000001	0.50166	1.5412199999999998	2.3669200000000004	0.0	0.59592	1.6249699999999998	1.24448	0.86264	0.0	0.0	0.7508199999999999	0.0	0.0	0.0	0.0
Node 86		0.0	0.73543	0.0	1.52698	2.92519	0.0	1.66689	1.8571600000000001	0.7439699999999999	0.0	0.7832399999999999	0.73577	0.52886	0.7126699999999999	0.77135	0.95605	0.0	0.5744499999999999	0.0	0.0	0.0	0.0	0.0
Node 139		0.0	1.42844	0.94772	0.0	0.78836	0.76408	0.0	1.12101	1.50997	0.86232	3.1477	0.5887800000000001	0.52886	0.77135	2.8586400000000003	0.73599	0.0	0.0	0.0	0.0	0.0	0.0	0.0
Node 80		0.9051699999999999	0.8167000000000001	1.75696	1.6270900000000001	0.66484	0.85912	1.65209	2.03929	2.0237000000000003	0.0	0.74617	0.73577	0.0	0.53114	1.99996	0.95605	0.0	0.0	1.8427900000000002	0.0	0.0	0.0	0.0
Node 23		0.0	0.59729	0.88158	0.0	0.0	1.5417800000000002	0.0	0.0	0.0	1.28495	1.56066	0.73577	0.0	1.52572	1.7335	0.0	0.0	0.69042	0.0	0.53308	0.0	0.0	0.0
Node 78		0.0	1.67942	0.0	0.0	0.0	2.4055400000000002	0.0	1.30508	1.6740899999999999	2.30938	0.0	1.6346699999999998	0.90709	0.0	0.8764700000000001	0.0	0.0	0.0	0.5744499999999999	0.0	0.0	0.0	0.0
Node 157		0.0	0.0	1.8293	0.88158	1.5786000000000002	0.9032500000000001	0.9918899999999999	0.53029	0.0	4.3761	1.6010900000000001	0.8989	0.59592	0.53114	0.8764700000000001	0.97308	0.50939	0.0	1.6124699999999998	0.0	0.0	0.0	0.0
Node 119		1.83624	4.601439999999999	1.38251	0.70977	1.46387	1.89514	0.5466799999999999	0.0	0.53029	2.86103	0.0	0.73577	0.0	0.0	1.57186	3.5005300000000004	0.0	0.0	1.94649	0.0	0.0	0.0	0.0
Node 58		0.5551	0.70934	2.74462	0.0	3.05039	1.32504	0.9918899999999999	0.0	1.78157	0.0	1.37202	0.0	0.59592	2.2748500000000003	0.0	0.0	0.67579	0.0	0.5744499999999999	0.0	0.0	0.0	0.0
Node 24		0.6201	2.99213	0.0	0.55197	1.37461	1.64566	0.0	0.52605	0.53844	0.0	1.56402	0.0	1.43595	0.0	1.6256	0.86264	0.0	1.3048300000000002	0.53308	0.0	0.0	0.0	0.0
Node 148		1.80739	0.0	1.5190199999999998	0.55197	2.94214	0.0	0.0	1.57561	0.0	0.59157	1.40663	0.9891300000000001	0.0	0.0	2.5428800000000003	0.0	0.0	0.50722	0.9308500000000001	0.0	0.0	0.0	0.0
Node 182		0.70934	1.54501	0.7728999999999999	0.0	2.37052	0.85912	0.92981	0.0	1.86571	3.29389	1.40663	0.8989	0.0	3.33482	0.0	0.0	0.73227	0.55144	0.0	0.0	0.0	0.0	0.0
Node 173		0.0	1.49322	2.3227700000000002	0.0	2.17069	0.9273699999999999	0.0	0.52605	0.0	0.59157	0.74617	1.79982	0.0	0.0	0.0	0.0	0.0	0.0	0.53308	0.0	0.0	0.0	0.0
Node 163		0.0	0.69301	0.0	0.0	2.94214	0.0	0.92981	1.32525	0.9997499999999999	0.0	0.0	0.0	0.8992500000000001	0.0	0.0	0.0	0.0	0.0	0.5744499999999999	0.0	0.0	0.0	0.0
Node 62		1.62331	0.0	0.0	1.27638	1.47011	0.9273699999999999	0.9032500000000001	0.0	0.0	0.86232	0.0	0.0	0.52886	0.0	2.5171200000000002	0.0	0.73227	0.55144	1.69208	0.0	0.0	0.0	0.0
Node 150		0.0	2.50291	1.44119	0.88158	0.78836	0.0	2.48402	3.35554	0.0	0.56495	0.91589	0.0	0.0	0.90709	0.8591899999999999	0.64314	0.0	0.0	1.50042	0.0	0.0	0.0	0.0
Node 41		1.52527	0.0	0.87538	0.0	0.0	0.0	0.9032500000000001	1.91759	0.67434	2.71617	0.0	0.0	0.66653	0.0	1.63054	0.0	1.27855	0.0	0.58487	0.0	0.0	0.0	0.0
Node 70		0.9139700000000001	1.2906600000000001	0.0	0.0	1.4184999999999999	0.0	0.67043	1.9382199999999998	0.7439699999999999	1.87652	0.91589	0.0	3.01316	0.76578	0.7491300000000001	0.64314	0.0	0.0	0.58672	0.0	0.0	0.0	0.0
Node 177		1.6664999999999999	0.59729	0.87538	1.12568	1.58028	0.0	0.67043	3.3574800000000002	1.74372	0.56495	2.12039	0.0	0.52886	0.0	0.0	0.68433	1.70535	0.0	0.0	0.0	0.0	0.0	0.0
Node 102		1.52232	0.5551	0.8167000000000001	0.0	0.78836	0.0	0.9032500000000001	0.80082	0.9192499999999999	1.40076	0.0	0.59592	0.0	0.0	0.0	0.64314	0.0	0.0	0.0	0.53308	0.0	0.0	0.0
Node 195		0.9022199999999999	0.83915	1.6905400000000002	0.55987	0.70977	0.88158	0.0	0.7785700000000001	0.9997499999999999	0.94965	0.0	0.0	0.66653	0.8662700000000001	1.58914	0.0	0.0	0.0	0.0	0.0	0.0	0.0	0.0
Node 4		0.70934	1.51126	0.72441	0.8368499999999999	0.0	0.0	1.76668	0.5907199999999999	2.1238799999999998	2.0796599999999996	0.0	0.0	0.0	0.0	2.48479	0.0	0.67579	0.0	1.2921099999999999	0.0	0.0	0.0	0.0
Node 167		0.0	0.69301	0.96711	0.0	0.0	0.85912	1.94636	0.52605	0.50166	1.15652	2.24941	0.0	0.0	0.7491300000000001	1.63195	0.0	0.0	1.8897000000000002	0.58672	0.0	0.0	0.0	0.0
Node 91		0.0	1.2903	0.0	0.0	1.58028	0.85912	0.0	2.04353	0.9997499999999999	0.7439699999999999	0.81785	0.0	2.42508	0.97102	1.58914	0.0	0.0	0.0	0.0	0.0	0.0	0.0	0.0
Node 169		0.0	0.0	0.87538	0.0	0.78836	0.9273699999999999	0.0	1.70838	0.0	1.87028	2.72864	0.0	0.90709	0.0	0.0	0.0	0.97308	0.0	0.0	0.0	0.0	0.0	0.0
