Node 45		3.64391	3.78676	3.43153	0.72635	1.62607	0.63625	2.19533	3.16132	2.40817	2.51091	2.74087	4.87333	6.37895	6.586500000000001	2.30818	1.91243	5.53021	2.10632	1.16117	0.8099999999999999	0.0	0.0	0.0
Node 133		3.72057	2.2361	1.2465499999999998	2.7228499999999998	3.82336	1.3800700000000001	0.0	3.59912	1.06888	2.08538	4.28387	2.14315	1.41337	4.97549	5.43737	3.5208299999999997	3.50287	2.61573	2.93363	0.0	0.0	0.0	0.0
Node 177		4.2311000000000005	1.39408	2.9993100000000004	0.0	5.51489	1.60269	0.9918899999999999	5.84264	5.16462	4.54053	3.62422	1.62962	6.19265	1.93495	2.06603	2.14661	1.7105100000000002	3.77271	2.46467	0.0	0.0	0.0	0.0
Node 116		4.94422	2.99558	5.72584	1.3694899999999999	3.9870200000000002	3.1302299999999996	1.82774	3.49615	1.8928500000000001	2.29706	3.0210999999999997	5.24383	0.60098	2.81281	4.11269	0.0	3.2276	0.55144	2.72093	0.9308500000000001	0.0	0.0	0.0
Node 102		4.516719999999999	2.7328	0.87538	2.94252	3.6129300000000004	4.80948	1.9795900000000002	6.07642	1.8622	4.42155	3.70247	4.99587	2.92558	3.76417	2.31814	1.94743	3.6614099999999996	2.54857	2.09065	0.0	0.0	0.0	0.0
Node 99		4.00232	2.26612	3.4821	2.60057	5.21019	4.2501299999999995	1.1914900000000002	1.38696	4.70651	6.134930000000001	3.02126	2.9493	4.59339	4.20675	1.40281	0.0	0.98504	3.1304199999999995	2.97871	0.0	0.0	0.0	0.0
Node 88		1.53444	2.0634300000000003	4.12483	1.27832	3.7554600000000002	4.09211	1.72893	2.32662	2.27281	3.1585099999999997	2.75078	3.51348	3.7873799999999997	0.8591899999999999	2.6474	1.7809599999999999	4.03688	1.13631	0.68162	0.9308500000000001	0.0	0.0	0.0
Node 113		1.65188	1.49322	3.5685000000000002	0.72635	8.013480000000001	4.97369	2.12511	0.66898	2.7593300000000003	0.93385	0.5806399999999999	3.43811	1.42936	2.60775	4.657590000000001	5.28512	4.00252	4.10022	0.7885700000000001	0.0	0.0	0.0	0.0
Node 58		1.58627	2.99558	5.58762	0.72635	2.57667	2.27141	2.1998699999999998	2.25586	2.4236500000000003	5.55936	3.6458699999999995	1.93931	4.2146	3.48219	3.67203	4.8119000000000005	4.75069	2.92113	1.89555	0.0	0.0	0.0	0.0
Node 161		3.7694199999999998	2.97778	2.6201700000000003	2.59626	2.44388	5.41745	5.002680000000001	3.5888799999999996	2.33256	4.38356	5.49054	3.04951	2.10235	1.8389300000000002	0.9975100000000001	3.11803	1.6015000000000001	4.11837	1.40808	0.9303600000000001	0.0	0.0	0.0
Node 32		2.93818	4.0371999999999995	3.2688099999999998	1.87422	7.184419999999999	4.61576	1.4929700000000001	2.85947	2.94388	6.868670000000001	4.57139	2.3222199999999997	1.22574	3.27136	4.899	3.8178900000000002	3.8221600000000002	5.2262900000000005	0.53308	0.0	0.0	0.0	0.0
Node 138		3.7606100000000002	3.79381	4.38371	2.64781	1.59633	3.14766	4.058520000000001	1.48019	2.86775	0.0	3.6580399999999997	2.81889	3.2314299999999996	2.8696	4.84464	3.38262	4.26109	3.4027700000000003	3.4108899999999998	0.0	0.0	0.0	0.0
Node 34		5.6795100000000005	3.32584	2.50543	5.5127299999999995	2.48559	3.63097	1.9964099999999998	2.2607	4.06843	3.40073	3.95833	3.20007	0.0	3.03904	1.48546	1.52399	2.78911	2.7208300000000003	2.98961	0.9308500000000001	0.0	0.0	0.0
Node 66		5.12407	4.88947	6.61061	2.1670499999999997	3.3505	2.2885400000000002	2.84358	0.0	2.14607	4.6062899999999996	3.2816400000000003	0.95734	4.57552	3.61774	2.78675	1.41549	3.3048599999999997	2.6534999999999997	0.58672	0.0	0.0	0.0	0.0
Node 87		5.277769999999999	2.20933	1.2465499999999998	2.93327	2.1172	4.695819999999999	1.80016	4.87108	4.181150000000001	1.28495	4.92671	1.6311300000000002	4.7038	3.09463	3.68751	4.6099	4.43058	4.5472600000000005	0.5744499999999999	0.8099999999999999	0.0	0.0	0.0
Node 93		4.39607	5.75229	5.69388	3.13702	3.15636	0.0	1.43007	3.58174	4.41628	1.93166	1.42347	4.1904200000000005	2.70252	3.7896600000000005	3.65877	2.55012	3.24032	2.4783199999999996	4.31166	0.0	0.0	0.0	0.0
Node 11		1.78203	4.95136	3.86402	0.62094	3.97662	3.8570100000000003	1.36855	3.4507299999999996	2.42979	4.80287	4.421329999999999	0.66358	4.909199999999999	3.87611	5.7138599999999995	4.37655	4.26773	4.85587	1.83746	0.0	0.0	0.0	0.0
Node 19		3.8569	4.6666300000000005	3.36858	0.53264	1.42703	2.1552000000000002	5.1391800000000005	8.15099	4.970689999999999	5.712330000000001	4.0253499999999995	4.5468	3.6071400000000002	1.73594	2.83814	4.48013	4.974209999999999	1.30226	0.53308	0.9308500000000001	0.0	0.0	0.0
Node 78		2.99533	4.668	3.21983	1.09251	3.33306	3.3315400000000004	2.92219	4.260660000000001	0.5388000000000001	3.991	1.8377999999999999	2.30944	1.69826	0.53114	2.3691	3.89553	1.21259	3.8562100000000004	0.0	0.0	0.0	0.0	0.0
Node 173		2.3336099999999997	4.78448	4.1920399999999995	1.5632	1.39561	4.0478	4.07521	2.64666	1.07724	6.426819999999999	3.69246	2.25856	2.31904	2.78049	2.60193	4.04695	4.997999999999999	2.71974	2.83471	0.0	0.0	0.0	0.0
Node 56		1.8332899999999999	2.20024	6.62826	2.61111	0.95934	4.40665	1.49441	0.9337099999999999	1.07724	6.18619	3.0653300000000003	3.63507	2.22712	3.02924	3.12304	0.7311599999999999	1.3537000000000001	1.7459200000000001	2.99631	0.53308	0.0	0.0	0.0
Node 135		4.34121	1.6388099999999999	0.68074	3.04509	3.91554	3.64475	2.22013	3.10141	4.35294	5.38374	3.51459	2.82985	1.40631	4.46276	2.26655	3.57231	2.0354400000000004	3.4827700000000004	0.68162	0.0	0.0	0.0	0.0
Node 167		5.79758	4.20611	4.91024	2.6570799999999997	2.81197	3.5275	2.61226	4.43719	2.14607	3.57079	1.8377999999999999	3.3113499999999996	2.12499	2.7931500000000002	1.86015	3.10221	6.07692	2.48969	2.30565	0.9308500000000001	0.0	0.0	0.0
Node 72		2.41036	6.09312	1.96957	2.8249400000000002	3.00395	3.8408499999999997	3.3252099999999998	3.46923	2.21253	0.93385	0.9948999999999999	1.19269	1.82136	2.68318	4.28791	1.7523400000000002	3.92119	2.51174	3.3640299999999996	0.0	0.0	0.0	0.0
Node 25		4.66066	4.7103	4.5656799999999995	3.7108000000000003	5.32289	3.41003	4.96579	4.48691	2.23778	4.44974	1.6763199999999998	3.11944	3.2403800000000005	4.4420399999999995	2.74014	4.4227099999999995	2.40438	4.5975	1.32165	0.9308500000000001	0.0	0.0	0.0
Node 52		2.22884	4.03511	3.53999	0.53264	1.66291	2.27721	4.13306	2.53747	2.40762	5.39682	3.94281	0.0	2.56725	0.66653	6.54542	2.15238	6.06904	2.03885	1.35569	2.18529	0.0	0.0	0.0
Node 74		2.4527799999999997	4.01916	5.22213	2.9474299999999998	2.96354	3.7909400000000004	2.22013	0.52605	3.0373799999999997	2.5792200000000003	4.54516	2.49867	2.78857	5.18153	4.79682	4.0513	0.0	3.5138999999999996	0.0	0.9308500000000001	0.0	0.0	0.0
Node 55		2.97041	2.81997	2.29974	2.82911	4.39825	4.03767	3.00162	4.13399	3.09592	4.33197	4.82357	2.23393	2.26601	3.6846900000000002	4.7787999999999995	4.1458200000000005	2.5229	3.6649599999999998	0.53308	0.9308500000000001	0.0	0.0	0.0
Node 38		5.51148	4.70226	5.30937	3.90726	3.1732499999999995	6.15064	1.6624900000000002	2.4478199999999997	3.25704	3.76538	2.29739	0.72439	1.22574	3.44323	2.92643	2.5308	1.50416	3.5060000000000002	2.46082	0.9308500000000001	0.0	0.0	0.0
Node 163		2.13021	0.82211	3.27293	3.9233900000000004	2.57667	1.98324	3.26182	5.53224	3.47275	1.8592199999999999	1.79036	2.0299	2.07666	1.93495	2.90779	3.39744	2.92268	2.92611	1.2147	1.5985699999999998	0.0	0.0	0.0
Node 16		4.78797	2.28937	2.74465	2.1230700000000002	4.1325899999999995	4.60565	2.90822	3.22267	2.76784	0.8633	2.5555600000000003	3.04786	6.0752	3.12696	3.40497	1.50515	2.1859	3.1983699999999997	2.66415	0.8099999999999999	0.0	0.0	0.0
Node 89		6.22514	5.74529	5.56375	1.81886	1.42703	2.3035799999999997	4.2167	2.7279999999999998	4.15903	5.73047	3.4417000000000004	3.4154299999999997	6.18811	4.07305	1.31067	1.26929	0.52533	3.6712000000000002	3.91502	0.8099999999999999	0.0	0.0	0.0
Node 121		4.16632	1.60836	3.36858	0.70977	5.10364	4.10562	2.8058300000000003	3.9494000000000002	1.4371800000000001	2.27652	2.54265	5.27133	2.22712	1.73594	5.49801	4.0867	4.18365	3.81737	3.56814	1.74085	0.0	0.0	0.0
Node 143		1.46027	5.39592	4.24923	1.72392	3.3221800000000004	4.20081	1.1914900000000002	4.22096	4.4015699999999995	3.7350000000000003	3.70247	2.70445	3.44984	1.37199	1.21851	5.42608	4.81248	2.06019	3.02006	1.74085	0.0	0.0	0.0
Node 194		2.34994	2.2361	1.6869100000000001	0.70977	4.72961	2.41598	4.06727	3.7249600000000003	3.84356	4.70642	4.2131099999999995	4.56263	3.82675	5.90637	5.56314	2.2394600000000002	2.69206	3.3595699999999997	2.8891199999999997	0.0	0.0	0.0	0.0
Node 159		4.91643	3.49537	3.6848199999999998	3.43742	1.50846	2.95534	2.61226	5.47571	1.06924	0.71376	2.55094	1.2879699999999998	0.64855	4.99786	3.27679	0.74864	5.2609900000000005	5.28667	2.14506	0.7885700000000001	0.0	0.0	0.0
Node 166		2.60779	4.40208	3.42126	4.93881	4.16251	0.9032500000000001	2.29634	4.58012	2.04962	3.6844099999999997	0.64885	0.73577	1.42936	3.79644	3.48267	4.95325	4.1076	3.3110100000000005	1.32165	0.9308500000000001	0.0	0.0	0.0
Node 130		2.7670500000000002	1.37778	4.16254	2.0985899999999997	2.54197	3.82479	0.0	1.52511	2.20202	1.71781	1.8938	2.23393	3.70389	2.5090500000000002	2.20455	1.9679499999999999	4.12687	1.36625	2.2520100000000003	0.0	0.0	0.0	0.0
Node 188		1.43581	4.06426	2.4514899999999997	1.2589899999999998	2.54214	4.10369	0.0	5.50314	1.66322	3.08229	8.04125	3.06679	4.63256	2.8385000000000002	3.46309	4.418360000000001	1.2096600000000002	1.3891	1.1602899999999998	0.8099999999999999	0.0	0.0	0.0
Node 37		2.41491	1.44272	4.475	0.55197	4.07301	2.17163	2.85805	3.5703300000000002	5.88069	5.51671	4.40535	3.22306	2.07666	3.59709	3.1558	2.3648599999999997	3.01006	4.46724	1.10753	1.74085	0.0	0.0	0.0
Node 60		3.15991	3.27642	2.72192	3.4783099999999996	4.93977	1.3903699999999999	3.5416000000000003	3.6736	3.85076	5.17849	5.44615	3.6416700000000004	2.23496	2.81949	2.6062	3.3597099999999998	2.27009	3.44119	0.68162	0.0	0.0	0.0	0.0
Node 70		5.593	2.5618	3.66109	2.0985899999999997	4.57888	3.05795	2.55278	3.2245700000000004	5.14554	4.70064	2.93661	3.2571999999999997	3.33983	4.673229999999999	4.78534	1.6162200000000002	2.09532	3.3392	2.2520100000000003	0.9308500000000001	0.0	0.0	0.0
Node 193		2.18695	2.9731400000000003	4.41385	2.22903	4.85675	4.556430000000001	3.03645	5.3150200000000005	1.8128499999999999	5.6037099999999995	2.0574	1.32031	1.42811	3.8410399999999996	2.15504	5.29428	3.61212	2.05667	2.42863	0.0	0.0	0.0	0.0
Node 114		4.47581	4.67808	0.94772	2.23766	0.95934	3.3534599999999997	1.55336	2.27757	4.06948	3.93957	3.06926	4.3812	3.5665299999999998	1.2682799999999999	4.53862	3.04599	1.86309	6.09057	5.31032	0.0	0.0	0.0	0.0
Node 196		2.45376	2.9806	4.94898	0.53264	3.5198899999999997	3.8008599999999997	1.49099	0.5466799999999999	4.68421	2.5729800000000003	2.97122	1.42428	2.75112	3.63902	1.6167	3.04406	1.56286	3.1460299999999997	1.41578	0.9308500000000001	0.0	0.0	0.0
Node 8		5.04583	3.1805100000000004	0.56581	3.79115	4.19833	2.63695	5.63305	3.9408199999999995	2.10616	2.5792200000000003	2.67242	2.37238	5.35002	0.98681	3.06717	3.38975	2.0973800000000002	3.3753699999999998	2.76243	0.0	0.0	0.0	0.0
Node 186		4.09537	1.38354	0.84776	2.67504	2.64384	2.26057	2.12826	0.5466799999999999	2.29385	5.87175	6.394139999999999	5.94535	1.22574	1.29675	1.21851	4.97539	4.64251	3.02221	0.7885700000000001	0.0	0.0	0.0	0.0
Node 170		4.03899	5.66391	3.36858	3.2076100000000003	2.872	3.78518	3.6041499999999997	3.3251799999999996	3.5489	6.1275900000000005	4.42141	3.4216900000000003	4.2146	2.4832300000000003	3.07222	4.02761	5.18678	4.62293	3.89078	0.9308500000000001	0.0	0.0	0.0
Node 47		2.03309	5.4296	2.51128	2.06793	3.6275399999999998	3.4709	3.54903	1.47675	5.02261	1.29078	5.254840000000001	1.60164	1.77839	1.4382300000000001	4.24295	3.04361	5.19282	5.4768799999999995	2.77227	1.74085	0.0	0.0	0.0
Node 152		3.88736	3.5813200000000003	4.83525	1.81886	1.98448	3.6702	3.57394	4.323869999999999	4.67527	4.49175	2.52486	3.68507	3.86583	2.22062	3.6505799999999997	3.74414	1.24166	3.9174800000000003	0.68162	0.9308500000000001	0.0	0.0	0.0
Node 149		6.2142	3.46567	3.1672	2.7269200000000002	2.57667	3.2463400000000004	0.0	3.9451600000000004	5.05632	3.07118	4.67201	3.46288	2.46685	4.7647200000000005	3.52153	5.8780399999999995	0.0	6.69694	2.83873	0.0	0.0	0.0	0.0
Node 176		3.3579499999999998	2.4855300000000002	2.33964	2.19646	2.2426000000000004	2.31554	1.3422	3.86752	4.80123	4.78699	3.9703799999999996	2.1833299999999998	2.1746000000000003	5.17917	5.00168	2.2219800000000003	0.9756	4.43215	1.90837	0.0	0.0	0.0	0.0
Node 39		0.6354099999999999	5.851520000000001	4.98583	1.33368	1.69367	3.91757	1.8998399999999998	3.98992	1.9110200000000002	4.10393	4.50902	2.2011	1.1774099999999998	3.0594900000000003	2.88729	1.46805	4.2669	4.2182699999999995	2.00327	0.9308500000000001	0.0	0.0	0.0
Node 10		3.13106	5.77979	4.83525	2.2542199999999997	3.90551	4.572430000000001	3.55116	3.34085	1.48837	6.09673	5.35812	2.4489799999999997	2.30734	3.7858	1.39332	3.19223	4.17783	5.46417	2.16061	0.9308500000000001	0.0	0.0	0.0
Node 18		4.53927	6.082590000000001	4.475	2.59267	4.600280000000001	4.81855	6.22019	0.94646	4.05586	4.0579	3.98913	2.44929	1.03514	5.21176	2.60005	7.418810000000001	1.19665	2.95025	4.35579	0.8099999999999999	0.0	0.0	0.0
Node 128		3.88811	4.00189	1.58492	1.5632	3.2477300000000002	1.46509	3.77124	3.7207200000000005	2.90168	2.64542	1.5215100000000001	3.23186	5.992929999999999	3.8702599999999996	2.63744	2.1689599999999998	5.2406500000000005	1.8879799999999998	0.7885700000000001	0.9308500000000001	0.0	0.0	0.0
Node 198		1.5664799999999999	1.8031100000000002	4.24796	0.72635	5.1774000000000004	3.92254	3.5857300000000003	2.3824	3.2135	2.73476	3.85287	3.3929599999999995	7.33145	2.72224	3.7646699999999997	3.28611	2.97092	3.01875	0.58672	0.9308500000000001	0.0	0.0	0.0
Node 136		3.04279	4.57561	4.13528	2.29205	3.7442900000000003	3.5857300000000003	4.6693999999999996	1.49368	4.24476	2.5729800000000003	2.11237	4.36016	3.18412	3.5282099999999996	4.71341	4.7855300000000005	1.5101099999999998	5.32571	3.35806	0.9308500000000001	0.0	0.0	0.0
Node 174		3.45679	3.12145	2.42075	1.27832	5.79031	0.69743	2.00887	4.55369	1.44969	2.92262	1.7781399999999998	3.3945700000000003	6.264690000000001	2.50729	3.0801700000000003	2.51212	2.17225	0.65445	1.81022	0.0	0.0	0.0	0.0
Node 182		4.11396	3.0798699999999997	5.23069	2.21932	2.08364	3.96799	1.7327100000000002	4.66772	2.54441	8.43675	4.35629	3.39025	1.8812200000000001	2.4104	4.255310000000001	5.489850000000001	2.9960500000000003	2.7073199999999997	1.32165	0.9308500000000001	0.0	0.0	0.0
Node 140		4.10693	5.728219999999999	6.98132	3.3024400000000003	3.3827599999999998	3.69508	2.68794	1.47675	3.22936	6.20673	4.36725	4.3861799999999995	2.0465500000000003	4.13927	2.20455	3.2987599999999997	5.51935	6.12421	3.32854	0.0	0.0	0.0	0.0
Node 31		3.09155	3.86523	2.51534	1.3143500000000001	2.3919200000000003	3.46007	1.9549400000000001	3.0824000000000003	1.63167	1.8519299999999999	4.69167	1.77292	3.0695099999999997	3.03904	4.65628	2.99024	2.8679	2.92113	1.9603	0.0	0.0	0.0	0.0
Node 23		3.04737	5.260009999999999	4.3689800000000005	2.1178700000000004	2.76098	3.77557	1.42077	4.35315	4.87921	4.668880000000001	3.26	2.51982	3.32179	3.34883	2.35318	3.8508500000000003	2.9204600000000003	3.2654099999999997	2.95685	0.0	0.0	0.0	0.0
Node 17		2.9214	2.3170699999999997	4.95117	3.52566	3.1639800000000005	3.8677	1.64223	3.3582599999999996	4.34851	0.91472	3.5788699999999998	3.2474700000000003	1.53175	2.05223	2.73662	3.3049500000000003	3.026	0.5744499999999999	1.89555	0.0	0.0	0.0	0.0
Node 73		4.03848	6.60076	3.64214	4.19226	3.3669200000000004	1.73068	2.05462	4.27947	3.04263	4.14866	3.37749	4.50292	2.924	4.309559999999999	2.64377	4.09945	1.9311399999999999	2.47649	2.02649	0.0	0.0	0.0	0.0
Node 120		5.013	4.48419	4.8141799999999995	1.3143500000000001	4.056649999999999	4.80412	2.61552	1.5258	2.82935	8.252279999999999	5.7053	3.1378000000000004	3.5690399999999998	1.95103	3.85975	4.04354	3.3180500000000004	3.1578299999999997	1.32165	0.0	0.0	0.0	0.0
Node 137		2.13778	2.35033	1.51989	6.46288	3.1732499999999995	3.51335	4.09943	2.13298	1.6993399999999999	7.358389999999999	0.9219099999999999	5.39147	1.5026599999999999	2.5055899999999998	3.8161	4.8906	3.14018	4.2929200000000005	3.90861	0.8099999999999999	0.0	0.0	0.0
Node 131		8.81394	5.9837	2.55104	2.39294	3.7426099999999995	1.4816	2.72082	4.9106499999999995	1.66322	2.59726	2.67122	1.51956	4.21218	3.64851	3.88286	0.75483	4.377940000000001	4.5139	4.1558	1.71942	0.0	0.0	0.0
Node 67		2.95408	2.1447000000000003	0.98641	3.4814	2.57667	2.68515	4.53425	5.184550000000001	2.94388	1.29078	0.53589	4.39398	3.00989	5.04399	3.18745	4.31712	3.09096	0.50722	2.87922	1.74085	0.0	0.0	0.0
Node 97		4.36177	2.60444	4.15083	4.60667	4.87482	3.3222799999999997	3.01099	4.92323	3.01871	2.9965200000000003	0.77742	1.55326	3.02587	1.8389300000000002	1.81237	3.3360399999999997	2.26378	1.5901399999999999	0.7885700000000001	0.0	0.0	0.0	0.0
Node 154		0.0	5.04818	6.94029	2.47613	3.62786	0.69743	0.0	4.4408	2.08765	5.244759999999999	3.88163	3.01279	3.33667	3.4621600000000003	1.91028	2.10853	2.39777	4.264670000000001	1.80142	0.9308500000000001	0.0	0.0	0.0
Node 3		2.64544	5.72813	0.87538	3.00781	5.0061	2.6218000000000004	1.1805299999999999	4.525740000000001	4.30553	2.89064	4.71178	3.4925499999999996	3.82045	2.78371	4.8868	2.59676	3.56177	3.06319	6.21682	0.0	0.0	0.0	0.0
Node 53		4.6691	4.566520000000001	1.8214700000000001	2.44617	3.77279	4.37934	1.9155499999999999	6.40536	4.15377	2.5792200000000003	3.30173	5.91273	3.8047200000000005	2.68775	6.36279	2.88551	7.74321	3.1961999999999997	2.06106	0.58672	0.0	0.0	0.0
Node 139		3.7531299999999996	3.92543	6.18388	5.33478	2.46716	0.9544699999999999	0.70835	1.85642	4.54422	1.62848	5.36714	5.61638	3.2484100000000002	3.14216	2.04937	3.28791	3.08649	3.3266700000000005	0.68162	2.52942	0.0	0.0	0.0
Node 165		0.70934	2.7699000000000003	1.74209	2.66984	3.17877	2.44511	2.6146599999999998	4.117	0.9337099999999999	3.28569	1.5215100000000001	3.83326	3.35479	4.1031699999999995	5.09915	5.68733	3.7077400000000003	2.1831199999999997	1.1602899999999998	0.0	0.0	0.0	0.0
Node 77		3.02608	4.29954	5.71061	5.02612	1.4532	4.509939999999999	3.33793	3.86365	3.42161	5.22464	3.1484199999999998	3.5589000000000004	4.63687	3.2110100000000004	3.48267	5.0037199999999995	0.50939	2.48969	1.50623	0.9308500000000001	0.0	0.0	0.0
Node 79		3.3125799999999996	3.47108	2.50714	2.36857	0.66484	3.21228	1.26599	3.88456	5.08664	1.62848	3.23902	1.7249	1.9764199999999998	6.6099000000000006	4.82806	3.71202	4.17783	1.9918000000000002	5.4288799999999995	0.0	0.0	0.0	0.0
Node 151		4.5454799999999995	3.213	5.09432	3.8087400000000002	2.17246	3.94533	0.95414	3.1284899999999998	3.18543	5.221279999999999	2.84574	4.09377	4.2029700000000005	2.49907	4.4099	3.74068	3.75105	1.9659	3.33815	1.71942	0.0	0.0	0.0
Node 12		2.46313	3.1789400000000003	4.4955799999999995	3.0548100000000002	4.159800000000001	2.70682	3.36763	2.2482100000000003	4.22922	5.30019	2.21221	4.3047	3.04281	3.12175	1.85891	3.44649	4.1784	2.53333	2.0947400000000003	0.8099999999999999	0.0	0.0	0.0
Node 129		2.87919	1.9745	6.58267	2.06003	5.4022	4.41685	2.6859	1.59047	3.79587	2.2362	3.2220600000000004	4.287719999999999	4.90213	4.43004	4.5311900000000005	4.92755	3.0442400000000003	4.09768	2.32964	0.0	0.0	0.0	0.0
Node 109		4.81229	1.8031100000000002	6.46898	1.5632	5.569	5.18377	2.83351	4.117	2.06101	3.7077899999999997	2.30683	4.16345	4.7984	2.4768499999999998	5.74963	2.6435899999999997	4.45589	2.08817	0.7885700000000001	0.58672	0.0	0.0	0.0
Node 50		3.3008	2.90543	3.0473299999999997	0.78171	3.2695799999999995	4.69556	2.79554	1.91759	3.2295499999999997	5.03539	2.34538	0.0	1.7611999999999999	3.34242	4.28568	5.39747	1.24166	2.20613	1.25074	0.9308500000000001	0.0	0.0	0.0
Node 148		5.19499	2.35033	4.72865	5.11768	2.91597	1.57368	3.5817300000000003	4.831300000000001	1.13001	3.21481	2.15235	2.3222199999999997	4.72953	3.3639799999999997	6.34275	2.9748900000000003	1.5101099999999998	1.7517399999999999	2.19689	0.8099999999999999	0.0	0.0	0.0
Node 157		1.55056	3.62217	3.45486	2.10649	3.9579400000000002	4.99184	1.90391	2.77429	1.53021	2.8620099999999997	5.2464900000000005	7.437340000000001	2.27703	1.62161	2.20833	2.6374	3.6654	3.08074	1.3043799999999999	0.0	0.0	0.0	0.0
Node 13		3.06885	2.38126	7.53653	1.2589899999999998	2.48307	3.16464	2.85553	2.01002	1.13001	7.47033	2.98066	4.16194	1.50023	4.9048300000000005	1.67385	3.93004	3.96331	1.3538400000000002	2.26105	0.9308500000000001	0.0	0.0	0.0
Node 95		4.8835299999999995	1.5441699999999998	6.58774	0.78171	3.27325	4.0795699999999995	2.2859399999999996	1.91301	4.39321	4.61226	4.01568	5.39687	2.37263	3.60576	2.4887099999999998	4.80524	4.3307400000000005	3.6116	2.80773	0.8099999999999999	0.0	0.0	0.0
Node 5		3.28821	4.47338	3.56936	3.3120200000000004	2.1386	2.36476	4.19878	2.22283	1.8928500000000001	1.7527500000000003	4.95918	1.23641	3.56507	4.00763	3.01002	2.0037800000000003	3.86178	4.17123	0.9303600000000001	0.0	0.0	0.0	0.0
Node 132		2.6366400000000003	3.5802599999999996	3.2930800000000002	5.43731	5.364739999999999	3.87417	2.56411	4.85636	4.12838	2.5792200000000003	1.50467	3.20007	6.62443	2.81314	3.1455499999999996	6.4058	6.14621	2.07822	0.7885700000000001	0.8099999999999999	0.0	0.0	0.0
Node 44		4.0848700000000004	2.22268	4.14831	4.32292	4.43175	2.6218000000000004	1.95532	1.53718	3.42426	6.9424600000000005	1.7410700000000001	2.49867	3.51984	3.75157	4.13467	2.0179300000000002	4.0575399999999995	2.47799	0.0	1.74085	0.0	0.0	0.0
Node 110		4.69517	2.26947	4.18103	2.92273	0.0	3.07962	4.06799	4.32341	4.006139999999999	0.56495	1.8377999999999999	3.1378000000000004	2.37263	4.16365	2.74458	4.29785	1.5879899999999998	2.91912	1.9043500000000002	0.9308500000000001	0.0	0.0	0.0
Node 41		4.09338	7.465910000000001	3.58957	1.41467	2.52182	3.7920599999999998	3.50088	3.86419	3.04103	4.8417200000000005	2.17148	4.92497	3.67049	2.08302	3.7655000000000003	3.5954800000000002	5.12052	3.08198	0.0	0.0	0.0	0.0	0.0
Node 144		2.7213600000000002	3.8885500000000004	3.71864	2.64781	2.0760199999999998	2.44447	2.9703	4.13495	2.51705	2.00273	3.60102	3.40541	0.0	3.95041	4.63974	6.8402199999999995	3.026	2.1311400000000003	2.41636	0.0	0.0	0.0	0.0
Node 27		4.01926	2.1923000000000004	6.768979999999999	0.70977	3.3669200000000004	2.08761	1.95532	3.86419	2.5467400000000002	6.950969999999999	4.38874	2.26232	3.7115799999999997	3.5998099999999997	2.4574700000000003	3.2685	1.20112	2.5953899999999996	1.6942499999999998	0.8099999999999999	0.0	0.0	0.0
Node 103		2.82233	3.4218699999999997	1.7738299999999998	4.25665	1.4187999999999998	1.28642	0.95414	3.94028	2.12214	2.71805	4.2359599999999995	5.15175	3.35479	3.1333699999999998	4.19534	2.4240999999999997	1.2576	4.84112	2.30565	0.0	0.0	0.0	0.0
Node 108		3.6213599999999997	5.69067	4.83237	1.26174	2.38385	3.9417899999999997	4.63189	5.26938	3.9037	4.5169500000000005	4.1077200000000005	1.5081799999999999	2.23724	5.11085	1.68897	1.70424	1.88984	3.76833	1.3752900000000001	0.0	0.0	0.0	0.0
Node 168		2.94177	3.2801400000000003	6.85155	1.2589899999999998	3.77986	2.97574	4.27605	1.28061	2.30087	4.10154	3.8966800000000004	2.73666	3.00661	3.9728100000000004	2.70121	4.104349999999999	2.23849	5.40862	1.1198	0.0	0.0	0.0	0.0
Node 42		2.45573	4.03482	2.4014699999999998	4.04723	2.16963	2.34309	1.54953	7.20663	3.1934299999999998	4.27094	5.4602900000000005	2.85206	5.89822	2.6718800000000003	2.95691	5.3976299999999995	3.7853	2.3057000000000003	1.9488599999999998	0.9308500000000001	0.0	0.0	0.0
Node 150		3.8134300000000003	0.96679	1.8214700000000001	2.85079	2.1172	0.0	0.0	2.49289	2.79591	1.1357300000000001	2.99836	5.33722	2.35022	3.04314	2.9093	4.73213	3.1543599999999996	3.39125	0.58672	0.9308500000000001	0.0	0.0	0.0
Node 117		2.51673	0.8167000000000001	4.135330000000001	2.2394399999999997	2.29025	6.19113	0.0	3.09273	1.8128499999999999	4.03335	4.7623999999999995	3.86399	2.21138	0.8591899999999999	4.375649999999999	2.62475	6.58469	6.44156	0.0	0.0	0.0	0.0	0.0
Node 40		2.86904	3.38322	3.46975	2.18883	2.26117	3.9187600000000002	1.41676	3.7384100000000005	3.56484	3.9876300000000002	3.8635	3.5781	1.49505	2.52536	2.49599	3.9830900000000002	3.00062	3.42325	2.0025	0.0	0.0	0.0	0.0
Node 15		3.2894600000000005	6.2933900000000005	1.40496	0.70977	2.5758300000000003	4.51278	3.39425	4.13453	3.4150600000000004	3.15	3.53291	1.33599	4.73286	1.75325	3.69936	7.1267	1.81341	3.5842300000000002	3.0206500000000003	0.8099999999999999	0.0	0.0	0.0
Node 179		3.29177	4.674720000000001	3.17437	4.23355	3.01913	4.8396	2.93139	2.88046	3.687	1.29078	2.29739	2.26572	1.20008	5.60429	4.4703	3.32198	2.20945	4.50355	7.400569999999999	1.71893	0.0	0.0	0.0
Node 1		3.39702	4.11831	4.45008	0.72635	3.14655	3.8640800000000004	3.1832100000000003	1.9005999999999998	0.53844	3.26829	3.7540400000000003	1.33599	1.9764199999999998	3.16667	2.3226	4.61072	0.7311599999999999	3.8151699999999997	3.8970200000000004	0.0	0.0	0.0	0.0
Node 106		2.46453	4.59654	4.64588	3.10794	2.50841	3.11682	2.91019	2.18778	4.15377	4.54835	1.5215100000000001	4.01823	3.9736800000000003	4.52995	3.07222	0.91424	2.3446000000000002	4.03787	2.77227	0.0	0.0	0.0	0.0
Node 162		5.14189	4.95136	4.24396	6.61977	5.69654	2.36676	3.34302	4.7570500000000004	0.53844	3.16809	5.83943	4.01914	2.50068	2.9358	5.48412	1.74224	3.83063	3.1898000000000004	1.61198	0.9308500000000001	0.0	0.0	0.0
Node 69		4.88295	1.96092	1.40763	0.72635	3.7135300000000004	6.735589999999999	1.3462699999999999	3.73505	3.9402399999999997	3.9081900000000003	2.32252	0.0	4.22434	2.37074	3.1419200000000003	3.26076	3.75105	1.44124	0.9303600000000001	0.0	0.0	0.0	0.0
Node 171		2.06385	5.00095	2.5812399999999998	2.37083	2.37624	4.838760000000001	2.89173	2.75013	3.9045900000000002	1.1357300000000001	1.42347	3.89194	4.5139499999999995	3.1175	6.63071	4.62623	4.0000800000000005	0.55144	0.7885700000000001	1.74085	0.0	0.0	0.0
Node 21		1.53583	3.16703	4.408510000000001	0.78171	5.32793	2.91225	0.95414	1.53004	2.8124599999999997	1.69362	3.07883	4.69034	3.6919500000000003	5.58091	2.8937399999999998	2.32523	1.20707	1.9659	2.05016	0.0	0.0	0.0	0.0
Node 82		2.44427	1.6388099999999999	5.42458	3.57897	4.49101	3.63363	2.9221500000000002	4.165830000000001	4.42931	7.82133	4.49481	2.48909	2.92056	4.00763	4.285019999999999	4.73792	2.7835900000000002	3.6380999999999997	2.09153	0.53308	0.0	0.0	0.0
Node 111		3.74813	4.14711	3.1012999999999997	3.01058	3.21534	0.76408	3.39051	0.7124199999999999	4.41266	4.49175	5.07005	2.9943299999999997	0.76578	3.5487100000000003	3.1636499999999996	4.713760000000001	2.25826	3.40572	3.9422400000000004	0.9308500000000001	0.0	0.0	0.0
Node 71		2.91608	2.3691400000000002	1.63376	3.7656099999999997	0.0	2.95176	2.57258	3.20716	3.93327	7.94683	2.92581	4.89653	2.97637	5.37884	3.8726599999999998	3.5963299999999996	2.2479	1.41966	5.101710000000001	0.0	0.0	0.0	0.0
Node 7		6.124149999999999	4.52536	7.36888	2.88098	5.24467	2.89736	4.32793	5.22736	3.18543	3.44154	0.64885	4.31337	1.84099	4.11377	3.03958	6.22997	2.50067	4.79018	2.05691	0.0	0.0	0.0	0.0
Node 195		3.88391	7.5439099999999994	3.5355999999999996	3.00806	5.61774	4.66039	3.5574799999999995	2.98965	2.74046	3.28569	3.19783	2.08479	6.590699999999999	3.4765499999999996	2.8896100000000002	2.0037800000000003	1.88286	1.53673	1.80142	0.9308500000000001	0.0	0.0	0.0
Node 54		4.6691	2.5259400000000003	4.92989	4.11127	1.55975	1.41229	2.2242	1.80313	1.06888	0.71376	3.9406700000000003	4.47327	3.1983200000000003	3.18754	2.97812	4.43888	2.92023	4.4317	0.0	0.9308500000000001	0.0	0.0	0.0
Node 100		2.1451499999999997	2.8345700000000003	4.64712	2.14102	4.10557	4.59462	0.7124199999999999	3.27618	2.6158	3.23467	3.7540400000000003	3.26678	3.2617800000000003	2.29168	2.9381999999999997	3.97687	2.7860300000000002	2.3034499999999998	0.68162	0.9308500000000001	0.0	0.0	0.0
Node 4		5.6989600000000005	2.82751	2.57281	0.70977	4.421329999999999	3.6882900000000003	5.7348099999999995	5.74959	1.40076	2.5792200000000003	1.33495	5.93018	2.99968	2.05503	3.3582199999999998	4.71286	1.33776	2.6561000000000003	2.40055	0.0	0.0	0.0	0.0
Node 118		2.60779	3.43321	2.19117	2.64781	7.887479999999999	4.20988	1.1938900000000001	3.6602900000000003	4.4082799999999995	3.24022	5.51671	4.45201	1.9914500000000002	2.26444	3.4028799999999997	3.08006	2.3425700000000003	3.76833	1.80142	0.0	0.0	0.0	0.0
Node 141		6.26945	1.8685	2.90338	4.27677	4.13007	1.51192	3.5857300000000003	0.53029	1.61863	3.952	1.59527	4.04712	2.37263	6.83569	3.4573300000000002	4.9863	3.1525999999999996	3.87539	1.83746	0.9308500000000001	0.0	0.0	0.0
Node 175		4.86285	5.1307100000000005	6.4928	3.7111699999999996	3.54325	3.7235400000000003	4.23903	5.62276	2.34722	4.14198	3.39847	5.71556	3.5599	4.08909	2.30665	3.29647	3.12452	0.65445	2.76782	0.8099999999999999	0.0	0.0	0.0
Node 49		2.45573	6.05256	2.42517	1.9434900000000002	4.91438	4.62109	1.72893	6.3684	2.07909	5.79542	3.11986	3.3542099999999997	2.4147	0.7491300000000001	4.7497	4.03611	3.7656500000000004	4.41033	1.1602899999999998	0.7885700000000001	0.0	0.0	0.0
Node 63		4.47581	2.35033	5.35745	3.54272	2.17246	1.56314	2.26195	4.11254	0.59157	0.71376	2.71415	3.1952800000000003	5.84614	2.28997	6.0075400000000005	6.19731	0.98504	4.75126	1.3043799999999999	0.0	0.0	0.0	0.0
Node 24		3.29279	4.05502	4.39698	4.91146	3.2229599999999996	2.4672099999999997	0.0	4.1297500000000005	2.76316	2.95094	4.78132	2.90281	1.3278699999999999	3.21727	2.84965	3.2286799999999998	3.22572	1.6971	1.80142	0.8099999999999999	0.0	0.0	0.0
Node 101		1.49733	5.66207	5.25541	2.11517	3.5162899999999997	4.35581	0.7124199999999999	4.908379999999999	2.4236500000000003	4.11485	0.74617	1.77292	3.4597200000000004	1.74373	3.1013800000000002	3.9419000000000004	4.47682	2.41945	2.7169100000000004	1.71942	0.0	0.0	0.0
Node 145		2.1666600000000003	1.49322	2.2740799999999997	1.6455399999999998	4.314620000000001	1.51192	1.82774	0.9997499999999999	2.21253	1.4988	4.46699	5.50979	3.91269	2.3225599999999997	5.29583	4.705	4.45004	2.9545	1.51708	0.0	0.0	0.0	0.0
Node 83		2.63369	4.0793099999999995	3.8364000000000003	3.6420399999999997	2.6917400000000002	6.3649700000000005	1.37262	2.30258	3.63472	4.30656	1.6763199999999998	6.75962	1.40553	1.8611499999999999	4.722090000000001	1.48754	5.157019999999999	2.54372	2.14506	0.9308500000000001	0.0	0.0	0.0
Node 90		1.44477	0.82211	5.59542	1.82161	3.0197700000000003	3.48639	3.04651	4.43886	2.36553	6.652850000000001	2.51969	3.69327	1.96868	3.56543	2.83019	3.96758	2.24719	2.97555	3.57262	0.0	0.0	0.0	0.0
Node 57		3.47152	4.19741	3.8257100000000004	3.2823199999999995	7.02569	4.01867	2.14563	4.80622	3.1787799999999997	2.50244	2.70625	5.27132	3.65206	2.6718800000000003	2.51868	5.1795599999999995	4.679889999999999	3.93852	0.0	0.0	0.0	0.0	0.0
Node 127		3.9740200000000003	3.6420800000000004	3.23807	2.7331000000000003	1.31469	4.14666	6.76452	3.65525	3.04263	3.7250900000000002	3.8527	3.8121799999999997	4.44862	4.82008	2.2423100000000002	6.27229	4.125170000000001	2.64568	0.7976099999999999	0.0	0.0	0.0	0.0
Node 35		2.979	3.93019	2.4228300000000003	0.72635	2.69362	4.39393	2.21996	5.08078	3.0422700000000003	3.07962	3.93436	3.28337	2.924	4.309559999999999	4.08935	2.93304	4.001600000000001	5.94011	1.82519	0.9308500000000001	0.0	0.0	0.0
Node 80		6.14289	4.13808	3.79513	2.8599300000000003	3.34806	3.89631	1.3462699999999999	7.99092	1.68209	4.77265	2.91049	5.1174	7.0425699999999996	1.80303	6.08958	2.94103	3.1725000000000003	3.5138999999999996	4.21077	0.0	0.0	0.0	0.0
Node 164		2.46551	2.6056	1.56232	2.2751799999999998	1.91616	3.07431	2.12109	4.41325	1.51082	4.2445200000000005	2.3074999999999997	6.2972	2.3875	6.59765	3.1556800000000003	4.66148	3.50718	3.4063000000000003	2.40196	0.0	0.0	0.0	0.0
Node 48		4.842359999999999	1.0956000000000001	1.54125	2.64781	3.6908000000000003	2.7492699999999997	1.5879899999999998	3.18539	2.57635	4.97717	7.30359	3.7604800000000003	1.78098	2.37709	1.64989	3.1577300000000004	4.24067	4.2841499999999995	0.53308	0.0	0.0	0.0	0.0
Node 22		5.64731	4.0466500000000005	1.84869	2.06003	2.50286	2.46639	2.33409	6.71746	1.84008	3.0023500000000003	4.62306	2.1486899999999998	0.66358	2.1559399999999997	2.17694	3.2888100000000002	2.7835900000000002	2.76688	2.0896999999999997	0.0	0.0	0.0	0.0
Node 26		2.51673	2.63562	5.60879	4.75213	5.33134	4.2225	5.61107	2.96405	2.85979	2.9965200000000003	4.7685900000000006	3.5494600000000003	2.0541899999999997	3.24526	5.33394	3.50268	4.66571	5.16575	1.8419100000000002	0.0	0.0	0.0	0.0
Node 51		5.49492	5.42201	3.2599000000000005	1.27832	2.34999	2.8378400000000004	3.81069	5.47689	1.8743400000000001	2.2427699999999997	3.74187	1.96868	3.97258	7.14104	6.10077	2.4908799999999998	1.74224	8.08795	4.40454	0.0	0.0	0.0	0.0
Node 158		4.49266	1.6113100000000002	4.51128	2.6391299999999998	2.4165699999999997	3.09605	1.9923099999999998	1.74782	3.33137	1.64761	2.08388	5.66119	5.82862	3.49767	4.5293600000000005	1.4859900000000001	6.2268	1.36036	2.23474	0.0	0.0	0.0	0.0
Node 30		3.08819	2.72749	4.72865	2.04345	6.20337	1.97094	3.11079	2.68099	4.8788	2.3779000000000003	3.9512	2.76816	3.07415	1.95783	4.04281	5.41196	1.7291	2.51392	2.09153	1.5985699999999998	0.0	0.0	0.0
Node 126		3.8229100000000003	3.29136	0.98641	3.55379	8.362210000000001	2.278	3.48978	5.49155	3.1059099999999997	3.0023500000000003	3.73372	2.50869	3.8799300000000003	4.36775	2.93733	3.8373	1.21259	4.07998	4.97796	0.9308500000000001	0.0	0.0	0.0
Node 85		0.95086	1.86272	4.0755300000000005	3.0463299999999998	2.0947	3.62711	3.3155499999999996	5.38435	2.77584	0.57078	7.22159	3.0897799999999997	2.35022	5.17183	1.92986	4.09945	3.4482199999999996	2.61573	0.7885700000000001	0.0	0.0	0.0	0.0
Node 155		2.88576	2.34361	4.43573	1.6856900000000001	2.67751	6.65211	4.7845699999999995	4.39024	2.61874	6.3039	3.97794	4.36016	3.6414500000000003	1.82633	6.74834	4.29785	3.8009500000000003	6.69694	2.2520100000000003	0.0	0.0	0.0	0.0
Node 178		0.9051699999999999	3.01018	2.4014699999999998	5.07718	2.24344	2.83234	3.05581	1.80313	2.12214	3.08545	1.6620599999999999	5.17654	3.21595	1.8389300000000002	6.0837200000000005	2.76342	2.18267	4.6068	3.76717	0.9308500000000001	0.0	0.0	0.0
Node 6		1.8161900000000002	6.563689999999999	6.02874	1.6870199999999997	1.5439	4.5507800000000005	6.528630000000001	3.4724	0.0	1.8592199999999999	4.86337	2.34953	1.65319	2.65387	2.12568	2.65941	3.52733	2.62211	2.80507	0.8099999999999999	0.0	0.0	0.0
Node 112		2.7213600000000002	4.94229	3.5331300000000003	2.64781	2.57667	4.20289	2.54936	3.06283	3.8624699999999996	6.0912	2.7367	3.2012899999999997	1.8484099999999999	4.14283	1.39332	4.786300000000001	4.4767399999999995	3.8292699999999997	0.0	0.0	0.0	0.0	0.0
Node 2		4.65946	4.1844	2.5812399999999998	3.61847	4.63384	3.8008599999999997	2.61975	1.94621	2.8124599999999997	4.03175	2.6930099999999997	1.49517	0.64855	4.53165	6.3402899999999995	3.5934500000000003	1.94486	2.75646	0.68162	0.9308500000000001	0.0	0.0	0.0
Node 192		4.1137500000000005	3.27719	2.1388000000000003	0.0	4.55562	4.75533	1.34867	3.9335500000000003	2.62882	6.01926	4.63328	4.73797	0.66358	2.2613399999999997	0.76404	3.64842	7.27621	1.98621	2.73178	1.74085	0.0	0.0	0.0
Node 75		4.91633	5.53958	2.83101	5.79904	3.8940500000000005	0.0	1.1914900000000002	2.2482100000000003	4.99217	2.80538	2.71717	5.66453	4.19935	2.43198	4.20021	4.00631	4.47657	2.58133	4.173509999999999	1.7403600000000001	0.0	0.0	0.0
Node 64		4.4760800000000005	5.21554	3.4050700000000003	1.26174	5.28125	2.36677	2.8996299999999997	3.87561	4.62863	4.31347	2.93079	2.2675199999999998	4.6563300000000005	3.36465	2.68885	3.06109	2.25012	5.43612	2.24848	1.74085	0.0	0.0	0.0
Node 142		2.61954	5.687670000000001	2.50221	0.95934	3.91554	2.18235	3.88113	3.7822	3.02376	3.71586	4.64851	1.37626	4.66685	2.8385000000000002	2.3125400000000003	4.86861	3.32306	7.210909999999999	2.09295	0.9308500000000001	0.0	0.0	0.0
Node 0		3.8510799999999996	3.3545499999999997	3.40481	2.60332	4.6740200000000005	5.33792	3.7091100000000004	3.5492299999999997	2.33529	3.6808	4.86189	1.68173	4.380669999999999	5.40106	6.20141	3.40616	5.069039999999999	1.8547500000000001	2.46975	1.71942	0.0	0.0	0.0
Node 190		3.73551	4.8858	2.45581	2.60321	1.36354	1.49757	1.22807	3.06027	3.60035	5.80594	2.42041	2.32739	3.12061	3.58319	4.64881	2.36166	2.1861599999999997	0.0	2.70332	0.9308500000000001	0.0	0.0	0.0
Node 29		3.3579499999999998	1.86272	6.69124	2.4106699999999996	4.10197	4.37227	3.6998	2.33396	1.96581	6.5197	3.5182900000000004	3.54608	1.75336	0.5127999999999999	3.6078699999999997	4.85424	3.2432999999999996	3.77271	0.0	0.0	0.0	0.0	0.0
Node 94		3.30128	0.96679	2.41663	5.51144	4.78126	3.35798	1.88892	6.95514	3.5895799999999998	3.1652	2.3588299999999998	2.18182	3.8236600000000003	2.88774	5.40814	3.84232	2.18819	4.97062	1.80142	0.9308500000000001	0.0	0.0	0.0
Node 134		2.17124	2.35033	2.54873	1.57247	3.13264	3.7356800000000003	3.24008	3.79898	3.74617	5.63706	3.77695	4.04808	4.54892	0.75548	4.04083	1.90624	0.50939	1.6740899999999999	1.47019	0.9308500000000001	0.0	0.0	0.0
Node 81		5.8311	5.01455	0.83915	0.0	1.52619	1.56314	0.77479	6.24936	3.2123	1.62848	2.05495	3.7996700000000003	1.22574	3.2166599999999996	1.74274	2.14661	6.139	3.5783799999999997	2.2520100000000003	0.0	0.0	0.0	0.0
Node 62		5.60034	7.30968	2.7732799999999997	1.81096	5.22051	3.58683	4.96675	4.916460000000001	2.8124599999999997	4.68967	1.93115	2.6749	2.79015	4.10646	2.56965	0.61919	0.6872600000000001	1.9588499999999998	1.32165	0.7885700000000001	0.0	0.0	0.0
Node 184		5.24474	1.15239	3.29394	0.0	2.9232899999999997	3.9967500000000005	2.2883400000000003	3.4507299999999996	2.2225	3.84739	6.8374500000000005	4.56531	5.36222	3.15953	5.8509	3.07675	3.09215	2.94955	0.0	0.9308500000000001	0.0	0.0	0.0
Node 153		3.5287399999999995	2.50291	3.5718300000000003	0.91919	2.50841	3.02586	0.0	3.6989300000000003	2.62524	3.06739	4.71244	3.90145	7.24539	6.91465	1.74274	5.28512	3.29975	2.15216	0.58672	0.8099999999999999	0.0	0.0	0.0
Node 91		4.00232	1.96909	4.2195599999999995	3.32261	2.16963	6.3095799999999995	2.17151	3.2745	3.13661	4.9259200000000005	3.95109	4.11871	4.2725	0.90709	4.335109999999999	5.4329	4.51993	4.20752	2.40935	0.0	0.0	0.0	0.0
Node 197		1.46027	1.80395	5.03857	4.441330000000001	0.90531	5.70253	3.4328	3.73659	1.79441	2.5792200000000003	3.3174200000000003	1.53175	4.44862	2.61028	3.36377	1.4859900000000001	5.30511	4.54284	2.4699999999999998	0.9303600000000001	0.0	0.0	0.0
Node 107		4.43948	2.40322	6.20909	0.78171	3.1347199999999997	4.79249	1.1914900000000002	2.56244	2.92273	3.65923	3.71688	5.2658499999999995	2.96855	2.06082	4.2162	3.17893	1.41953	4.22373	3.5412399999999997	0.8099999999999999	0.0	0.0	0.0
Node 119		3.04279	4.24398	3.91332	3.8659	3.90551	4.15854	3.68174	3.2039199999999997	2.20202	6.72522	1.16942	5.22148	0.90709	1.61467	2.85861	3.34143	2.41636	1.94054	2.68241	0.8099999999999999	0.0	0.0	0.0
Node 46		2.5693	5.02946	2.52943	1.5113100000000002	6.833939999999999	3.6527700000000003	4.20248	0.52605	0.8217399999999999	2.93839	3.82471	3.22306	2.79487	0.98681	4.77561	3.6771499999999997	3.76237	2.68562	1.83746	0.0	0.0	0.0	0.0
Node 122		2.83916	1.73969	6.34554	2.46581	2.3936800000000003	0.0	2.12511	3.33317	2.871	2.3611199999999997	3.90441	1.53175	1.5628300000000002	2.04588	5.66425	3.8753	4.57611	4.18063	0.68162	0.0	0.0	0.0	0.0
Node 156		0.6354099999999999	3.92886	4.02655	2.8227700000000002	2.98895	2.5998799999999997	0.0	1.32147	2.91444	4.14866	3.28882	3.39825	3.37949	4.7813799999999995	4.12923	5.47391	0.98206	1.23932	3.28315	0.9308500000000001	0.0	0.0	0.0
Node 84		5.04582	2.55188	7.33689	4.07012	2.95987	2.2782	1.30428	2.72507	1.8135100000000002	1.28454	3.43558	5.27132	1.75336	4.10909	4.03707	4.05207	2.00525	2.74829	2.43659	0.8099999999999999	0.0	0.0	0.0
Node 146		2.45573	0.89593	6.41483	4.95459	4.03176	3.86755	1.49441	3.53633	3.55643	5.3297	3.81543	1.79036	4.19935	3.57211	3.06354	1.79799	4.55016	3.2012699999999996	2.1811000000000003	0.9308500000000001	0.0	0.0	0.0
Node 98		4.49822	3.19652	3.0831500000000003	1.9407400000000001	2.60208	2.56765	1.96628	4.3037	3.5358599999999996	0.72	3.69373	4.30621	3.88425	4.02448	3.26659	1.33937	3.9052700000000002	2.33481	1.1198	0.0	0.0	0.0	0.0
Node 104		2.90826	3.87886	1.8577	3.43742	2.8794	3.26075	2.12826	1.52565	5.4630600000000005	5.23347	0.74617	3.20007	3.8164499999999997	4.0056	4.43664	1.32932	2.99029	1.7771	2.2520100000000003	0.8099999999999999	0.0	0.0	0.0
Node 187		1.61451	4.75874	6.501899999999999	1.4914800000000001	4.08062	2.46639	2.63861	1.47729	2.04926	1.63808	4.1182099999999995	3.17574	0.64855	1.37199	1.20339	0.68433	4.2669	1.79093	2.46975	0.0	0.0	0.0	0.0
Node 189		4.76644	3.8545700000000003	3.40139	1.98809	3.8878000000000004	3.09972	0.95414	3.61033	2.19925	4.526680000000001	3.2457399999999996	6.13455	3.28395	4.39559	2.2304399999999998	2.8793200000000003	4.51745	4.44327	3.5895499999999996	0.9308500000000001	0.0	0.0	0.0
Node 125		4.84563	3.42602	2.9548200000000002	3.59024	2.4165699999999997	4.60034	3.3280999999999996	5.83671	3.61533	2.58111	0.0	4.86497	4.60837	3.21332	6.6264199999999995	4.44158	2.99126	4.43763	1.87795	0.8099999999999999	0.0	0.0	0.0
Node 59		4.38694	1.74233	4.33858	5.90651	4.00803	4.90025	2.2865699999999998	1.47516	2.25356	6.00861	1.42627	2.98489	3.30564	1.5481399999999998	0.78362	2.98585	5.3134500000000005	2.66262	1.32165	0.9308500000000001	0.0	0.0	0.0
Node 147		2.14748	6.8504700000000005	5.3085	4.70033	1.4532	4.58861	0.0	2.63767	4.948770000000001	5.85798	4.22984	3.0618	2.95004	2.03179	3.03613	4.368799999999999	6.19665	3.4084700000000003	3.35899	0.0	0.0	0.0	0.0
Node 123		4.750970000000001	3.17244	4.3932400000000005	3.44067	3.27325	3.3528700000000002	4.18732	2.60244	0.0	2.3019000000000003	2.32517	3.1194699999999997	2.28722	5.32359	5.67966	2.21107	4.779	2.35155	4.32424	0.0	0.0	0.0	0.0
Node 14		7.01397	1.8011	2.69645	3.7553499999999995	5.60771	2.55716	3.61369	3.81429	2.65222	2.36695	6.06087	3.02041	1.8398999999999999	4.71571	4.03468	3.3014599999999996	2.6151299999999997	1.9222199999999998	3.60268	0.0	0.0	0.0	0.0
Node 43		2.5428200000000003	4.08258	3.6844200000000003	2.91656	3.6908000000000003	4.41685	1.27006	2.65724	3.3977899999999996	4.32221	3.7459	3.80404	3.14923	3.6429000000000005	2.46643	3.72217	3.83063	0.55144	3.7135300000000004	0.0	0.0	0.0	0.0
Node 169		0.93107	3.67896	5.189019999999999	0.84863	2.469	4.35248	2.06884	6.923260000000001	4.598660000000001	3.89306	0.74617	2.87442	4.04527	5.24828	3.5202400000000003	3.4531199999999997	0.6872600000000001	2.5221400000000003	2.00327	0.0	0.0	0.0	0.0
Node 199		3.94098	4.77232	1.66799	5.43224	1.34221	3.9279	3.33797	3.11725	1.8928500000000001	5.712330000000001	3.94717	2.50457	2.49966	2.83148	5.97801	3.95984	5.86586	2.23885	0.58672	0.9308500000000001	0.0	0.0	0.0
Node 76		4.03899	3.12323	2.7272600000000002	3.42981	2.46716	4.24965	2.08341	4.39738	2.9648600000000003	6.940200000000001	2.84574	4.384790000000001	2.69463	2.3225599999999997	6.13712	6.3328	3.6804499999999996	2.02592	2.93363	0.0	0.0	0.0	0.0
Node 92		3.3697	1.86272	0.83915	3.9787500000000002	5.1228299999999996	3.90281	4.99698	4.70772	3.2699400000000005	4.46211	3.38421	3.86399	3.27307	2.92484	4.5293600000000005	4.932919999999999	4.0631	0.0	1.2235	0.9308500000000001	0.0	0.0	0.0
Node 160		1.5226899999999999	4.77934	3.6841	0.8626999999999999	2.1519	4.41958	4.84232	5.0508299999999995	4.80566	4.15008	2.80959	2.82382	2.14444	2.09726	6.88401	3.99213	2.23542	3.95432	2.73178	0.9308500000000001	0.0	0.0	0.0
Node 181		7.7516799999999995	2.0870900000000003	3.21983	3.15254	4.25833	5.25875	2.3420199999999998	4.720470000000001	3.0015400000000003	2.53884	3.1652600000000004	2.4655199999999997	5.94173	2.9605200000000003	3.32562	2.13068	1.20707	3.68133	2.05691	0.8099999999999999	0.0	0.0	0.0
Node 191		4.45397	2.72749	4.24668	1.9961	2.71252	2.2291700000000003	2.9998400000000003	2.41626	3.6201600000000003	3.6844099999999997	4.5078	2.64837	5.47151	2.04588	5.96439	3.00121	4.89509	2.3211	2.77227	0.0	0.0	0.0	0.0
Node 183		2.7670500000000002	4.36414	4.87892	3.49951	4.69119	3.62055	1.9784099999999998	9.22955	2.91444	1.9474600000000002	1.95936	0.0	2.90149	3.54796	3.7812900000000003	7.0853	2.61735	3.51867	1.95297	0.9308500000000001	0.0	0.0	0.0
Node 36		3.9967200000000003	5.75229	3.49355	2.3862	3.1802799999999998	1.46509	1.37262	3.21459	2.1947	3.06009	1.33495	2.4263	6.3636	8.61631	2.01251	3.50887	3.61423	1.8572899999999999	2.94453	0.8099999999999999	0.0	0.0	0.0
Node 28		3.99336	2.57515	3.2890099999999998	1.11184	3.1676999999999995	3.18364	1.12859	3.85785	4.8026800000000005	1.7178200000000001	3.26	4.03256	3.50836	3.3521	3.8872299999999997	1.64942	2.7227	4.56964	2.97871	0.0	0.0	0.0	0.0
Node 61		2.9808000000000003	4.033309999999999	4.12483	2.13903	2.45315	3.8843099999999997	2.81879	4.810650000000001	4.43698	3.77175	4.98082	3.97539	3.35201	5.58339	4.53862	2.73025	2.6921500000000003	3.4063000000000003	1.8507099999999999	0.8099999999999999	0.0	0.0	0.0
Node 68		4.18737	5.64877	1.87416	2.87755	4.52645	3.20391	5.16108	6.0859700000000005	2.94264	1.9990299999999999	3.85596	4.8807599999999995	1.24953	0.8591899999999999	3.2549799999999998	1.1908	2.41636	3.4315900000000004	3.7090400000000003	0.9308500000000001	0.0	0.0	0.0
Node 96		2.33066	3.17876	3.4545399999999997	4.304	2.16963	2.36677	0.9032500000000001	2.32918	1.8848500000000001	4.80544	2.34538	3.1970699999999996	2.22712	3.7943	3.0801700000000003	2.00528	2.09532	3.6330500000000003	1.8419100000000002	0.9308500000000001	0.0	0.0	0.0
Node 124		3.3885899999999998	5.9018	6.58149	3.87773	3.85845	1.37275	1.49441	3.22193	4.74037	2.06958	4.53146	6.96041	1.9944	6.22071	3.5479	4.757560000000001	3.28752	3.1304199999999995	4.03011	0.0	0.0	0.0	0.0
Node 115		6.37266	3.8129299999999997	1.66799	3.3554100000000004	2.34176	0.0	0.95414	5.55654	3.8624699999999996	5.19822	3.6044300000000002	2.90281	3.7002800000000002	1.28088	5.59856	3.19223	3.8125199999999997	1.91449	1.46344	0.9308500000000001	0.0	0.0	0.0
Node 33		2.25772	3.2169700000000003	4.87432	3.07469	1.93563	0.69743	2.68718	4.94915	2.14607	5.80393	4.16205	1.68173	3.17553	6.0204699999999995	3.96394	3.1097099999999998	5.19372	1.92688	2.40055	0.8099999999999999	0.0	0.0	0.0
Node 105		3.03211	3.1169	3.4821	4.09469	3.8934999999999995	3.14215	2.57027	4.03822	2.8849799999999997	5.9009	2.2992	2.58897	4.84737	3.5282099999999996	3.59535	5.39579	3.9440700000000004	3.38518	2.14506	0.0	0.0	0.0	0.0
Node 172		5.57406	3.58638	4.9778400000000005	3.42084	4.06031	3.41886	3.01078	1.55114	3.82148	4.29559	4.772819999999999	2.49151	2.14875	2.69867	1.82258	1.48463	3.1741699999999997	4.58801	0.62721	0.0	0.0	0.0	0.0
Node 65		4.411919999999999	6.2255400000000005	4.86287	1.38882	2.14644	3.26033	3.8324900000000004	4.1297500000000005	2.71419	2.7930699999999997	4.60213	2.16005	1.5628300000000002	3.7596600000000002	3.97741	1.2456200000000002	2.92395	4.6464	1.34487	1.7403600000000001	0.0	0.0	0.0
Node 20		1.5256399999999999	1.6388099999999999	3.99481	3.02535	3.80039	0.7148599999999999	3.6189600000000004	2.85252	3.4956	3.28569	1.14151	2.92602	3.45411	5.32359	5.0012300000000005	5.63596	3.469	2.58095	2.77457	0.0	0.0	0.0	0.0
Node 86		2.36249	4.06808	2.50714	3.81906	5.34602	0.76408	2.9578699999999998	1.53004	1.44969	4.64431	3.14974	3.92446	6.983250000000001	3.9875599999999998	3.40276	4.33806	3.42992	3.0823799999999997	2.40055	0.8099999999999999	0.0	0.0	0.0
Node 180		2.97025	2.27947	3.40515	3.0703899999999997	0.90531	1.42409	2.06632	3.09273	1.68209	0.8031	3.9971600000000005	1.68173	5.2116999999999996	3.4549299999999996	4.47044	1.59837	2.1018499999999998	2.6207000000000003	2.43659	0.0	0.0	0.0	0.0
Node 185		3.43249	1.0956000000000001	3.06617	1.8570900000000001	2.98895	4.80948	4.28006	2.4478199999999997	3.0413900000000003	6.27728	3.8769	1.5472299999999999	0.66358	3.07573	4.8344	2.06576	3.65001	3.8272800000000005	2.32964	0.8099999999999999	0.0	0.0	0.0
Node 9		4.61735	1.15239	2.98656	2.70089	1.4523599999999999	2.3610200000000003	1.3462699999999999	4.30444	2.4494599999999997	5.19947	4.16691	2.54239	2.46404	4.21756	2.55524	2.4734	2.84656	3.27656	1.32165	0.9308500000000001	0.0	0.0	0.0
