Node 27		10.46975	6.66849	11.03771	7.7376000000000005	7.67285	6.90101	4.3628	7.728409999999999	7.59456	7.904940000000001	6.851999999999999	4.68026	6.88982	5.4562100000000004	5.61489	5.032	5.12542	7.5816300000000005	3.36989	2.13165	0.0	0.0	0.0
Node 163		8.941749999999999	5.21573	9.06584	7.8779699999999995	6.64506	6.3907099999999994	4.6861	8.3702	8.500290000000001	4.17178	7.06466	6.16759	7.38081	3.9313599999999997	8.66919	6.463480000000001	6.12959	5.79333	6.64121	2.13165	0.0	0.0	0.0
Node 24		8.319989999999999	6.16823	9.93519	10.13154	4.94679	5.32559	3.33204	7.321940000000001	5.64237	6.7921499999999995	8.52514	7.778219999999999	4.140230000000001	6.945930000000001	4.48147	4.90065	6.53776	8.3735	1.80142	1.32165	0.0	0.0	0.0
Node 10		10.57632	13.129869999999999	8.97341	4.30262	7.898	7.1275900000000005	8.75981	7.82124	4.54454	6.408110000000001	7.5056899999999995	8.72006	6.7149	7.163899999999999	6.05042	6.29409	8.92425	8.99163	3.79673	0.8099999999999999	0.0	0.0	0.0
Node 60		5.74003	6.737229999999999	10.22185	10.16128	9.55162	7.8788	7.11148	6.23527	8.8198	7.02896	7.08423	5.239039999999999	8.72378	6.18072	7.02082	5.76281	5.46702	9.40611	6.459149999999999	1.71942	0.0	0.0	0.0
Node 166		7.79596	7.5844	6.3864	5.71605	6.53992	7.681649999999999	6.13899	5.57056	4.24516	7.9573	3.62539	4.38329	5.79825	7.93071	6.30535	7.3853	7.802630000000001	8.56285	2.88823	1.71942	0.0	0.0	0.0
Node 103		7.176829999999999	7.45256	5.03822	5.90632	4.8779	7.455430000000001	4.30497	6.417789999999999	4.7468200000000005	7.9734799999999995	7.015409999999999	11.03956	6.689920000000001	8.08213	4.03707	7.56275	5.16771	7.15278	5.96382	1.34308	0.0	0.0	0.0
Node 111		7.29765	6.06813	6.35579	5.90874	8.11599	3.6728700000000005	6.99914	2.65768	5.45426	9.217	6.15185	7.117179999999999	3.2326300000000003	8.05134	6.564069999999999	5.94852	6.5336099999999995	6.7953600000000005	6.9568	0.9308500000000001	0.0	0.0	0.0
Node 41		9.08277	7.744120000000001	8.575330000000001	7.837969999999999	9.53473	8.563	7.653300000000001	8.83309	7.425479999999999	7.23254	7.60551	10.20952	9.50728	6.3527000000000005	7.1786900000000005	9.71915	8.08769	4.61646	2.58928	0.8099999999999999	0.0	0.0	0.0
Node 152		9.201220000000001	7.117990000000001	9.96919	7.87953	10.430109999999999	8.14665	7.976179999999999	8.51346	4.39779	7.457479999999999	4.6743	8.62208	7.81433	3.3884499999999997	4.722790000000001	7.86644	4.23816	6.70675	5.76285	3.0625	0.0	0.0	0.0
Node 11		10.83509	9.77763	9.5143	6.747699999999999	8.48543	4.5851500000000005	5.1769	7.2049199999999995	6.59401	8.92229	3.4182900000000003	5.44904	7.47932	6.35797	7.43057	9.38234	5.60771	6.27087	2.6773700000000002	0.0	0.0	0.0	0.0
Node 164		6.3927	9.37209	7.35352	8.26046	7.75468	6.764480000000001	4.37313	4.6044599999999996	3.5032	4.72214	3.83109	5.42783	8.11988	10.19699	9.4938	8.50467	4.19151	7.443429999999999	2.76243	1.1198	0.0	0.0	0.0
Node 31		7.90739	6.64197	6.53342	2.0630200000000003	4.17751	4.70712	7.767110000000001	4.33772	5.2945899999999995	3.11193	8.24603	6.563860000000001	4.22104	5.37263	7.4149400000000005	6.1557	3.63314	8.307409999999999	6.68511	0.7885700000000001	0.0	0.0	0.0
Node 22		8.14358	6.21297	7.5506400000000005	8.71615	7.1051	5.30968	7.09587	7.884510000000001	8.492379999999999	8.272300000000001	9.16206	7.417319999999999	7.2321	4.26866	2.78738	8.26267	8.332040000000001	6.96972	6.322609999999999	0.8099999999999999	0.0	0.0	0.0
Node 97		6.485530000000001	7.71564	5.68835	9.33813	7.4115	6.721190000000001	6.51514	8.6271	5.49267	6.2539	2.4224900000000003	2.10546	5.90346	9.83912	10.23171	5.40844	9.75937	4.9879	2.58999	2.52942	0.0	0.0	0.0
Node 0		8.40717	4.5934099999999995	8.03822	5.783180000000001	3.54978	7.89227	4.1682	6.47678	7.07346	5.24465	8.56617	6.8704	7.67296	8.25495	8.25051	6.69757	9.580869999999999	5.97992	5.86073	2.32757	0.0	0.0	0.0
Node 167		6.83327	6.27583	8.71908	4.866079999999999	9.28872	6.52568	6.676279999999999	5.30555	5.81847	6.2828	3.9442199999999996	8.54218	3.07415	4.9909099999999995	8.02863	5.89138	7.63632	8.33011	6.01244	1.74085	0.0	0.0	0.0
Node 53		6.975910000000001	4.499820000000001	7.72751	4.84503	7.332180000000001	7.128189999999999	4.20409	9.64889	6.62883	5.94398	2.32985	9.88746	8.28005	5.95443	10.337670000000001	3.57702	10.26113	8.98916	7.38872	3.11565	0.0	0.0	0.0
Node 65		8.79386	11.077069999999999	8.047089999999999	2.81589	8.56297	3.26033	7.68838	4.98835	5.46888	9.993829999999999	10.05376	2.0092499999999998	7.01962	6.64959	9.210469999999999	6.9771600000000005	4.79426	8.67416	4.00488	2.52893	0.0	0.0	0.0
Node 66		11.358509999999999	7.82849	10.75762	4.4591	6.9543800000000005	8.08674	4.41512	2.56812	5.40475	6.04345	7.95415	5.04332	6.19595	6.93849	9.14044	6.90128	5.01495	7.28328	2.77457	2.52942	0.0	0.0	0.0
Node 86		9.792530000000001	6.96526	6.42531	2.89987	5.97102	8.25087	7.414700000000001	5.73208	3.4953	4.43961	9.34361	7.091200000000001	9.39077	6.2665	4.16104	6.0343	4.07782	6.642919999999999	4.23801	1.5985699999999998	0.0	0.0	0.0
Node 125		9.37275	8.92916	8.96198	6.7541199999999995	6.41347	7.553559999999999	6.41072	4.85098	4.99324	4.65152	4.13115	8.57249	6.14312	6.0698099999999995	6.4098299999999995	6.6913100000000005	5.56607	9.0589	5.72236	1.5985699999999998	0.0	0.0	0.0
Node 191		9.111139999999999	3.81731	6.74889	6.51983	4.82769	5.38679	7.39902	4.2243200000000005	5.27011	9.356250000000001	7.29306	8.196810000000001	9.49192	4.1464300000000005	10.50852	9.04189	7.643809999999999	9.63667	4.77865	2.52942	0.0	0.0	0.0
Node 40		6.3941300000000005	5.14968	6.15536	7.026000000000001	7.28638	9.05984	5.3894400000000005	4.8221	8.91385	6.0171	10.414900000000001	7.122870000000001	6.96369	4.1433	4.78569	6.335300000000001	8.94912	5.15179	5.17927	2.44793	0.0	0.0	0.0
Node 139		10.045160000000001	5.79865	10.46178	8.02009	8.41822	7.0422	3.66896	6.832630000000001	8.25123	5.81071	6.14456	10.51189	4.172689999999999	7.507099999999999	5.26026	9.06495	6.336469999999999	7.68572	5.78904	3.1161399999999997	0.0	0.0	0.0
Node 18		3.93833	8.73245	6.4142	9.94678	7.4032	5.57214	8.35626	4.9822999999999995	6.1028199999999995	7.91595	10.58451	9.008579999999998	6.576899999999999	5.18696	9.627189999999999	10.425139999999999	5.76794	5.947	8.55772	0.0	0.0	0.0	0.0
Node 116		7.18001	5.05819	7.86739	3.38492	6.0144	7.03197	6.37156	8.69942	3.3889299999999998	7.1251	4.0862099999999995	8.869620000000001	6.3229	5.45585	8.01606	5.48049	8.22978	3.20881	4.86522	0.0	0.0	0.0	0.0
Node 72		6.976509999999999	9.35328	4.2726500000000005	11.14382	7.28153	6.292349999999999	3.9337299999999997	9.86551	5.7336100000000005	3.7350000000000003	3.7141800000000003	6.13005	6.50284	3.86878	6.79582	4.497269999999999	6.30535	4.40344	4.3916900000000005	1.34308	0.0	0.0	0.0
Node 178		4.22888	3.9960799999999996	5.89614	6.52153	7.03057	3.58593	2.20539	6.0945	4.85879	6.4766900000000005	4.67201	7.37884	5.72797	6.258579999999999	8.3672	6.49382	7.288119999999999	4.739850000000001	7.930429999999999	3.20429	0.0	0.0	0.0
Node 74		7.13467	6.5142500000000005	10.97211	6.17305	7.85935	8.13541	6.748419999999999	5.41312	6.13487	8.10683	8.67439	6.11001	8.21413	10.46495	10.53407	5.0631	3.82806	6.0442	5.04301	3.45978	0.0	0.0	0.0
Node 78		3.69553	6.267939999999999	9.53345	1.62947	5.32177	7.847129999999999	4.98581	6.7407900000000005	4.93339	8.32272	5.66507	6.722770000000001	5.7856	5.64841	6.45009	8.591619999999999	4.73237	4.61655	2.2752000000000003	0.0	0.0	0.0	0.0
Node 79		6.24409	7.7118	2.42307	6.982380000000001	4.0422	6.12442	4.825270000000001	6.5523	8.06928	8.79655	8.017190000000001	9.5417	4.27203	7.627929999999999	5.77048	6.17592	9.85252	5.6969899999999996	7.93281	0.8099999999999999	0.0	0.0	0.0
Node 85		4.3229299999999995	5.52133	7.628229999999999	4.69909	7.111199999999999	4.49126	8.00704	10.38725	7.983899999999999	5.51997	9.07892	4.46805	7.247820000000001	4.41009	5.57005	6.675000000000001	7.36227	4.57519	5.15022	0.8099999999999999	0.0	0.0	0.0
Node 46		9.55184	6.86633	8.44618	5.851979999999999	6.12449	5.96314	9.6499	6.12674	4.99132	9.14664	7.65228	6.42549	5.85715	4.860670000000001	10.34453	8.805109999999999	4.32602	3.6226000000000003	6.68459	0.7885700000000001	0.0	0.0	0.0
Node 112		4.8338399999999995	7.93491	5.74076	3.5809100000000003	5.7857199999999995	7.3726	3.8427200000000004	6.66241	5.76513	10.27703	3.2640700000000002	5.04283	4.1564499999999995	6.14511	5.57671	5.40506	7.352110000000001	3.86673	2.89012	1.34308	0.0	0.0	0.0
Node 108		7.024909999999999	8.196159999999999	11.8983	5.17969	6.80436	7.1487099999999995	6.11025	7.22307	7.20956	5.843050000000001	8.118540000000001	4.7245	7.25855	9.72267	7.05016	4.06485	6.97566	6.16371	2.83873	0.9308500000000001	0.0	0.0	0.0
Node 92		5.60194	4.11905	4.04887	3.82315	7.98555	8.19208	8.9061	5.77102	6.6953	6.45578	7.0592299999999994	3.68878	4.805820000000001	5.70729	8.51972	5.75324	3.92968	2.82315	1.51708	2.52942	0.0	0.0	0.0
Node 133		11.56932	5.96433	3.00475	7.46458	8.49464	6.12474	2.32676	3.73883	6.87007	4.26642	7.43837	5.13136	4.70174	6.11933	10.756920000000001	4.47507	7.42656	8.34614	6.696439999999999	1.1198	0.0	0.0	0.0
Node 68		8.58597	9.18608	6.44883	8.69231	7.38569	2.7902799999999996	6.262669999999999	8.06993	7.73065	4.35423	3.1315799999999996	6.0531500000000005	6.66447	7.882490000000001	6.24787	2.6488	8.111229999999999	5.44293	8.71864	2.44793	0.0	0.0	0.0
Node 20		8.6973	7.559340000000001	5.71097	5.0296899999999996	8.01715	4.57927	3.9381899999999996	7.3418600000000005	4.6716	8.61761	3.10919	6.29878	6.6894599999999995	4.9216500000000005	8.12641	10.15119	8.930829999999998	8.14875	3.11821	1.86121	0.0	0.0	0.0
Node 75		10.20269	6.973369999999999	2.52943	9.27377	10.2756	4.70611	3.90871	3.87148	7.13232	8.31954	4.6655	8.25339	6.95628	5.70625	7.6823500000000005	10.67668	8.6485	9.34243	7.3950000000000005	2.71837	0.0	0.0	0.0
Node 91		6.720719999999999	6.74003	7.257339999999999	7.04602	7.7386800000000004	10.51999	5.31762	9.47598	6.58947	5.5621	6.43209	6.5795900000000005	7.4076900000000006	1.2096799999999999	6.530270000000001	7.549119999999999	10.50924	6.81674	4.0214300000000005	1.34308	0.0	0.0	0.0
Node 56		8.12154	7.2944700000000005	10.073419999999999	6.10827	2.85138	5.19265	2.20276	5.20876	7.13439	8.32229	4.78153	7.19018	8.00722	4.9116	5.702249999999999	7.16256	3.80418	6.14212	3.0133199999999998	2.27393	0.0	0.0	0.0
Node 128		10.87556	8.32992	9.22065	3.57863	6.44564	5.80975	7.955379999999999	6.26043	5.64734	8.58828	5.14551	3.7834600000000003	8.642769999999999	7.366390000000001	5.6352199999999995	7.60593	9.59439	5.57895	8.48439	0.9308500000000001	0.0	0.0	0.0
Node 138		6.16798	9.77422	6.722980000000001	9.072	5.12017	6.4233	4.76687	3.57087	4.72417	4.4811499999999995	8.76016	8.27678	8.842120000000001	6.85442	6.27901	6.21281	7.361610000000001	6.32813	5.38476	0.0	0.0	0.0	0.0
Node 12		6.88222	7.53134	4.941120000000001	2.78034	7.64309	8.698590000000001	7.07971	6.772	7.3791899999999995	4.5790999999999995	6.9185300000000005	7.901800000000001	8.64642	7.38868	2.72518	7.84322	6.994549999999999	6.80182	5.63921	0.8099999999999999	0.0	0.0	0.0
Node 96		7.22483	7.96353	6.10485	6.5821000000000005	5.13085	4.30877	3.5621600000000004	5.543159999999999	6.55854	6.7494	7.20291	8.366999999999999	10.13389	4.21347	5.34925	4.64576	7.25972	9.21415	6.368110000000001	3.0625	0.0	0.0	0.0
Node 137		7.3263	5.83005	5.016430000000001	7.97831	6.78391	9.37018	7.064629999999999	6.83229	4.248480000000001	5.84189	5.84397	8.8308	5.7019	5.81332	10.18231	7.3132	6.31731	7.9012	5.79481	0.0	0.0	0.0	0.0
Node 165		5.84762	7.678260000000001	5.4231300000000005	6.615219999999999	6.07471	5.68051	9.4873	6.35013	3.81506	7.62713	6.96458	5.4758000000000004	7.74504	7.15732	4.89684	8.384070000000001	6.90679	5.877750000000001	2.6350700000000002	1.5985699999999998	0.0	0.0	0.0
Node 99		6.16202	4.51103	7.63456	6.85679	6.306000000000001	5.9868999999999994	5.6051400000000005	8.4185	7.64423	4.383109999999999	6.85244	6.90533	7.655539999999999	6.436310000000001	2.7961300000000002	3.79889	5.79453	3.16944	10.60471	1.71942	0.0	0.0	0.0
Node 181		9.2604	7.40165	4.57148	9.69678	8.239040000000001	8.67431	7.748570000000001	5.46667	3.76793	4.9912600000000005	7.3048399999999996	4.94938	6.02423	6.2492600000000005	8.07837	5.179340000000001	6.526369999999999	7.32032	3.4700300000000004	0.58672	0.0	0.0	0.0
Node 76		7.23173	5.05715	4.92153	9.56737	4.86963	7.204720000000001	6.5485500000000005	8.12716	5.038469999999999	10.67723	6.07808	11.37456	6.57759	5.6865	5.40386	5.21886	6.37523	4.39121	4.86522	2.83873	0.0	0.0	0.0
Node 38		10.38977	8.637640000000001	8.31546	10.43346	4.67804	7.68257	6.34788	6.17976	8.94176	8.35079	5.34346	3.4421	2.94886	5.338579999999999	4.67011	7.814500000000001	4.88685	5.22353	3.08803	2.27393	0.0	0.0	0.0
Node 107		6.28295	2.33865	8.37322	2.6786	9.252730000000001	11.05906	5.55046	4.0484100000000005	4.94882	4.58384	8.2798	7.579370000000001	6.0713	6.69398	5.43194	7.78806	7.78963	7.03921	8.5814	0.8099999999999999	0.0	0.0	0.0
Node 123		9.013119999999999	3.8170999999999995	7.51494	6.4006300000000005	5.2456700000000005	7.16806	9.76345	6.40566	5.436529999999999	3.41148	4.42583	11.240169999999999	4.06476	6.84857	3.31567	4.712009999999999	6.85737	5.36109	7.1714	0.9308500000000001	0.0	0.0	0.0
Node 55		5.43665	7.382039999999999	4.47035	7.24671	9.43223	5.50242	5.929	4.205430000000001	6.311120000000001	7.9713400000000005	3.6027000000000005	4.57088	7.579149999999999	4.23382	6.900100000000001	5.12196	6.879010000000001	5.47873	4.19264	1.5985699999999998	0.0	0.0	0.0
Node 82		3.88122	7.077609999999999	8.8108	9.30824	5.73013	6.73753	4.41512	8.0902	6.33084	10.50887	7.4345099999999995	6.904399999999999	5.78703	6.662990000000001	10.71467	5.50774	9.37403	5.40357	4.54047	1.5985699999999998	0.0	0.0	0.0
Node 151		9.363150000000001	6.573180000000001	10.5122	6.57423	6.22006	6.19477	4.49112	5.006279999999999	8.37696	8.98453	6.15826	7.21681	5.8567	4.317200000000001	10.49124	5.283510000000001	5.60877	2.18531	6.19865	0.0	0.0	0.0	0.0
Node 43		7.09181	6.00086	8.03329	4.6834	5.55293	5.27552	6.18627	6.04298	6.20458	8.17161	4.99695	8.34504	3.2030299999999996	6.69899	4.532159999999999	7.5246900000000005	8.073329999999999	6.8761	5.48328	3.9928600000000003	0.0	0.0	0.0
Node 4		6.4724900000000005	4.552910000000001	5.58359	4.2607	3.9616100000000003	7.476629999999999	9.54877	7.219589999999999	4.17523	4.70704	7.1028400000000005	8.4381	7.03911	6.666790000000001	9.40283	6.96113	4.03602	11.0042	4.22497	0.0	0.0	0.0	0.0
Node 124		7.36407	7.59938	7.584340000000001	6.8369	7.29635	5.02975	5.02463	6.69089	4.2285	8.170729999999999	5.99266	10.92505	6.96378	8.677859999999999	5.59347	9.36552	6.65537	3.16944	6.80223	2.86065	0.0	0.0	0.0
Node 174		8.01747	2.56092	8.42105	3.6035	7.893210000000001	6.32759	7.06729	7.64807	5.01102	6.4491499999999995	3.4654499999999997	8.48071	6.797269999999999	2.35022	5.01003	6.17834	5.16681	4.24217	4.38933	2.13165	0.0	0.0	0.0
Node 52		7.68259	6.2502	11.50625	5.15442	6.16793	6.11357	6.0997	5.86571	5.16109	7.78055	9.005	7.48987	7.133589999999999	4.09943	9.84805	7.01281	6.2129900000000005	6.35822	6.10891	0.7885700000000001	0.0	0.0	0.0
Node 87		9.539019999999999	5.48288	3.60579	2.70089	5.58463	8.88568	2.84358	8.91293	6.60969	3.41896	5.87604	5.15807	4.9681999999999995	5.56651	6.16699	8.22594	8.83591	8.95729	5.36616	1.5985699999999998	0.0	0.0	0.0
Node 88		3.41024	6.12135	7.58852	5.3536399999999995	3.8439	7.000900000000001	8.30534	3.40359	6.635549999999999	4.000179999999999	5.956510000000001	7.228560000000001	10.36699	3.90629	8.58786	3.38552	9.07574	4.023750000000001	5.09837	1.46393	0.0	0.0	0.0
Node 2		10.99521	7.32618	6.8285	5.97418	7.0094	5.57243	8.62669	4.86622	4.28852	5.87326	6.13229	5.42696	6.37047	8.14134	10.90104	5.28681	5.64811	3.89362	3.68179	1.86121	0.0	0.0	0.0
Node 48		7.262589999999999	3.3467200000000004	6.83216	6.43095	6.90856	8.584700000000002	4.90633	4.28177	8.933489999999999	5.93384	6.78272	4.74912	6.9867	1.7265	4.76135	8.31751	8.61325	5.771310000000001	6.21768	1.7403600000000001	0.0	0.0	0.0
Node 122		8.44781	8.30877	8.73138	7.67766	5.69264	5.78616	4.90948	5.81242	5.29308	4.2331	7.02845	6.72616	6.48882	4.46202	9.43034	6.759270000000001	9.35117	9.72832	1.74701	2.18529	0.0	0.0	0.0
Node 162		7.44147	6.39908	6.85717	5.62872	11.10082	6.94844	6.55385	6.33891	6.37222	8.62498	7.35017	7.8277399999999995	6.30481	6.30153	7.6250100000000005	8.53284	10.15532	7.5403	4.55319	0.9308500000000001	0.0	0.0	0.0
Node 84		7.13901	5.43519	5.8607	7.77305	5.74993	6.05613	4.2805	7.8034300000000005	4.7521	5.42601	5.28415	8.984580000000001	7.677879999999999	6.75882	7.16357	7.87297	5.0531	3.9139899999999996	4.838	1.1198	0.0	0.0	0.0
Node 130		3.61415	7.513789999999999	8.261140000000001	7.39264	5.24655	8.05648	2.08306	4.12384	7.88783	4.31507	4.50984	4.41235	5.49322	7.32147	5.97507	6.6219600000000005	7.41171	5.24748	4.82747	2.86016	0.0	0.0	0.0
Node 114		5.543	7.214379999999999	6.06445	6.64025	8.75586	3.73951	6.23946	6.84824	6.77396	7.38635	6.978610000000001	6.88355	10.54998	2.55868	9.75599	10.40751	6.387230000000001	8.301070000000001	8.20177	1.74085	0.0	0.0	0.0
Node 135		7.59946	5.37003	1.51989	8.948929999999999	6.33031	4.64282	3.55923	7.365679999999999	6.607830000000001	8.94346	4.2238	4.01823	3.5159999999999996	7.97884	4.76336	9.39598	5.44579	4.77408	5.25471	0.9308500000000001	0.0	0.0	0.0
Node 34		6.953539999999999	9.70242	5.85693	9.77821	3.27143	8.57845	6.6880999999999995	9.1249	4.39191	4.2057400000000005	3.81033	6.09802	5.54312	9.44341	3.48181	6.96375	5.33591	6.8333	3.6067799999999997	0.9308500000000001	0.0	0.0	0.0
Node 168		8.36311	7.69006	4.94898	5.78425	6.39104	7.704070000000001	7.195690000000001	5.63854	7.0579	5.33446	7.270519999999999	4.67382	4.50063	6.402190000000001	6.527769999999999	3.5546800000000003	4.73808	12.622720000000001	3.92308	0.8099999999999999	0.0	0.0	0.0
Node 51		8.45138	5.92511	4.92661	5.35221	4.9519899999999994	4.7413799999999995	6.914530000000001	8.20595	7.41308	5.47172	7.89367	6.980630000000001	8.58703	11.059610000000001	12.24019	2.9385600000000003	2.53579	7.21449	5.5691999999999995	1.34308	0.0	0.0	0.0
Node 192		8.33514	5.36583	5.18168	6.71635	5.90375	7.60658	4.45518	8.96105	8.346960000000001	7.45605	6.756819999999999	7.498449999999999	3.37428	8.42282	2.8773400000000002	7.598879999999999	7.8684400000000005	7.47135	4.63432	3.2365	0.0	0.0	0.0
Node 195		5.50845	6.07432	8.453660000000001	7.18534	7.90174	5.4769	7.091830000000001	7.26185	5.77316	6.31649	6.821829999999999	5.00113	8.98188	7.41704	4.68499	5.99901	6.91883	10.41546	4.16726	0.9308500000000001	0.0	0.0	0.0
Node 142		5.39991	6.563689999999999	4.75016	10.14235	8.111500000000001	4.838760000000001	5.47155	6.01116	5.81847	5.93346	7.12767	4.81536	10.35717	3.8231	8.11075	8.67102	5.71856	9.79494	4.65944	1.74085	0.0	0.0	0.0
Node 19		7.00725	8.27269	6.8276900000000005	3.96375	4.6367899999999995	6.72311	5.80961	9.20453	7.23681	7.208240000000001	3.89051	6.88481	7.69683	4.22017	6.18787	10.26364	9.48453	4.70771	4.94732	1.46393	0.0	0.0	0.0
Node 5		8.709999999999999	5.45411	5.25943	4.56386	6.22432	6.24552	6.697150000000001	8.032549999999999	6.12609	4.95977	6.60323	5.02169	7.24851	5.79829	5.43415	5.1809	6.96678	9.594759999999999	6.81601	2.83873	0.0	0.0	0.0
Node 30		7.824409999999999	5.8936399999999995	12.5759	2.18093	8.8315	6.01368	8.14139	8.053059999999999	7.73764	4.34994	5.4726	5.49993	3.3745200000000004	5.77771	13.039609999999998	8.18895	8.52927	5.99905	7.340470000000001	1.5985699999999998	0.0	0.0	0.0
Node 57		7.3183	9.50289	7.06247	7.396859999999999	9.22673	6.77252	4.1545	6.457949999999999	6.2934	5.29885	7.86971	4.81451	7.56467	9.41526	3.36315	5.90264	9.966510000000001	4.93679	4.11406	0.8099999999999999	0.0	0.0	0.0
Node 64		8.61416	8.88826	2.76855	8.9264	5.34991	8.50389	3.45727	6.20532	5.50495	5.538860000000001	8.758040000000001	4.63776	8.23849	7.325080000000001	5.1523699999999995	7.72228	3.9661099999999996	6.256390000000001	3.6796599999999997	4.0465	0.0	0.0	0.0
Node 161		8.60284	6.5718499999999995	5.0463000000000005	6.861680000000001	7.041740000000001	6.48835	8.499139999999999	7.163990000000001	5.710839999999999	3.3076099999999995	9.03937	6.48238	6.89929	6.09019	4.47635	7.916969999999999	6.75252	5.89065	3.7922200000000004	1.5985699999999998	0.0	0.0	0.0
Node 101		2.6658399999999998	9.865269999999999	9.25425	8.10095	7.162730000000001	7.032190000000001	5.67119	6.25093	5.79121	5.01929	8.09602	3.80802	6.25463	4.99449	8.10634	6.57775	7.16927	6.23197	5.09708	2.83922	0.0	0.0	0.0
Node 187		7.73186	4.48496	8.06413	5.06187	8.90881	4.5657000000000005	5.888920000000001	4.40637	7.08936	6.14991	3.6845000000000003	6.01314	2.5690500000000003	4.678170000000001	4.48803	3.2139300000000004	5.75397	4.978	7.05119	0.7885700000000001	0.0	0.0	0.0
Node 145		5.48391	4.03954	5.4521	4.29667	6.9989	7.2937899999999996	7.9284300000000005	5.20817	7.560169999999999	3.7359799999999996	8.04538	8.72119	7.35224	4.51905	6.25213	7.51869	7.849670000000001	4.44651	5.34243	0.7885700000000001	0.0	0.0	0.0
Node 189		7.2776	5.8307	4.31351	7.193779999999999	5.12007	7.75207	2.91155	5.61993	9.5078	7.243479999999999	6.78836	6.6271700000000004	7.34395	8.15019	3.69785	5.4943	8.68693	5.39086	7.66785	3.1161399999999997	0.0	0.0	0.0
Node 127		6.91542	5.5655	7.45231	6.86297	6.85104	7.32749	5.13838	6.14572	4.97502	4.73281	7.04819	8.44892	7.14611	7.33699	9.7141	7.21753	6.27564	4.72351	3.1981599999999997	0.9308500000000001	0.0	0.0	0.0
Node 8		9.17573	6.297179999999999	3.97381	6.47712	8.54952	6.9245	5.08833	6.270530000000001	4.35612	6.22764	2.78658	6.97791	8.82029	3.5774	4.0469	5.9511	7.05761	6.247380000000001	5.7707	1.74085	0.0	0.0	0.0
Node 186		8.716569999999999	7.24968	6.39028	5.12798	5.64424	8.60737	5.7587600000000005	2.21666	6.74283	10.25246	10.91435	9.18713	4.52924	5.26499	7.066590000000001	6.451270000000001	10.426449999999999	9.43932	2.34614	2.52893	0.0	0.0	0.0
Node 83		8.95243	7.30445	6.55012	7.417949999999999	8.91803	7.80682	7.99247	4.58863	5.75589	8.384360000000001	6.72824	6.71798	4.095879999999999	5.1109599999999995	5.78095	5.874490000000001	8.47257	5.58417	3.70908	2.27393	0.0	0.0	0.0
Node 143		6.58829	6.4789200000000005	6.619800000000001	5.067130000000001	8.150640000000001	7.08775	4.089460000000001	8.61826	5.7599	5.76326	10.04654	5.4409	10.1135	8.37121	2.53649	6.0703	5.75012	5.74821	6.87011	2.27393	0.0	0.0	0.0
Node 95		8.23554	4.59673	6.76643	1.27832	4.91726	6.522409999999999	4.72271	3.64194	5.88267	7.057969999999999	8.817319999999999	9.38204	6.49981	6.51725	8.314	10.20985	10.25616	6.81084	7.533149999999999	1.9298	0.0	0.0	0.0
Node 148		9.9745	9.02102	5.61542	8.4527	7.0411399999999995	8.663170000000001	5.8981699999999995	8.05668	4.05791	2.80857	4.70425	7.3444400000000005	6.33108	4.97632	9.416549999999999	9.00687	4.93298	2.43514	2.9528	2.27393	0.0	0.0	0.0
Node 63		10.257109999999999	5.2987899999999994	4.47961	5.85081	6.65974	4.58174	4.240399999999999	7.7674900000000004	5.39051	4.01557	6.06448	5.8417900000000005	6.38247	3.98868	8.02337	8.24326	8.41151	9.831330000000001	3.21373	0.9308500000000001	0.0	0.0	0.0
Node 13		8.63009	5.07175	11.208260000000001	6.465890000000001	3.77201	9.45415	7.21523	7.308389999999999	5.41502	7.9069899999999995	6.93778	6.45261	9.24402	6.76296	6.524109999999999	6.99676	5.17448	5.45748	6.7673700000000006	2.32757	0.0	0.0	0.0
Node 47		5.93664	6.87847	6.6476999999999995	6.49747	9.1613	7.3601399999999995	7.47604	5.15397	5.90864	3.3811500000000003	6.005669999999999	5.17157	9.04093	3.6143599999999996	5.18162	5.43723	8.75877	4.0024	4.23535	2.05065	0.0	0.0	0.0
Node 159		8.29138	4.80436	9.300980000000001	6.026879999999999	4.95087	6.566180000000001	7.91859	6.306979999999999	8.16243	5.1523699999999995	5.99333	4.1548799999999995	1.8812200000000001	4.3835	7.796069999999999	3.80587	5.2780000000000005	6.60023	4.25367	0.9308500000000001	0.0	0.0	0.0
Node 36		11.11398	10.61063	5.947	4.438000000000001	5.63731	7.43553	4.77806	7.18245	6.33864	6.76383	2.32171	5.31943	7.8204899999999995	11.36713	4.94121	4.38964	10.42747	4.36488	6.916	1.9298	0.0	0.0	0.0
Node 3		7.073880000000001	6.574679999999999	6.24631	5.833060000000001	6.42863	5.248329999999999	5.0747599999999995	5.90295	8.035820000000001	7.19901	7.6462900000000005	6.86653	7.9714599999999995	7.481269999999999	6.14008	5.74411	4.03935	8.32942	9.333089999999999	2.44793	0.0	0.0	0.0
Node 113		6.905409999999999	6.40203	9.88661	2.7610099999999997	9.51559	7.797460000000001	8.68768	5.24782	5.33241	4.74193	2.99236	6.05845	6.25906	6.65684	5.24165	10.32798	9.5458	7.95059	4.56004	1.5985699999999998	0.0	0.0	0.0
Node 194		5.41599	8.014159999999999	7.512149999999999	5.73206	6.1315	3.7457200000000004	6.405080000000001	5.2507600000000005	7.9997799999999994	5.03954	7.3353	9.244380000000001	6.26853	12.781120000000001	11.3607	6.550980000000001	7.587629999999999	6.12049	7.02763	2.05065	0.0	0.0	0.0
Node 28		8.148710000000001	6.632639999999999	4.60434	5.590330000000001	8.16924	6.27677	4.5685	4.383900000000001	5.88925	4.61773	5.80424	6.4133	5.5084800000000005	7.11165	10.82527	4.93061	3.6917999999999997	7.39793	2.87656	2.27393	0.0	0.0	0.0
Node 175		7.33225	6.17084	7.11148	5.8693599999999995	5.26277	4.99913	7.77909	6.05073	6.8806	7.21665	7.34995	7.55021	6.788080000000001	4.1860599999999994	5.06489	8.38179	8.01663	6.370240000000001	6.2584	1.46344	0.0	0.0	0.0
Node 62		5.6186300000000005	8.22605	9.05499	6.41226	5.12648	8.52303	6.50961	8.20199	5.53097	6.84381	5.16922	5.36346	8.823319999999999	6.36335	7.89292	2.60643	3.5058899999999995	5.8299900000000004	2.74607	0.58672	0.0	0.0	0.0
Node 172		9.5029	6.976	5.7727	9.285309999999999	6.634729999999999	4.09437	5.78074	6.89859	6.6264400000000006	8.47577	6.437320000000001	3.99969	5.04383	4.8375	3.5653200000000003	4.48578	10.830639999999999	7.36822	2.94453	0.9308500000000001	0.0	0.0	0.0
Node 44		7.4591400000000005	4.9071	8.21011	6.883559999999999	5.55522	5.480440000000001	4.32531	6.94177	7.21329	10.81138	6.63106	6.5555	5.26358	5.98092	5.9261	5.36765	8.364099999999999	9.22732	4.59589	2.52942	0.0	0.0	0.0
Node 59		8.79091	4.07173	9.79534	7.01459	5.2380700000000004	7.6256	2.97611	6.40818	5.2430699999999995	6.96813	1.9838000000000002	5.46747	6.00662	5.34333	3.86313	5.32619	10.56001	7.13254	6.017440000000001	3.20429	0.0	0.0	0.0
Node 120		11.08876	4.48419	10.84045	5.55177	9.06767	8.60006	7.2830900000000005	4.728149999999999	9.29289	9.070839999999999	7.6173	6.05948	11.367420000000001	7.930180000000001	6.026129999999999	7.23512	7.93885	4.15135	4.93347	0.58672	0.0	0.0	0.0
Node 169		4.96198	6.24047	8.16151	7.59784	6.5942	5.60725	3.37446	5.93254	5.962350000000001	9.12209	6.97019	6.52431	8.34196	8.75345	8.412989999999999	6.827560000000001	6.91787	4.82544	4.40111	1.74085	0.0	0.0	0.0
Node 94		8.60845	6.19719	8.60677	6.21681	6.58387	8.10111	4.3794	8.48321	10.624550000000001	5.01777	3.5593399999999997	5.41759	10.00842	3.31237	7.77157	7.49547	5.93171	9.03281	6.3038	0.9308500000000001	0.0	0.0	0.0
Node 136		8.672970000000001	5.931109999999999	6.91165	5.3192900000000005	8.86175	7.88125	7.43067	4.45801	5.4552700000000005	7.275510000000001	3.7714499999999997	9.62532	4.24472	5.636270000000001	6.78986	9.129610000000001	5.70549	7.862410000000001	7.6735	0.7885700000000001	0.0	0.0	0.0
Node 70		10.659699999999999	8.38866	4.4473400000000005	8.67482	11.06401	5.47019	6.36987	7.61458	7.34553	8.901530000000001	9.88889	6.32606	6.84094	6.472650000000001	6.77573	5.50796	7.717250000000001	6.52619	4.23801	0.9308500000000001	0.0	0.0	0.0
Node 153		8.97856	4.77715	9.3923	4.98465	6.73918	7.541009999999999	5.66468	7.75232	3.56634	7.067189999999999	7.845879999999999	6.70626	6.54941	8.981599999999998	2.2681400000000003	11.01944	5.6970600000000005	4.59337	2.92059	1.7403600000000001	0.0	0.0	0.0
Node 129		3.63318	4.17459	6.591279999999999	5.088970000000001	5.55691	6.069660000000001	8.18102	5.20535	4.989529999999999	5.31264	3.1908100000000004	9.290320000000001	8.69817	7.71293	8.63677	6.8686	6.72754	6.60261	3.7545299999999995	1.34308	0.0	0.0	0.0
Node 134		4.10218	7.467160000000001	5.77564	7.71959	9.0819	8.50632	5.89548	5.44675	7.00807	8.533290000000001	7.974539999999999	4.61848	6.941020000000001	4.2275	7.035819999999999	5.5886499999999995	8.33797	6.19515	4.98883	1.86121	0.0	0.0	0.0
Node 33		5.04612	1.44431	7.624269999999999	7.18636	5.47164	3.9333899999999997	4.73779	7.68466	6.49281	6.9046899999999996	5.86907	5.52219	9.104429999999999	10.59344	9.42486	4.59187	7.27239	5.73959	6.43088	0.9308500000000001	0.0	0.0	0.0
Node 26		4.27388	5.13704	8.62034	5.29195	10.525170000000001	6.93852	6.2023399999999995	6.75471	5.6384799999999995	6.20062	6.41718	9.99533	3.98154	5.38139	6.834709999999999	6.26484	9.707880000000001	6.59131	2.80831	2.52942	0.0	0.0	0.0
Node 89		9.96592	7.5129	11.82543	5.13985	6.30971	4.59745	6.13704	5.46303	6.6369	6.12002	5.90594	8.26492	8.487160000000001	5.1489899999999995	4.24217	6.18427	8.83985	5.46209	5.22067	1.74085	0.0	0.0	0.0
Node 193		7.64392	5.66977	9.13578	10.039679999999999	7.07256	3.75005	5.92975	9.8248	4.5885299999999996	7.31268	9.10095	9.62807	4.81815	7.70767	6.05608	6.291320000000001	11.55383	7.617970000000001	6.43576	0.9308500000000001	0.0	0.0	0.0
Node 93		8.41766	8.803239999999999	7.37606	5.651479999999999	6.663049999999999	1.3832499999999999	6.31878	7.85594	5.564439999999999	5.58226	6.06089	5.35919	5.52609	6.779100000000001	6.6648	4.71936	8.63411	8.14175	5.17995	0.8099999999999999	0.0	0.0	0.0
Node 106		4.76249	4.5227200000000005	8.96162	5.856	4.87453	3.25442	5.56994	5.15524	7.9552	6.51736	5.18163	9.864370000000001	5.26514	9.93428	6.86704	2.56366	6.3611699999999995	8.111419999999999	8.16285	3.45978	0.0	0.0	0.0
Node 6		5.699	6.16345	8.47104	4.0964100000000006	7.8026100000000005	9.28242	6.5078	7.367319999999999	5.41695	4.16932	6.881130000000001	4.87474	4.3316	5.3037	7.13852	5.44019	6.809410000000001	4.45889	5.613300000000001	3.06201	0.0	0.0	0.0
Node 81		9.040560000000001	9.1173	8.149280000000001	6.54109	4.0476	6.49569	4.140610000000001	8.37311	9.08105	7.61588	2.32171	5.51983	3.49418	6.4238100000000005	3.7977700000000003	4.49679	8.44107	4.97002	7.32767	1.5985699999999998	0.0	0.0	0.0
Node 117		6.97827	4.87172	5.17075	9.132719999999999	5.24345	7.000049999999999	3.8208100000000003	4.37613	7.79653	3.60764	10.03627	8.91776	6.70172	5.12844	6.89785	3.66989	9.74493	9.55465	4.42499	2.52893	0.0	0.0	0.0
Node 25		9.70538	7.56531	5.51256	5.21549	6.782489999999999	8.531170000000001	9.49441	3.41021	7.405100000000001	4.77531	6.89056	9.023430000000001	6.571879999999999	7.487349999999999	6.21009	9.02579	7.36097	5.99573	2.1166	0.7885700000000001	0.0	0.0	0.0
Node 14		9.12125	3.5125200000000003	6.766560000000001	6.71586	9.341090000000001	8.11283	7.30407	7.795240000000001	5.31894	6.71345	6.656040000000001	10.11123	5.99906	5.94423	7.081510000000001	4.31112	5.613230000000001	4.66151	7.03613	0.9308500000000001	0.0	0.0	0.0
Node 54		11.75625	6.16226	9.87735	7.88635	5.7403	6.01241	4.08513	8.57693	3.88065	7.818899999999999	4.68885	6.83887	3.7505200000000003	4.6287	6.85719	7.60689	4.64478	5.19611	0.7976099999999999	2.52942	0.0	0.0	0.0
Node 50		5.90106	4.58055	10.59604	4.81124	8.62486	5.957450000000001	7.74004	3.1603	5.30949	7.27337	4.90692	4.03126	3.7138999999999998	6.223179999999999	7.452100000000001	7.89726	5.62626	5.53339	5.1026299999999996	0.9308500000000001	0.0	0.0	0.0
Node 154		2.95681	9.07047	9.182179999999999	7.34601	7.4471099999999995	5.78253	2.08273	6.513280000000001	3.76793	9.839459999999999	5.96532	6.63758	7.17349	6.477539999999999	2.01251	6.648	9.36028	6.3975599999999995	4.9343699999999995	0.9308500000000001	0.0	0.0	0.0
Node 23		4.72265	6.41259	6.18953	3.86825	3.7696300000000003	5.759460000000001	4.82031	5.56511	7.46565	4.038139999999999	3.25768	6.84099	12.913499999999999	7.59613	6.2542100000000005	4.21714	6.529459999999999	8.484	5.39276	0.0	0.0	0.0	0.0
Node 197		5.27811	4.47883	6.56384	6.88961	7.160030000000001	8.1218	8.95077	4.79293	7.10199	6.439509999999999	5.16695	8.559709999999999	6.70809	5.91391	4.7946599999999995	5.54459	6.134740000000001	7.21371	4.74489	2.27344	0.0	0.0	0.0
Node 173		10.259400000000001	5.77256	7.3272	5.56339	5.83441	5.94609	9.1663	7.015059999999999	7.99965	9.3415	6.488040000000001	8.5283	5.0698	5.75667	4.76789	4.92365	6.9146399999999995	3.4520099999999996	6.18485	0.8099999999999999	0.0	0.0	0.0
Node 198		7.16057	6.4357999999999995	8.15756	4.38001	4.94609	6.266900000000001	3.90208	3.71861	3.90592	6.43502	5.92093	8.02652	7.678599999999999	5.73996	9.503689999999999	8.32368	7.22126	6.18304	5.95695	2.32757	0.0	0.0	0.0
Node 16		7.7498	10.80725	3.76572	4.753480000000001	6.97417	5.857939999999999	7.29706	6.334919999999999	3.40455	4.51266	6.919690000000001	6.47157	6.3623899999999995	6.928929999999999	8.765789999999999	6.28648	6.00037	5.77957	8.761199999999999	1.7403600000000001	0.0	0.0	0.0
Node 73		7.57317	8.120239999999999	6.545629999999999	7.6575500000000005	8.25526	5.923649999999999	7.456519999999999	8.75477	5.74068	5.44848	6.56771	7.81643	6.67904	5.59065	8.32561	8.061440000000001	8.808539999999999	6.3003	7.08177	2.27393	0.0	0.0	0.0
Node 180		8.68043	1.96092	7.72095	3.80006	3.59293	6.75044	5.06973	6.41955	3.3911700000000002	3.7490099999999997	3.7248099999999997	5.6397	7.6350299999999995	5.6008700000000005	5.74813	5.41467	6.60771	5.59297	2.34614	0.9308500000000001	0.0	0.0	0.0
Node 32		5.4892900000000004	9.126769999999999	7.562530000000001	9.91858	7.27561	9.36177	6.26153	7.53841	7.958089999999999	7.9115400000000005	4.19753	5.85312	6.16522	6.64394	8.08272	6.73465	7.27507	3.89419	3.3832500000000003	1.5985699999999998	0.0	0.0	0.0
Node 158		5.76083	2.9440299999999997	5.07923	9.275120000000001	8.0299	6.7541199999999995	4.8431500000000005	4.10819	7.791729999999999	6.177309999999999	3.2231	8.75188	7.082629999999999	5.41596	6.86252	7.24334	6.973310000000001	10.0992	3.03179	0.0	0.0	0.0	0.0
Node 176		7.921449999999999	5.76757	9.09849	9.76596	7.47874	7.664319999999999	8.25786	8.01275	6.5618099999999995	6.710140000000001	5.8415799999999996	9.12707	6.27954	6.372990000000001	8.58275	8.83706	5.10082	8.57594	5.79204	0.9308500000000001	0.0	0.0	0.0
Node 29		8.04507	5.43058	9.27827	5.27415	5.62816	5.99135	6.9884	5.15524	2.9241	6.15548	7.03216	6.9827200000000005	7.115259999999999	3.7566299999999995	9.826260000000001	6.64658	6.849570000000001	6.41395	3.5230900000000003	0.9308500000000001	0.0	0.0	0.0
Node 126		8.80029	9.37797	5.83073	6.829109999999999	6.18869	2.89399	4.60154	9.76409	5.14014	5.58619	8.2402	9.00148	5.16671	8.07403	5.98498	8.504249999999999	6.44208	7.9162300000000005	6.74336	0.9308500000000001	0.0	0.0	0.0
Node 146		4.7933900000000005	1.5889400000000002	7.90744	6.7480899999999995	7.612190000000001	7.9761299999999995	6.46018	7.6127899999999995	9.75689	7.052029999999999	10.24939	4.36895	14.037730000000002	5.690230000000001	7.535699999999999	3.5003100000000003	7.853440000000001	5.26265	4.3344000000000005	0.9308500000000001	0.0	0.0	0.0
Node 179		6.13812	5.234	9.32825	4.79342	7.271940000000001	4.09744	5.29259	6.78913	8.56321	6.58666	4.0755300000000005	6.30874	5.39205	7.08688	7.788889999999999	4.66647	5.27639	6.50186	8.78497	3.06201	0.0	0.0	0.0
Node 196		6.1593	5.31471	6.62075	7.997940000000001	8.15593	5.940659999999999	2.20864	3.2233400000000003	5.71048	5.82116	7.477739999999999	6.659560000000001	5.771	6.56708	6.2187600000000005	6.26484	9.24784	4.955629999999999	5.9583900000000005	3.0625	0.0	0.0	0.0
Node 190		7.51869	7.41806	7.106560000000001	6.49747	4.94804	1.86828	6.59728	6.664739999999999	6.8523700000000005	5.23591	4.515000000000001	2.9637000000000002	4.20452	4.84402	6.67439	6.7924999999999995	4.43628	4.9859100000000005	2.33188	1.74085	0.0	0.0	0.0
Node 42		8.37546	7.38684	5.09215	6.1395	3.8719499999999996	7.939450000000001	4.6315	10.16811	6.41004	8.415989999999999	8.33513	4.48842	10.27655	8.19911	6.8413699999999995	6.18125	7.70662	8.79617	3.54906	0.9308500000000001	0.0	0.0	0.0
Node 67		7.53625	5.36333	6.66175	4.39705	4.82179	8.651019999999999	7.741140000000001	7.79488	6.837269999999999	3.5191399999999997	1.45397	5.45735	4.6647099999999995	9.551400000000001	3.90012	5.20128	7.11025	3.4493000000000005	6.29468	2.27393	0.0	0.0	0.0
Node 7		6.31706	5.49215	9.141539999999999	3.4495299999999998	8.47266	5.752129999999999	8.0366	7.545680000000001	6.106459999999999	7.843450000000001	4.60962	9.96592	5.21972	5.8838	6.783440000000001	8.36908	6.23354	4.07855	6.7814	0.9308500000000001	0.0	0.0	0.0
Node 9		12.28659	3.3334900000000003	8.321670000000001	4.30262	2.25845	7.61593	8.09576	6.7176	5.852799999999999	10.83175	7.546360000000001	8.72478	9.2343	10.40026	5.29706	4.52016	7.567010000000001	6.68986	5.83239	2.67121	0.0	0.0	0.0
Node 104		5.60054	8.70878	8.14208	7.63056	7.811719999999999	6.7192799999999995	4.79635	3.9979099999999996	4.61378	7.258159999999999	3.83675	8.25205	4.54084	6.16723	6.031000000000001	4.44037	4.5531500000000005	7.535640000000001	5.45341	0.9308500000000001	0.0	0.0	0.0
Node 131		10.5563	7.61525	8.2314	6.35318	7.1407300000000005	4.90535	5.25758	10.9133	6.57421	6.29258	2.67704	6.72903	7.72621	8.96781	7.0489	6.39029	9.23003	7.9173599999999995	6.7844	0.7885700000000001	0.0	0.0	0.0
Node 144		7.679139999999999	6.5142500000000005	7.674739999999999	2.79692	6.54218	6.22409	5.41373	8.04797	6.00369	3.90941	5.85803	6.90148	4.96396	6.6142199999999995	6.87381	9.34182	7.14278	7.4012400000000005	6.776600000000001	1.9298	0.0	0.0	0.0
Node 147		5.81822	8.343689999999999	6.9757	8.19512	5.87223	7.84052	3.54212	4.905679999999999	6.396159999999999	8.28613	5.478269999999999	6.336500000000001	6.0140899999999995	4.75942	3.95702	3.91082	9.35392	5.42335	7.244979999999999	0.0	0.0	0.0	0.0
Node 171		7.0615499999999995	6.97776	7.79793	4.20151	6.20298	7.82639	8.8591	5.29998	4.57893	4.0526100000000005	6.13525	7.86845	7.832350000000001	5.16338	12.88627	9.694899999999999	7.124750000000001	3.8329799999999996	2.78918	0.9308500000000001	0.0	0.0	0.0
Node 35		7.66685	8.450009999999999	6.74805	4.56728	7.19366	10.35536	7.085610000000001	8.11767	2.71374	5.00151	4.59733	8.24042	5.98628	6.463240000000001	8.25941	4.90833	6.67389	5.30819	8.82322	2.30614	0.0	0.0	0.0
Node 150		8.21383	6.26613	6.08743	4.37114	6.4155299999999995	2.67815	5.50794	5.55655	9.73614	4.68101	6.12481	9.84582	7.31789	10.22584	6.7452700000000005	6.640949999999999	5.90641	6.10513	4.81569	1.74085	0.0	0.0	0.0
Node 149		9.45026	8.79766	7.30943	8.0092	6.670719999999999	6.48109	1.87523	5.90648	8.323	5.26197	3.6829300000000003	8.67702	5.49119	6.46453	9.08231	7.59976	5.7355599999999995	7.61921	6.359869999999999	3.9928600000000003	0.0	0.0	0.0
Node 69		7.7922400000000005	6.66582	5.79343	7.50316	7.17901	7.01185	1.5879899999999998	5.86972	5.44307	6.00954	7.783370000000001	3.9763699999999997	5.439030000000001	6.16189	6.7174	6.85542	8.40447	4.85904	6.17044	2.13165	0.0	0.0	0.0
Node 188		6.87327	5.5675	6.736599999999999	3.0865400000000003	6.62875	6.5296	6.52508	7.31358	6.9804900000000005	5.19607	12.22189	6.22941	8.47653	5.67405	6.05866	7.64578	6.04814	2.0435499999999998	3.0277600000000002	0.8099999999999999	0.0	0.0	0.0
Node 58		5.26361	4.94072	9.2102	2.35199	3.2415100000000003	5.47309	6.92043	3.4938499999999997	4.45319	7.94333	7.593660000000001	5.14336	7.66096	4.636839999999999	3.5514900000000003	7.27992	10.64461	6.3741	5.215050000000001	2.30565	0.0	0.0	0.0
Node 119		9.09456	6.10307	9.10044	7.4075500000000005	9.26671	5.892	4.68403	6.61279	10.008469999999999	8.56053	6.846049999999999	4.47151	4.20498	7.082610000000001	5.31608	6.27418	4.58106	5.333	4.34149	3.06201	0.0	0.0	0.0
Node 185		8.80029	4.911449999999999	6.11081	7.3224800000000005	7.79111	6.47169	8.63878	6.59268	5.88994	8.426359999999999	7.76669	5.70001	3.80648	4.678439999999999	7.28139	6.78528	6.15326	8.13536	3.58078	2.27393	0.0	0.0	0.0
Node 184		9.86199	4.04283	9.20539	4.2515	7.03899	6.6025	7.6965699999999995	5.77666	6.08034	7.623489999999999	7.6658599999999995	6.360689999999999	10.55762	5.7253	11.1515	8.218350000000001	8.42421	7.01283	4.46161	3.18286	0.0	0.0	0.0
Node 37		9.82992	5.37404	9.17192	6.21866	6.11416	7.3774999999999995	4.0892	6.93664	6.94082	6.796209999999999	7.77752	6.857810000000001	5.95868	4.22658	3.69872	6.93165	6.424390000000001	6.865010000000001	5.0343800000000005	1.74085	0.0	0.0	0.0
Node 110		9.584810000000001	2.1786	5.42758	6.23934	4.65354	7.07839	5.97405	4.271599999999999	6.80185	4.0973299999999995	4.16297	4.80277	8.24563	6.55288	11.473949999999999	5.5489299999999995	5.327570000000001	5.2752300000000005	4.30905	2.32757	0.0	0.0	0.0
Node 160		8.89994	4.19167	7.12742	6.3323599999999995	5.63298	7.11094	8.17551	6.593350000000001	7.83272	4.68104	9.849689999999999	7.754700000000001	6.7757499999999995	6.55503	10.73367	8.88502	6.9177100000000005	7.12748	3.9489000000000005	0.0	0.0	0.0	0.0
Node 109		9.45738	7.67037	4.16237	7.18176	9.05358	8.42063	6.997190000000001	6.076560000000001	7.13535	5.76022	6.46013	7.32709	10.68844	5.30081	9.68426	9.5288	8.399750000000001	6.586119999999999	3.47098	1.5985699999999998	0.0	0.0	0.0
Node 71		6.4699599999999995	6.92726	7.78541	7.021819999999999	5.545	5.98518	4.76538	9.390320000000001	5.34856	8.61847	4.4928	7.05717	4.4787	11.06802	6.04247	7.61773	6.89847	6.33037	9.11796	0.9308500000000001	0.0	0.0	0.0
Node 1		6.64399	8.047659999999999	3.65571	5.4456	5.14047	7.9081	10.069880000000001	6.55809	5.18691	6.582590000000001	7.84365	8.898060000000001	4.98428	5.8998099999999996	4.87784	5.25389	3.28398	9.22008	6.13096	2.13165	0.0	0.0	0.0
Node 141		10.33663	2.69118	6.48048	10.44413	8.78034	5.8944	8.44651	6.24171	3.85413	5.08974	4.93995	5.752009999999999	7.0074	6.24114	3.45289	9.807789999999999	9.05638	5.88883	4.35674	1.74085	0.0	0.0	0.0
Node 140		8.5486	6.552379999999999	9.59102	6.26299	6.06576	6.69062	8.499329999999999	7.18103	3.7603299999999997	9.83041	7.7502	8.99223	8.0652	4.93363	6.21384	4.6031	6.437049999999999	9.04001	7.05427	0.0	0.0	0.0	0.0
Node 90		6.640219999999999	3.93993	9.84404	5.28976	5.3858999999999995	8.987359999999999	4.9098999999999995	4.36029	6.689539999999999	8.426029999999999	5.495089999999999	6.967969999999999	1.8725100000000001	8.5338	3.9539199999999997	5.50976	9.56337	6.991459999999999	4.81482	3.1161399999999997	0.0	0.0	0.0
Node 132		8.07888	9.2583	5.253229999999999	7.48872	9.72942	7.3922799999999995	5.12347	6.5294099999999995	8.8771	8.76489	3.2769899999999996	7.69464	9.538530000000002	4.14245	5.6216099999999996	5.32619	10.79667	8.583300000000001	3.64705	1.74085	0.0	0.0	0.0
Node 80		8.31279	9.5684	6.07869	4.356610000000001	5.48631	6.91244	5.58183	8.4877	4.44747	7.27045	6.390129999999999	8.578850000000001	7.3726899999999995	5.31158	8.125680000000001	9.28209	9.38049	5.53076	5.5606	0.9308500000000001	0.0	0.0	0.0
Node 21		6.85505	5.87148	5.95477	3.11128	9.47928	7.45083	4.36867	7.66392	5.65161	6.63762	7.76704	8.60708	9.490369999999999	8.95253	5.97235	4.08664	7.029820000000001	4.5564100000000005	5.6316999999999995	0.9308500000000001	0.0	0.0	0.0
Node 49		6.76076	4.62896	8.85306	4.54406	11.482009999999999	5.99397	5.06328	9.42182	3.19481	10.02741	6.0616	8.0422	3.6827699999999997	2.81314	9.47708	4.53526	8.50614	3.28136	2.87656	0.0	0.0	0.0	0.0
Node 177		8.22331	4.77012	9.90502	4.85675	4.22117	3.85702	6.313820000000001	9.723329999999999	5.26495	6.419460000000001	4.43048	6.00877	7.74784	6.69842	6.36709	5.5074499999999995	4.35131	6.0019599999999995	4.84717	0.8099999999999999	0.0	0.0	0.0
Node 100		7.7975900000000005	6.5040700000000005	7.64784	7.5213	6.24085	11.74327	2.50851	5.03114	4.56485	8.60943	5.6238	5.48765	5.92078	4.86426	6.12764	6.93138	4.43476	4.3087	5.5962	1.74085	0.0	0.0	0.0
Node 156		6.24956	7.583710000000001	7.3595999999999995	4.49611	6.861599999999999	4.23512	0.5576399999999999	5.30757	6.580909999999999	6.3331100000000005	6.551310000000001	8.9731	5.50856	7.371320000000001	8.81059	9.92726	1.33092	6.7517499999999995	6.40285	3.25793	0.0	0.0	0.0
Node 157		5.62517	5.5143699999999995	5.71602	3.1911	5.17103	9.73941	5.19982	5.06159	6.2336599999999995	5.66521	5.518350000000001	7.9956700000000005	4.22504	6.09089	6.84741	5.14893	9.66821	9.74681	6.81576	3.64873	0.0	0.0	0.0
Node 98		6.572039999999999	7.94342	7.1271	7.133839999999999	4.78487	8.4747	5.54883	9.05623	9.030299999999999	4.346769999999999	2.88798	8.993170000000001	5.4121500000000005	4.11328	6.19024	5.91868	7.756480000000001	9.25781	3.82048	0.9308500000000001	0.0	0.0	0.0
Node 115		9.01145	6.91523	6.20765	5.9168199999999995	3.7803999999999998	2.9077800000000003	1.5879899999999998	7.59763	5.61816	8.83075	7.645989999999999	7.3862	6.30066	5.37551	7.045260000000001	3.5792100000000002	5.50541	4.50866	6.47745	1.74085	0.0	0.0	0.0
Node 183		8.7637	7.36779	7.60352	5.9246	4.80963	5.26621	8.07141	11.90784	6.012370000000001	4.81963	9.02563	3.9920400000000003	6.37329	7.29166	11.2779	10.11763	8.02957	6.48508	7.90976	2.2525	0.0	0.0	0.0
Node 105		4.2665500000000005	8.43932	7.027029999999999	6.840209999999999	8.784419999999999	4.78756	4.54084	8.42726	5.8766300000000005	5.85157	6.33534	3.51183	8.97849	5.20561	7.40145	8.56659	8.627799999999999	4.66577	4.06487	0.9308500000000001	0.0	0.0	0.0
Node 199		6.6548	8.52756	4.6899999999999995	6.62942	7.576149999999999	6.28225	4.10139	7.17216	2.7064399999999997	9.81393	8.2068	7.6941999999999995	6.468889999999999	6.05009	8.39111	5.70452	7.61473	4.060169999999999	3.51633	4.0465	0.0	0.0	0.0
Node 118		8.64232	6.416589999999999	7.095260000000001	4.27598	6.01868	7.45623	8.26477	8.37731	7.90365	6.712079999999999	7.1129999999999995	6.70295	9.508220000000001	5.59939	6.32991	3.08636	5.94338	7.132040000000001	5.12709	0.8099999999999999	0.0	0.0	0.0
Node 45		7.8655	7.51334	7.9825800000000005	3.00781	5.96223	6.516360000000001	5.91516	5.04043	3.3274199999999996	2.76716	6.13102	5.87275	8.55502	9.417309999999999	5.40173	6.51751	9.82735	4.11813	4.05352	1.32165	0.0	0.0	0.0
Node 15		9.9328	9.04055	6.42512	4.3179099999999995	7.537679999999999	6.96734	6.959020000000001	5.29705	6.835660000000001	6.38665	6.814630000000001	6.7024799999999995	9.427059999999999	7.49459	7.44816	8.29058	2.38879	5.42091	7.1222199999999996	0.8099999999999999	0.0	0.0	0.0
Node 17		5.74259	5.33063	8.02476	6.147869999999999	2.68054	11.69115	5.47687	6.8040199999999995	8.082989999999999	2.28859	6.31057	5.7148200000000005	4.14452	7.65208	6.95091	3.6139699999999997	8.35827	7.74588	5.98154	0.9308500000000001	0.0	0.0	0.0
Node 170		9.07846	6.35732	5.74127	6.11586	7.59758	8.6507	5.8219	4.88	6.926450000000001	6.938039999999999	7.34528	9.6142	7.24028	6.57933	4.50268	7.565379999999999	5.54702	9.072320000000001	10.24211	3.1161399999999997	0.0	0.0	0.0
Node 182		7.24993	6.89327	9.22229	8.13918	4.40362	5.95819	7.820530000000001	8.82464	6.0143	7.683039999999999	7.62293	8.2954	5.31747	6.521190000000001	6.91039	8.78196	7.1433	5.87933	3.89399	0.9308500000000001	0.0	0.0	0.0
Node 39		4.26677	6.96968	11.07031	5.0012	5.525469999999999	4.76825	7.61566	6.83111	3.4123300000000003	4.96811	7.45017	5.17846	5.66523	5.14262	7.67918	7.25334	9.15642	6.5845	2.4828200000000002	0.9308500000000001	0.0	0.0	0.0
Node 77		4.18747	5.1253	8.31391	9.01169	5.68197	4.69483	6.04427	6.00783	7.80991	6.973590000000001	7.41122	8.33966	8.67933	7.28163	6.9771600000000005	3.78834	5.62322	5.0956	5.86742	0.9308500000000001	0.0	0.0	0.0
Node 102		12.50694	2.76968	4.39037	9.69136	6.61076	6.95008	6.71031	6.30111	9.771920000000001	6.06881	9.10444	8.29692	6.00625	9.38401	11.566	7.707890000000001	7.347049999999999	6.680479999999999	6.3454999999999995	3.20429	0.0	0.0	0.0
Node 155		9.15175	5.74238	9.30704	3.73741	6.02282	7.339619999999999	8.04922	6.90244	3.3280499999999997	8.882769999999999	6.26334	7.53202	9.575019999999999	7.95955	9.885919999999999	6.24789	8.7841	7.95313	7.66554	1.5985699999999998	0.0	0.0	0.0
Node 61		8.47668	7.15435	9.2127	6.908309999999999	6.99665	7.43248	5.31051	5.3858299999999995	7.193779999999999	4.01814	5.35812	6.461749999999999	10.42823	6.579079999999999	5.95313	5.15567	6.17354	6.72353	5.83648	1.7403600000000001	0.0	0.0	0.0
Node 121		5.86225	4.44581	6.493469999999999	4.98462	6.73014	7.28814	8.92456	6.847849999999999	5.939769999999999	8.96557	7.595929999999999	8.16827	8.64617	3.6913099999999996	9.60424	8.49596	9.019779999999999	4.22382	7.94884	2.52942	0.0	0.0	0.0
