Node 161		3.2328099999999997	0.57738	1.8626299999999998	2.3677099999999998	3.95051	0.0	1.2725	0.77479	1.86571	6.889000000000001	1.32681	0.7427600000000001	5.48679	2.41631	2.49187	2.75421	2.1886900000000002	2.41736	1.5053	0.53308	0.0	0.0	0.0
Node 154		3.09779	0.0	5.36267	2.54209	4.41948	2.31469	2.5251699999999997	0.75032	0.0	3.73379	2.67122	2.69721	1.19244	3.72626	0.0	0.61919	2.61891	2.25271	1.51571	2.44793	0.0	0.0	0.0
Node 52		0.0	0.98641	0.9823200000000001	2.6635	1.5047899999999998	2.35024	0.9544699999999999	0.75032	1.5014100000000001	3.29941	4.9270700000000005	1.7001	4.37431	2.74581	2.69866	1.6645400000000001	4.2834200000000004	0.73227	1.5053	0.9303600000000001	0.0	0.0	0.0
Node 25		1.38212	0.59729	5.6980200000000005	2.72315	5.54506	0.0	0.69743	3.83016	0.0	5.02555	0.77742	1.49323	4.22866	3.8179600000000002	4.64459	1.59919	2.50223	1.2606600000000001	2.68211	0.9303600000000001	0.0	0.0	0.0
Node 58		2.1597	0.57738	1.65512	2.25572	3.2410599999999996	2.24343	0.6602	3.6458699999999995	0.9337099999999999	0.56495	1.6955000000000002	3.06906	2.57611	3.4868900000000003	3.47277	3.0412000000000003	3.02492	2.54046	3.2288799999999998	0.0	0.0	0.0	0.0
Node 191		0.0	3.06161	3.2707100000000002	3.50035	4.90188	1.36965	1.4627400000000002	4.10105	3.38008	4.24731	0.8989	0.90674	7.20991	1.9579699999999998	3.47277	3.4022900000000003	0.9007299999999999	2.82301	3.3832500000000003	0.0	0.0	0.0	0.0
Node 26		1.38212	4.2149399999999995	7.33639	2.63453	1.5944500000000001	4.55803	1.79902	2.7286799999999998	1.61544	2.61507	2.85271	3.21919	0.76578	1.0439399999999999	6.88865	1.1908	2.32958	1.2606600000000001	2.00941	0.9303600000000001	0.0	0.0	0.0
Node 143		1.57133	0.7728999999999999	4.42274	1.4997500000000001	4.76243	0.0	3.26528	2.39559	3.9239999999999995	2.30773	0.9948999999999999	0.7427600000000001	0.97955	1.28027	6.1749	0.97308	1.43957	1.303	0.9308500000000001	0.0	0.0	0.0	0.0
Node 127		0.74671	0.69301	3.4122899999999996	2.57945	4.6196	0.0	2.2701599999999997	3.96331	1.5935899999999998	4.3048	1.38304	4.7492600000000005	0.76578	0.5127999999999999	0.8662700000000001	4.09939	4.35124	2.05447	1.33731	0.0	0.0	0.0	0.0
Node 41		3.24732	2.2568	0.87538	5.30937	6.36518	1.47376	3.81458	2.53445	1.8846999999999998	4.48546	1.32681	1.6425100000000001	1.71494	2.03075	2.2745499999999996	0.0	2.92749	3.70059	0.62721	0.0	0.0	0.0	0.0
Node 195		2.67978	2.5571900000000003	4.33364	2.10762	2.06003	2.30008	2.13461	1.9740600000000001	4.47696	2.95653	4.2090700000000005	1.3483800000000001	2.59993	5.57537	0.0	0.61919	1.66286	1.7362300000000002	1.55757	0.0	0.0	0.0	0.0
Node 177		2.50497	1.76983	2.29207	3.84492	5.19299	3.2545499999999996	3.63206	2.8731400000000002	2.05572	3.17005	0.9948999999999999	1.72459	3.7137999999999995	1.68369	5.46525	1.8447000000000002	2.6362	1.45868	0.0	0.0	0.0	0.0	0.0
Node 89		2.30244	1.7593100000000002	3.4840000000000004	2.49417	4.668089999999999	2.36995	1.6249	1.30508	2.84561	0.56495	1.6763199999999998	1.85624	1.83366	2.2893	4.74372	2.8015499999999998	6.391579999999999	0.0	2.23482	0.9308500000000001	0.0	0.0	0.0
Node 22		1.29866	1.39949	3.5136399999999997	3.9718999999999998	3.78463	0.75366	1.98252	0.53029	1.50997	3.73644	0.0	3.1593799999999996	3.94308	1.27763	2.66691	0.51446	0.0	1.8424699999999998	0.0	0.9308500000000001	0.0	0.0	0.0
Node 40		0.0	0.69301	0.83915	4.73926	0.80609	1.52396	2.27201	1.28061	3.0342700000000002	2.09388	2.30502	0.53589	2.796	1.22718	6.154	0.86264	1.52399	2.92368	1.2648700000000002	1.3967200000000002	0.0	0.0	0.0
Node 188		1.82772	3.009	3.0611099999999998	0.76458	2.29205	2.88774	0.0	2.49289	1.49072	2.47186	0.9411400000000001	0.0	4.1597599999999995	1.49961	3.5284700000000004	4.88614	1.8149700000000002	3.11829	2.91243	0.8099999999999999	0.0	0.0	0.0
Node 182		3.0463400000000003	0.0	3.50996	1.4580600000000001	4.31727	1.62998	3.2897299999999996	3.8851400000000003	3.23692	4.30644	1.65385	0.66358	2.78331	0.76578	1.36832	0.9975100000000001	2.13583	2.10466	1.50481	0.53308	0.0	0.0	0.0
Node 3		1.36718	3.3095600000000003	0.98725	2.14079	3.87627	0.0	0.63625	1.30508	2.76784	2.66115	1.6763199999999998	0.90674	6.29103	0.0	0.0	0.0	0.9007299999999999	4.0000599999999995	2.1349199999999997	0.0	0.0	0.0	0.0
Node 16		1.51227	4.9733	3.4672899999999998	1.57498	1.6687899999999998	1.5047899999999998	1.35763	5.63725	1.5833400000000002	2.00454	2.44167	2.72464	0.97955	3.2087699999999995	4.7146	2.47655	2.31298	1.91511	2.86099	0.0	0.0	0.0	0.0
Node 45		0.77273	3.07891	6.9248400000000006	1.5741100000000001	3.63956	1.36058	3.7974300000000003	2.63817	0.8217399999999999	5.836729999999999	2.44749	1.7001	0.76578	2.52182	2.49295	2.34404	1.66932	0.58487	1.7403600000000001	0.9303600000000001	0.0	0.0	0.0
Node 152		3.09927	1.3502800000000001	2.28633	1.57498	3.16692	2.99248	0.5709500000000001	5.30834	0.0	4.510759999999999	2.3060199999999997	1.14151	2.5922899999999998	1.6728699999999999	5.131	0.0	1.9381099999999998	2.47776	3.5287399999999995	0.53308	0.0	0.0	0.0
Node 165		1.8793399999999998	0.57738	2.4888299999999997	1.7678200000000002	1.48041	2.28829	2.51813	3.2056800000000005	1.9915200000000002	3.82509	2.47055	1.45834	3.18487	4.1571	0.0	0.97308	0.0	2.12427	0.62721	0.0	0.0	0.0	0.0
Node 74		1.96813	1.2703900000000001	2.86466	1.72321	6.33302	0.0	1.30668	0.9997499999999999	0.0	2.67921	1.46385	2.33021	0.0	3.03673	2.49187	0.75483	1.73689	2.49614	2.43127	1.34308	0.0	0.0	0.0
Node 101		2.96496	0.0	1.5753300000000001	1.25705	3.2410599999999996	1.36058	2.84236	0.53029	1.3521800000000002	5.36358	0.9411400000000001	0.0	0.66358	1.81529	3.19824	2.1754	1.44209	2.8192600000000003	3.74004	0.0	0.0	0.0	0.0
Node 178		3.2489	0.59729	3.24532	1.69639	2.27984	2.02669	2.67523	1.87339	1.12116	4.69114	2.2893299999999996	0.0	4.70764	4.20954	6.39222	2.47655	0.9756	1.09209	2.36806	0.0	0.0	0.0	0.0
Node 96		2.74169	0.0	3.7026000000000003	2.5409	3.00292	3.36151	4.20687	0.0	2.24265	1.36805	1.7781399999999998	0.81785	4.53057	0.53114	3.4961399999999996	1.86015	2.24516	0.65445	5.56539	0.0	0.0	0.0	0.0
Node 32		0.62047	3.85181	3.90677	2.54015	4.87852	3.22642	1.12859	0.53029	3.18911	2.82578	3.3081600000000004	3.0488500000000003	4.17118	2.48186	6.04267	5.04312	6.144369999999999	0.5744499999999999	3.46882	0.0	0.0	0.0	0.0
Node 67		1.56118	3.03646	4.1771	5.1458900000000005	0.0	3.6609599999999998	2.48717	2.24246	1.4124599999999998	3.02773	2.43856	1.94223	2.59471	2.13427	2.2714499999999997	0.76916	2.25576	0.0	2.23482	0.8099999999999999	0.0	0.0	0.0
Node 1		0.63877	3.57983	0.0	4.51736	2.91946	4.2648600000000005	2.6451599999999997	3.8851400000000003	4.203670000000001	3.33808	0.0	1.5472299999999999	3.2169299999999996	1.3681	1.64051	0.9975100000000001	0.6872600000000001	0.71766	3.05935	0.0	0.0	0.0	0.0
Node 122		1.37134	0.57738	5.61954	2.39018	4.80719	4.123530000000001	1.59001	0.53029	0.0	1.6634099999999998	3.0991299999999997	0.7427600000000001	1.9287100000000001	4.08583	5.34051	0.0	0.76916	1.5012400000000001	4.41592	0.9303600000000001	0.0	0.0	0.0
Node 31		1.6494000000000002	0.0	2.84411	1.5890499999999999	5.7637	1.3622699999999999	1.9364200000000003	3.9888600000000003	1.29328	4.08941	0.71376	1.98699	2.89861	1.06	2.13967	4.82463	3.5196400000000003	0.0	0.5744499999999999	0.0	0.0	0.0	0.0
Node 55		0.62047	1.7593100000000002	3.90407	1.6436	4.4722100000000005	3.2238299999999995	1.9404899999999998	2.9258800000000003	0.66898	0.0	5.10538	0.73577	1.9064999999999999	1.75816	4.72502	0.97308	2.48299	0.65445	1.27714	1.46393	0.0	0.0	0.0
Node 147		2.2481999999999998	0.0	1.6113100000000002	4.130269999999999	1.67944	0.5709500000000001	3.5786499999999997	3.4960199999999997	0.0	3.88381	0.0	2.2359899999999997	2.45757	1.81301	0.77135	3.36237	3.1293599999999997	3.55382	0.0	0.0	0.0	0.0	0.0
Node 90		1.87598	2.76361	6.6591700000000005	5.0181700000000005	3.08949	1.7067999999999999	1.73817	4.56693	1.4371800000000001	2.3019000000000003	0.74617	0.53589	0.76578	1.18402	5.24506	2.52731	0.0	2.2715	2.79253	0.0	0.0	0.0	0.0
Node 171		1.38212	0.62761	5.15483	1.4997500000000001	2.68094	2.00636	4.43767	2.2865699999999998	2.2142399999999998	4.3163	1.51319	1.51236	1.74533	2.74776	3.7496300000000002	3.779	0.98206	2.35636	1.54843	0.9308500000000001	0.0	0.0	0.0
Node 137		0.6201	0.9823200000000001	4.43853	5.50729	0.0	1.9992400000000001	2.11274	2.90035	0.0	0.59157	2.11005	1.2786499999999998	1.3278699999999999	1.22718	1.6303100000000001	2.18159	3.02756	1.44848	2.1276300000000004	0.0	0.0	0.0	0.0
Node 159		0.87686	2.76968	0.8167000000000001	3.8845400000000003	5.4479	2.43813	3.06721	0.0	0.0	3.27246	0.0	2.2481299999999997	3.9623199999999996	3.32444	6.64304	1.5604200000000001	2.33377	1.91511	0.7508199999999999	1.7403600000000001	0.0	0.0	0.0
Node 66		1.32375	4.18494	1.8428300000000002	1.73169	3.4350400000000003	2.3500799999999997	0.67043	0.77479	1.12201	5.71312	5.75248	0.7427600000000001	2.0936500000000002	0.66653	1.39167	1.6167	1.21259	0.0	1.3843299999999998	0.0	0.0	0.0	0.0
Node 150		1.6606800000000002	3.08636	1.8263999999999998	4.27552	2.2773000000000003	0.88158	2.3599200000000002	2.30483	4.52375	5.43511	0.8989	0.90674	2.4972399999999997	1.75259	9.28809	0.0	3.64106	0.96726	0.9303600000000001	0.0	0.0	0.0	0.0
Node 49		1.30881	2.0632	3.11374	1.61321	4.5851999999999995	1.4184999999999999	4.59245	1.9389300000000003	3.2267400000000004	6.25709	3.23853	0.66358	4.03781	0.5062800000000001	3.90959	0.0	2.4016599999999997	0.0	0.0	0.0	0.0	0.0	0.0
Node 73		1.48718	0.73543	4.36693	1.69639	4.13407	1.3832499999999999	2.27201	3.6506700000000003	2.44146	2.82935	3.72662	1.35374	1.19244	1.5703600000000002	3.11214	2.9266400000000004	0.76916	5.2452	1.62127	0.0	0.0	0.0	0.0
Node 155		2.66148	2.08864	4.23962	4.201160000000001	4.7881800000000005	0.66484	1.94053	0.53029	1.1706400000000001	2.27631	1.4987199999999998	1.9064999999999999	1.62856	0.5062800000000001	4.90345	1.64942	1.65556	2.77582	0.0	0.0	0.0	0.0	0.0
Node 44		2.51475	2.11241	4.25083	4.11681	2.13057	0.85912	2.82254	2.2515400000000003	4.06226	6.12802	0.74617	1.35374	4.31541	2.1293699999999998	4.02317	1.6162200000000002	0.0	3.85015	4.2905	0.0	0.0	0.0	0.0
Node 197		2.6312100000000003	2.0632	3.77268	3.22987	1.48041	1.4291699999999998	2.76136	1.36551	0.0	6.360340000000001	3.2755600000000005	2.14501	0.8541099999999999	1.3024900000000001	2.35155	1.83572	3.10946	2.33036	2.0279599999999998	0.0	0.0	0.0	0.0
Node 9		1.6495900000000001	0.0	0.0	2.67538	2.4505	0.7201	3.24785	2.94934	0.9192499999999999	1.46429	4.39118	0.90674	5.112769999999999	0.5062800000000001	3.25591	0.9975100000000001	1.5879899999999998	3.04747	3.2505800000000002	0.0	0.0	0.0	0.0
Node 199		1.24057	1.46591	2.60357	1.51759	1.50001	0.0	0.6602	5.313070000000001	3.5168199999999996	2.80764	1.6549	3.69433	4.4883	2.52393	2.32177	3.3176499999999995	0.0	1.41953	0.7976099999999999	0.0	0.0	0.0	0.0
Node 18		2.0596799999999997	1.50833	4.694050000000001	2.32778	3.28144	0.0	1.6519	2.7982199999999997	0.50166	4.77474	1.36388	0.60562	4.103219999999999	0.98681	1.36832	3.2607	3.60262	2.77785	0.7859100000000001	1.51708	0.0	0.0	0.0
Node 118		2.46649	2.58142	1.73508	1.485	3.00292	2.35964	1.30668	0.9997499999999999	0.76284	4.1470899999999995	0.74617	1.6495	2.70551	1.36726	3.1643600000000003	1.53898	0.0	0.0	3.0284	0.0	0.0	0.0	0.0
Node 80		1.62357	2.29542	4.62876	3.21858	0.0	2.67644	2.48721	0.0	0.0	1.5231	0.9180799999999999	1.48143	1.77856	1.1919300000000002	3.48938	1.3678	0.8055899999999999	3.04065	1.60761	0.8099999999999999	0.0	0.0	0.0
Node 112		1.5896299999999999	0.57738	0.89225	1.76695	1.7477	4.0863	2.1141900000000002	2.28036	1.1706400000000001	4.29923	1.93604	0.0	3.3659000000000003	2.5370299999999997	0.76404	1.90624	0.95605	2.51446	1.20166	0.0	0.0	0.0	0.0
Node 65		1.38212	3.2744299999999997	2.6273299999999997	2.38036	1.7943799999999999	2.22877	2.27848	5.00866	2.93145	2.96236	1.70132	0.81785	3.5742599999999998	1.94223	2.42413	0.86264	3.5936700000000004	2.10293	2.06305	0.53308	0.0	0.0	0.0
Node 146		0.63877	1.53004	1.93497	2.84698	6.46492	2.03736	1.89295	1.58031	1.70093	3.0517	3.2960200000000004	0.0	3.8680199999999996	1.9745100000000002	5.00931	0.64314	2.1784399999999997	2.64622	2.34348	0.0	0.0	0.0	0.0
Node 59		0.73257	0.57738	0.0	1.60143	0.70977	0.66315	2.7839	1.28061	4.3103	5.3419300000000005	2.75083	2.1421099999999997	1.6203800000000002	0.5127999999999999	5.45958	1.72172	2.19062	4.62244	0.8099999999999999	0.53308	0.0	0.0	0.0
Node 38		3.6041	4.9113299999999995	0.98641	1.6856900000000001	1.4914800000000001	0.67551	4.50532	1.71217	0.76284	0.0	2.6399700000000004	0.0	1.77856	0.0	4.886340000000001	4.17919	1.87633	2.24899	0.9303600000000001	0.53308	0.0	0.0	0.0
Node 184		1.57133	2.57733	0.89593	3.4494999999999996	3.95716	2.22024	1.6002399999999999	2.28036	3.50235	2.03507	1.7185599999999999	2.51948	2.7273	1.17281	3.6513700000000004	3.02652	0.98206	0.58487	1.31763	0.0	0.0	0.0	0.0
Node 131		2.15104	1.2903	1.44431	1.45183	3.1642499999999996	0.0	4.54731	7.140059999999999	0.9337099999999999	1.6062900000000002	4.1873000000000005	2.39213	3.6805	4.41885	0.0	0.0	3.1843299999999997	5.84835	1.74085	0.0	0.0	0.0	0.0
Node 53		2.46313	1.2703900000000001	3.45907	2.6698	2.2975700000000003	2.24343	1.33368	2.65092	4.7201699999999995	0.59157	1.52178	3.89269	2.46685	0.90709	4.546589999999999	2.92769	0.52533	3.3605799999999997	1.3843299999999998	0.0	0.0	0.0	0.0
Node 198		2.271	1.31281	2.45907	2.54428	2.93666	3.6846799999999997	0.5576399999999999	2.6924099999999997	1.50997	4.35245	2.33727	2.04041	1.46259	1.71516	1.6303100000000001	3.10118	1.7512199999999998	3.92252	0.5744499999999999	0.58672	0.0	0.0	0.0
Node 179		3.5352099999999997	4.16103	4.30982	3.36925	5.49193	3.48845	4.58445	0.53029	0.0	5.38405	1.50609	1.72459	2.78282	2.96867	2.4061	2.56733	0.0	4.759320000000001	2.7787200000000003	0.9303600000000001	0.0	0.0	0.0
Node 87		0.0	4.87655	3.15362	1.61321	4.20388	2.2545200000000003	1.64467	6.17141	1.0932300000000001	1.44296	2.55275	3.24003	1.31798	3.3083799999999997	0.0	3.1443600000000003	2.64549	1.45868	1.62127	1.1198	0.0	0.0	0.0
Node 113		0.68834	2.51611	0.0	0.9776999999999999	0.0	2.82022	2.27848	1.4086400000000001	0.0	2.55511	5.72461	0.73577	2.6584	1.22718	3.1831199999999997	4.4183	1.8567799999999999	0.7689699999999999	2.59838	0.8099999999999999	0.0	0.0	0.0
Node 93		2.06254	0.0	5.01863	0.0	1.5786000000000002	4.38809	0.7148599999999999	5.24426	5.039020000000001	2.74883	0.0	0.90674	2.27419	1.27206	2.33197	0.69146	0.0	1.55213	2.37209	0.0	0.0	0.0	0.0
Node 119		1.53444	0.73543	5.272749999999999	3.1216	1.5113100000000002	1.6498499999999998	0.63625	5.62473	2.7051	1.5833400000000002	3.37764	0.0	5.54108	1.5703600000000002	3.42245	1.2980800000000001	2.77102	1.72717	2.32708	0.9308500000000001	0.0	0.0	0.0
Node 139		3.28574	3.81434	0.89225	0.84863	5.18198	3.87275	3.57325	2.28036	2.72684	0.72	2.50939	2.62349	2.45757	3.28896	0.0	3.9638199999999997	0.91424	0.96726	4.39295	0.8099999999999999	0.0	0.0	0.0
Node 15		2.4112999999999998	1.39949	3.4954699999999996	4.7297400000000005	0.6987	1.28083	0.6602	0.92981	0.94646	1.94142	1.93604	2.84897	5.331650000000001	1.3024900000000001	1.28944	2.1332	2.77102	1.09209	0.9308500000000001	0.0	0.0	0.0	0.0
Node 64		1.9472099999999999	0.69301	0.72441	2.2181200000000003	3.93131	0.66315	2.1212999999999997	1.61544	0.9337099999999999	4.4466600000000005	3.25517	3.0488500000000003	3.7378099999999996	2.8925300000000003	0.76404	1.48754	4.661429999999999	1.92658	2.81156	0.0	0.0	0.0	0.0
Node 82		1.23079	2.58142	1.93497	1.97096	6.19633	2.78194	2.50121	8.33155	1.8214899999999998	1.42727	2.56569	1.94223	3.74016	2.19565	2.29679	2.91871	2.39562	2.8718	3.30245	0.53308	0.0	0.0	0.0
Node 42		3.7805400000000002	1.31281	3.1377299999999995	3.09086	0.8626999999999999	0.66484	2.1904	3.2618500000000004	3.4362999999999997	2.75385	2.5555600000000003	3.0763599999999998	5.24659	3.2281700000000004	2.16685	0.69146	3.5196400000000003	1.55213	2.4675800000000003	0.58672	0.0	0.0	0.0
Node 13		0.0	4.006	2.87996	2.6845399999999997	3.3852399999999996	0.67551	1.35111	2.65874	0.9192499999999999	6.64885	2.2819599999999998	0.90674	1.74817	1.4382300000000001	3.7813100000000004	1.48754	3.80572	0.7508199999999999	1.31763	0.58672	0.0	0.0	0.0
Node 141		1.4209100000000001	0.0	2.19224	4.8178	4.04273	3.9051	0.5709500000000001	3.34366	1.4124599999999998	1.58232	4.385	0.0	0.79901	2.27096	2.35513	2.68785	1.5879899999999998	0.0	3.20948	1.46344	0.0	0.0	0.0
Node 145		2.9693199999999997	3.9534100000000003	3.29117	3.03217	5.23006	3.52299	2.72505	3.96107	4.18088	1.3147499999999999	1.70866	0.95734	3.7647899999999996	1.22144	2.94096	0.0	4.1936599999999995	2.41202	2.12899	0.0	0.0	0.0	0.0
Node 169		0.63877	1.17467	4.21223	3.7824000000000004	2.52941	1.70156	1.29645	1.8839499999999998	1.5935899999999998	1.64761	3.26534	2.2373600000000002	2.51395	0.6968799999999999	2.4139299999999997	3.3517400000000004	4.27792	2.04372	1.86121	0.0	0.0	0.0	0.0
Node 99		1.31999	1.80852	0.94772	1.6934600000000002	2.2931500000000002	0.0	1.4874500000000002	0.63385	0.9192499999999999	1.7782099999999998	0.0	3.34551	3.31168	2.72027	3.03859	0.64314	2.42163	3.6581500000000005	0.58672	0.53308	0.0	0.0	0.0
Node 106		2.61191	0.82211	1.6996600000000002	4.69293	3.23118	1.6229500000000001	0.0	4.61369	1.44969	3.86436	2.59017	0.60562	2.6924300000000003	0.90709	2.7409	1.55738	0.9756	6.325849999999999	3.0488500000000003	0.0	0.0	0.0	0.0
Node 192		3.7541900000000004	0.89593	0.7946099999999999	3.5825799999999997	2.27984	3.9300599999999997	1.5715400000000002	1.7745400000000002	4.039000000000001	2.08764	0.7832399999999999	0.90674	2.28347	2.04335	1.51317	0.78362	1.8702900000000002	3.7695800000000004	3.75642	0.53308	0.0	0.0	0.0
Node 46		1.49696	0.0	5.17222	2.7068	0.8626999999999999	1.66221	1.90224	0.77479	0.66898	6.139200000000001	1.52178	2.67409	3.31168	1.7086400000000002	3.12597	0.78362	2.85235	2.41574	2.90202	0.0	0.0	0.0	0.0
Node 37		0.0	3.09882	2.67416	0.96711	3.78463	0.67551	2.18975	1.53004	4.3727	2.96277	3.9462900000000003	0.0	0.79901	3.06869	3.7236400000000005	0.74864	2.68838	0.96726	0.9308500000000001	0.0	0.0	0.0	0.0
Node 68		2.17284	0.57738	1.98803	3.68632	2.67642	1.3729399999999998	2.56582	1.44913	2.7140299999999997	5.43431	2.6399700000000004	2.26045	3.05708	4.75981	0.0	1.3678	0.8055899999999999	2.03335	2.13527	0.8099999999999999	0.0	0.0	0.0
Node 151		0.0	1.39949	4.20677	1.8863	1.98809	1.6519	1.6693300000000002	3.9827099999999995	0.53044	4.23534	2.26278	2.30572	1.53175	2.0799000000000003	4.0449	2.38538	3.2072499999999997	1.6515499999999999	2.57429	0.0	0.0	0.0	0.0
Node 157		0.68122	0.57738	0.7946099999999999	1.45183	4.43012	2.54379	3.27661	1.2590999999999999	1.85296	6.43674	2.3650700000000002	0.81785	4.58759	2.72111	3.9903800000000005	1.1576	1.70632	1.16167	2.36806	0.0	0.0	0.0	0.0
Node 174		3.58364	1.46591	0.0	7.09967	5.12925	2.2983900000000004	2.18254	4.0016099999999994	3.1679199999999996	6.06454	1.91893	0.64049	2.51395	1.47023	6.03218	0.51446	1.48138	0.58487	1.36036	0.9308500000000001	0.0	0.0	0.0
Node 100		4.39527	0.9139700000000001	1.57299	3.25122	0.55197	1.24646	3.3074899999999996	3.05515	0.9337099999999999	6.20752	2.55892	2.94658	3.9806500000000002	1.3024900000000001	7.0687	1.7279099999999998	3.4309600000000002	1.5012400000000001	0.8099999999999999	0.53308	0.0	0.0	0.0
Node 121		0.61032	2.3818099999999998	0.94772	3.3172599999999997	3.6151799999999996	2.23333	2.33976	2.16389	3.63637	3.8826	2.25696	0.7427600000000001	1.9287100000000001	5.38975	3.0811	0.67634	2.55525	0.73227	2.51501	0.0	0.0	0.0	0.0
Node 120		0.0	1.7593100000000002	2.65231	4.81508	3.21489	3.44883	3.07315	2.90035	0.0	2.80181	2.6904	0.90674	2.48267	0.0	2.5187999999999997	4.60771	1.5879899999999998	0.0	0.0	0.0	0.0	0.0	0.0
Node 185		1.5896299999999999	0.0	1.63376	1.62509	4.68865	0.67551	2.5426	3.0018599999999998	1.52043	1.51686	0.74617	0.0	4.77511	0.0	3.14893	2.5905500000000004	1.45642	2.0229500000000002	1.9119899999999999	0.0	0.0	0.0	0.0
Node 35		0.87686	0.0	6.337230000000001	1.70405	0.99807	4.5894200000000005	3.4659000000000004	3.9432500000000004	3.0933100000000002	4.62819	3.04537	1.42347	5.48679	3.1963900000000005	0.76404	1.6162200000000002	0.52533	1.3891	3.39503	0.0	0.0	0.0	0.0
Node 104		2.88519	1.2903	0.0	1.3804	6.29291	3.28735	2.47486	3.19293	0.67434	3.06928	3.6185799999999997	0.0	5.48598	1.36726	4.66357	1.74615	2.86292	1.36305	3.46882	0.0	0.0	0.0	0.0
Node 5		0.0	2.15483	8.51702	2.4561	3.62625	2.7274	3.43418	5.03498	0.0	1.3481999999999998	2.71165	2.15285	3.2561600000000004	1.65803	4.288200000000001	0.9975100000000001	0.0	1.55518	0.69042	0.0	0.0	0.0	0.0
Node 107		2.1630599999999998	1.31281	0.0	3.6983200000000003	5.3693100000000005	0.9867000000000001	3.7263499999999996	0.7124199999999999	2.56913	3.70766	1.72438	2.10621	5.13905	2.72535	4.85973	0.97308	1.6603400000000001	2.16174	0.0	0.9308500000000001	0.0	0.0	0.0
Node 70		0.87686	1.68315	3.2026499999999998	2.2181200000000003	0.0	1.39561	1.27006	0.0	0.0	0.0	1.28495	2.51795	0.8541099999999999	1.0439399999999999	1.86015	1.37402	1.66932	2.58431	2.50982	0.8099999999999999	0.0	0.0	0.0
Node 183		0.74671	1.4194	4.43967	2.3589700000000002	4.7215300000000004	0.0	1.93881	0.5466799999999999	1.9149699999999998	2.38617	0.0	1.5624799999999999	3.32198	1.5179500000000001	1.14459	1.53898	2.24516	0.94126	0.0	0.0	0.0	0.0	0.0
Node 17		0.95086	0.59729	2.82722	4.229970000000001	3.72629	2.4052000000000002	5.06717	2.45492	0.0	7.461650000000001	1.6873099999999999	2.5247599999999997	4.14228	2.93132	2.16302	0.78362	2.1133200000000003	0.73227	0.7508199999999999	0.0	0.0	0.0	0.0
Node 28		2.20061	0.0	3.5449	2.14079	5.90343	0.9867000000000001	5.697640000000001	3.0018599999999998	1.3433199999999998	3.42127	0.8989	0.98197	1.71494	3.2082100000000002	3.2904000000000004	1.50578	2.63945	3.2017200000000003	3.05935	0.0	0.0	0.0	0.0
Node 123		0.0	0.69301	2.77412	4.13575	4.75017	4.86096	0.63625	0.9997499999999999	5.6531	3.91402	2.11171	2.21081	3.1802099999999998	1.73854	0.0	2.51153	1.21259	4.0070500000000004	0.71766	0.9303600000000001	0.0	0.0	0.0
Node 132		0.73543	2.10562	1.72062	1.5329199999999998	4.3191500000000005	3.78381	2.51813	3.05515	0.67434	6.36485	0.0	1.55362	1.83366	2.86771	0.61919	0.97308	1.95766	3.1480099999999998	3.24965	0.53308	0.0	0.0	0.0
Node 110		3.40654	0.0	2.39892	2.13407	3.9254900000000004	0.0	1.30668	0.5466799999999999	1.60269	6.297429999999999	1.66425	3.0842899999999998	2.88433	2.03463	1.74664	3.4609199999999998	2.7905699999999998	1.44848	0.0	0.53308	0.0	0.0	0.0
Node 172		0.73257	1.46591	6.43685	3.57091	0.80609	1.66221	2.88878	2.16212	3.53384	5.21575	0.7832399999999999	2.0639600000000002	2.0936500000000002	2.33512	2.24374	2.95207	0.0	3.9224099999999997	1.62127	0.53308	0.0	0.0	0.0
Node 84		2.0055799999999997	0.0	3.40173	1.6455399999999998	2.97854	0.0	1.9152700000000003	0.5466799999999999	2.4106099999999997	4.30644	1.72215	2.7275400000000003	4.89883	2.8476399999999997	4.8345199999999995	0.75483	0.0	5.6957699999999996	2.32757	1.51708	0.0	0.0	0.0
Node 164		3.4287199999999998	0.0	2.57314	2.8025	5.40235	2.1950000000000003	1.37878	0.0	2.75522	3.04852	0.8989	3.7714200000000004	3.92738	1.20316	5.8111299999999995	0.97308	3.17082	0.65445	0.0	0.0	0.0	0.0	0.0
Node 136		3.1290400000000003	0.0	0.83915	3.68234	6.12387	3.90498	1.96749	3.4531899999999998	0.67434	5.90352	0.93385	1.2786499999999998	2.60186	1.3681	1.6303100000000001	4.9164699999999995	2.34282	2.41202	2.42929	0.0	0.0	0.0	0.0
Node 61		1.5896299999999999	1.50833	0.96711	0.84863	4.5876	0.66484	3.51954	5.28779	0.9192499999999999	1.73695	0.8989	4.23569	1.83366	2.35407	7.30734	2.70997	2.98281	0.7689699999999999	1.50042	0.0	0.0	0.0	0.0
Node 158		0.63877	0.57738	5.19381	2.55268	3.79324	2.93752	1.8643199999999998	0.0	0.0	1.2442	0.74617	2.283	0.97955	2.6790700000000003	0.0	3.2004900000000003	4.15185	2.25271	2.31518	0.0	0.0	0.0	0.0
Node 190		1.43505	2.10562	0.0	2.1781800000000002	3.00292	2.24512	3.42807	2.28036	2.37089	3.73379	4.53135	3.1008500000000003	2.26714	2.45504	4.43454	0.75483	1.6433099999999998	3.03215	2.51437	1.1198	0.0	0.0	0.0
Node 56		0.63877	1.2703900000000001	3.28465	3.5101	3.0717399999999997	1.7407	1.33368	3.05515	1.4481199999999999	1.31157	2.24317	1.42347	4.78149	0.6968799999999999	4.288200000000001	2.75421	0.9007299999999999	1.5365	0.7976099999999999	0.8099999999999999	0.0	0.0	0.0
Node 4		2.22504	0.73543	3.08342	3.7562499999999996	3.8172699999999997	2.2197	1.36855	2.00942	1.8620700000000001	4.0949100000000005	5.276610000000001	0.95734	1.6198899999999998	0.5127999999999999	2.91569	5.2357000000000005	0.91424	4.55021	1.44124	1.7403600000000001	0.0	0.0	0.0
Node 11		1.51563	0.7728999999999999	2.7272600000000002	3.92049	3.9760400000000002	2.2229	2.59969	2.69653	1.6965500000000002	1.79617	3.30781	1.14151	1.42936	0.6968799999999999	5.87602	1.48754	3.8144400000000003	2.94972	2.54887	0.53308	0.0	0.0	0.0
Node 156		0.0	0.69301	5.6902099999999995	0.91919	1.5944500000000001	1.994	5.6608	1.53004	0.5907199999999999	4.2839	0.74617	2.2481299999999997	2.06303	1.68285	5.11154	2.04672	4.61937	3.06263	4.14754	0.0	0.0	0.0	0.0
Node 187		0.74671	2.0632	3.35951	0.84776	3.84165	1.41681	1.5565499999999999	1.96566	1.49608	4.36566	0.0	0.60562	6.02562	1.0439399999999999	2.17529	2.91252	0.73227	2.43385	2.79757	0.0	0.0	0.0	0.0
Node 57		0.87686	1.80443	1.51986	0.78171	2.2182299999999997	1.66221	2.95687	0.92981	0.53044	2.30773	3.65681	5.08399	0.98197	1.71047	0.0	2.77507	1.49841	0.80423	2.13527	0.9303600000000001	0.0	0.0	0.0
Node 186		1.58627	0.57738	3.3452999999999995	3.17048	3.0944599999999998	4.2648600000000005	2.72505	4.17099	1.26055	6.337289999999999	1.50324	2.4013400000000003	4.83943	0.69604	3.48594	1.77867	1.52399	1.36305	2.61203	0.9308500000000001	0.0	0.0	0.0
Node 51		0.0	1.9101	3.6692099999999996	3.07911	2.29205	2.74259	1.99416	0.95414	0.0	2.24043	0.5806399999999999	0.60562	2.29006	1.9985300000000001	5.7376499999999995	0.64314	0.75483	2.10723	4.18267	0.0	0.0	0.0	0.0
Node 30		3.1948999999999996	0.98641	2.59856	1.82762	1.5877999999999999	0.7201	0.63385	3.85555	2.28812	3.30962	1.46617	0.7427600000000001	2.46685	2.37532	0.76404	0.0	2.59256	2.00846	0.7508199999999999	0.53308	0.0	0.0	0.0
Node 6		0.6201	1.7360799999999998	0.0	2.16053	0.95934	2.5897099999999997	1.43007	2.47624	3.2616300000000003	1.6661700000000002	4.01721	2.60684	1.08106	0.76578	4.71846	0.69146	1.7512199999999998	2.00829	2.23885	0.0	0.0	0.0	0.0
Node 36		3.91759	0.0	1.6113100000000002	3.5721700000000003	4.77441	2.4608000000000003	4.37222	0.0	1.7554500000000002	3.12971	0.9411400000000001	0.73577	5.78392	1.68369	4.56688	3.3374099999999998	4.03817	0.67579	0.0	0.0	0.0	0.0	0.0
Node 2		2.1683999999999997	2.18689	1.7145299999999999	0.0	0.72635	0.75366	3.3626799999999997	1.75007	3.17817	5.80464	0.77742	2.14536	0.5522	1.51221	1.75085	0.0	0.0	2.58431	0.80423	0.9308500000000001	0.0	0.0	0.0
Node 19		1.49696	2.49474	0.89593	1.31655	1.25274	0.85912	2.51813	0.9997499999999999	0.5907199999999999	1.33554	1.72438	1.5624799999999999	1.50841	1.68369	4.75135	0.0	2.63116	0.80423	0.0	0.0	0.0	0.0	0.0
Node 180		1.8946500000000002	0.0	0.7728999999999999	0.8605099999999999	2.21456	1.50352	3.30908	2.72974	3.5699799999999997	1.4331	0.7832399999999999	0.7427600000000001	3.40482	1.3024900000000001	6.21438	0.0	2.09402	0.58487	1.9711699999999999	0.0	0.0	0.0	0.0
Node 133		0.6354099999999999	3.4386600000000005	1.7314	2.25733	3.75333	2.83569	0.67043	4.75503	0.8217399999999999	2.2673900000000002	0.0	3.8156000000000003	0.0	1.4382300000000001	3.88103	0.98504	0.95605	4.87183	0.69042	0.0	0.0	0.0	0.0
Node 79		1.30844	0.59729	4.97651	2.864	2.4951600000000003	1.7407	3.12021	4.95575	2.96614	3.12315	0.9180799999999999	0.0	4.24499	2.10217	4.91191	4.69493	1.55518	1.6430500000000001	1.58352	0.0	0.0	0.0	0.0
Node 78		0.73257	1.39949	2.45976	3.63729	2.24532	0.7148599999999999	1.9674500000000001	0.0	2.0317000000000003	3.08071	2.42068	1.55362	1.83366	4.88669	2.1408	0.74864	1.28016	0.94126	2.32757	0.53308	0.0	0.0	0.0
Node 116		2.89563	0.69301	5.1949000000000005	0.72635	5.89302	1.97784	1.7889300000000001	3.78396	0.0	1.42727	4.66619	0.0	5.52648	1.65803	1.77043	0.69146	0.76916	2.3211	2.18868	0.0	0.0	0.0	0.0
Node 126		0.95086	2.34869	2.84661	1.7678200000000002	2.82314	1.3903699999999999	3.68305	0.0	1.54037	3.50334	1.91298	3.7705599999999997	2.6105300000000002	0.66653	2.52636	2.37105	3.36647	0.94126	0.69042	1.51708	0.0	0.0	0.0
Node 111		0.0	0.0	3.66637	1.4070900000000002	2.98962	0.66315	3.63975	0.92981	1.0932300000000001	2.08181	0.77742	1.5629600000000001	0.76578	0.0	2.78862	1.6406500000000002	0.6872600000000001	2.18433	5.95424	0.0	0.0	0.0	0.0
Node 14		1.9914399999999999	3.4913	2.3191300000000004	5.28482	6.80823	0.75366	4.3687499999999995	4.9430000000000005	2.41533	5.559950000000001	0.9411400000000001	2.15285	1.61274	2.6962300000000003	3.4961399999999996	0.97308	5.27104	0.96726	0.0	0.0	0.0	0.0	0.0
Node 148		0.0	0.7728999999999999	5.31253	2.11323	3.8034900000000005	1.4692399999999999	2.15927	2.07672	0.0	5.6992	2.67704	0.64049	0.97955	0.0	1.39167	1.72172	2.77102	3.3885400000000003	3.90512	0.0	0.0	0.0	0.0
Node 144		0.0	1.2903	0.0	1.94481	3.08339	0.0	1.34871	1.8517599999999999	2.39615	4.12148	0.0	0.0	4.01571	1.5204799999999998	2.28695	0.86264	4.98522	0.58487	0.62721	0.0	0.0	0.0	0.0
Node 129		1.30844	1.46591	3.72315	3.56147	3.8825600000000002	1.2914999999999999	0.0	0.77479	1.7682	3.35289	1.6873099999999999	1.77519	2.96353	3.9299500000000003	4.99374	0.95605	1.66286	2.46105	4.69047	0.0	0.0	0.0	0.0
Node 138		2.88281	0.9139700000000001	5.45261	4.69572	2.55379	2.31654	1.42077	2.84994	2.42443	2.4950099999999997	0.5806399999999999	2.57573	0.9491599999999999	0.5062800000000001	5.86001	0.51446	1.44209	1.5365	2.24799	0.0	0.0	0.0	0.0
Node 0		0.63877	0.73543	1.6905400000000002	0.0	3.56004	0.61599	0.6602	3.15359	2.27143	1.73695	1.5201799999999999	0.0	5.75453	2.03075	2.47259	1.90624	3.8247000000000004	2.3057000000000003	1.74085	0.0	0.0	0.0	0.0
Node 95		2.6569700000000003	1.7360799999999998	4.09024	5.06271	2.0537799999999997	4.63354	1.34871	5.48379	0.53044	2.53498	2.77389	2.9693	4.42837	2.52823	4.3109399999999996	2.8038600000000002	0.6872600000000001	0.96726	2.9939	0.9303600000000001	0.0	0.0	0.0
Node 98		1.53407	0.69301	2.23993	3.1784600000000003	2.49178	1.49757	2.56655	3.75918	1.7223499999999998	2.00454	2.65915	0.66358	1.9287100000000001	3.57071	0.0	2.01097	2.7072700000000003	1.74549	3.30245	0.0	0.0	0.0	0.0
Node 173		1.38212	0.7728999999999999	3.5169400000000004	0.72441	5.92793	2.24385	5.98034	0.9997499999999999	0.8217399999999999	5.34195	1.93604	2.6750800000000003	3.31168	0.52886	1.99462	2.30814	2.88248	0.67579	5.108639999999999	0.0	0.0	0.0	0.0
Node 124		0.62047	1.68687	5.93401	4.684200000000001	3.88702	3.6293800000000003	1.87763	2.1998699999999998	0.5907199999999999	2.45071	0.5806399999999999	2.87648	3.67023	2.7833	1.49566	3.08516	1.6698899999999999	0.0	0.8099999999999999	0.0	0.0	0.0	0.0
Node 77		2.3343800000000003	0.57738	1.55222	4.1292	2.23481	3.1627799999999997	1.33128	2.43063	0.8217399999999999	2.08181	2.08388	3.82344	3.2491100000000004	1.47023	2.99863	1.61128	0.98206	1.74549	1.38445	0.0	0.0	0.0	0.0
Node 108		0.0	0.59729	2.3421399999999997	2.1781800000000002	3.7292699999999996	2.53369	4.31506	3.8958	2.80309	2.82578	1.50324	3.8751599999999997	3.50126	1.89455	0.7491300000000001	2.35018	3.47105	1.9810500000000002	3.9792099999999997	0.53308	0.0	0.0	0.0
Node 160		2.0667	2.41485	3.6766600000000005	1.71046	4.00647	0.63625	1.28337	1.91446	4.54216	0.86232	2.60756	0.64049	3.60672	1.51221	4.52042	2.19724	3.3267100000000003	0.67579	0.62721	0.0	0.0	0.0	0.0
Node 97		1.5652	2.04329	5.07578	2.4672300000000003	5.32826	0.0	4.83757	2.9306	1.7625899999999999	5.25104	0.8989	2.8661	4.74868	3.24913	3.2433799999999997	1.20592	2.55035	1.7362300000000002	1.90571	0.0	0.0	0.0	0.0
Node 21		3.5565100000000003	0.73543	6.683459999999999	3.998	2.93466	1.7403600000000001	5.17636	4.08274	1.44969	2.92826	2.6367700000000003	2.43877	0.79901	3.94242	0.53181	1.44873	0.98206	1.40806	5.2929200000000005	0.0	0.0	0.0	0.0
Node 76		0.0	0.89593	4.821339999999999	4.11732	4.5851999999999995	0.6987	2.8433900000000003	1.7745400000000002	2.44541	3.32002	0.0	0.95734	1.40631	4.22579	0.98681	0.51446	1.5879899999999998	0.67579	1.85835	0.0	0.0	0.0	0.0
Node 162		2.20674	2.34129	3.4894300000000005	2.9228199999999998	2.27117	0.0	3.15966	3.2512899999999996	3.1836499999999996	1.71177	2.30502	0.64049	4.34004	2.5370299999999997	2.32177	0.67634	3.74854	0.80423	3.99648	0.0	0.0	0.0	0.0
Node 114		0.0	0.0	1.61402	2.5324	5.66189	3.29237	2.93943	2.22707	2.1851599999999998	3.1642200000000003	2.5243100000000003	3.08082	2.4089099999999997	0.5127999999999999	2.91598	0.0	0.98206	3.0033600000000003	0.9303600000000001	0.0	0.0	0.0	0.0
Node 181		1.30881	0.69301	2.79055	2.13407	4.53861	2.84617	0.0	0.95414	2.98415	2.87268	2.96317	0.64049	3.01905	2.44863	6.418260000000001	3.17664	0.9007299999999999	0.80423	1.20166	0.58672	0.0	0.0	0.0
Node 63		2.89016	0.73543	1.51986	2.17624	2.90665	0.61599	2.69161	1.70446	1.62367	6.21629	1.6450699999999998	1.40634	5.227939999999999	3.65428	2.74836	0.69146	1.5879899999999998	3.23803	1.42482	0.0	0.0	0.0	0.0
Node 175		1.32711	1.17467	0.0	2.68597	2.13977	1.32799	0.0	3.8903399999999997	1.6687299999999998	2.00454	4.5426	1.3832499999999999	4.76438	0.0	0.7491300000000001	2.85537	0.76916	0.52533	0.0	0.0	0.0	0.0	0.0
Node 71		2.97947	0.57738	3.67923	3.13453	4.0342	1.36185	2.4250399999999996	3.56933	2.12403	2.50993	5.61046	1.6931100000000001	4.103219999999999	3.08501	2.77934	4.34547	2.89599	1.09209	2.50425	0.9308500000000001	0.0	0.0	0.0
Node 103		2.49157	0.73543	4.09406	2.36882	4.3002	1.38529	1.6519	3.05821	3.4521499999999996	2.32353	2.26627	3.4314999999999998	0.9491599999999999	2.23724	2.38388	1.61128	3.4138300000000004	0.96726	4.5250699999999995	0.0	0.0	0.0	0.0
Node 94		1.53444	1.2703900000000001	0.62761	1.9214599999999997	3.8803700000000005	3.05378	2.61644	4.97639	1.2645	5.50929	0.8989	0.90674	5.227939999999999	3.7863800000000003	1.6303100000000001	0.97308	0.52533	3.24467	1.2648700000000002	0.0	0.0	0.0	0.0
Node 168		2.4478199999999997	0.57738	5.589510000000001	3.1435400000000002	4.64319	1.9546500000000002	0.5709500000000001	0.75032	1.2645	0.0	2.49232	0.73577	2.75393	1.17933	2.0997399999999997	1.4123	1.21259	0.0	2.14754	0.0	0.0	0.0	0.0
Node 176		1.2741799999999999	0.0	0.0	4.93392	4.95729	0.0	1.38529	4.42546	1.79494	4.4909	3.2941	5.2576600000000004	3.6805	1.20884	2.0068900000000003	2.5335	0.98206	0.0	0.0	0.0	0.0	0.0	0.0
Node 69		0.0	3.009	5.32751	0.0	3.25437	0.0	1.56366	2.24346	1.26506	0.7439699999999999	1.56066	0.0	3.39295	1.2841500000000001	7.4049000000000005	1.64626	3.02756	2.38162	3.17884	0.8099999999999999	0.0	0.0	0.0
Node 85		3.7958499999999997	4.07277	0.89593	0.96711	1.49813	2.2782	0.0	1.3841700000000001	2.86775	4.1197	1.50609	0.0	3.4797000000000002	1.68285	0.0	1.74615	2.55681	1.65452	2.28633	0.58672	0.0	0.0	0.0
Node 81		1.31999	0.0	6.15546	2.4933	3.2391799999999997	0.0	1.98492	1.30508	0.9337099999999999	4.24731	0.74617	0.0	4.79768	1.96881	0.61919	0.97308	3.5261	0.7689699999999999	2.25612	0.0	0.0	0.0	0.0
Node 50		3.0734500000000002	0.0	2.39524	3.29339	5.99195	1.45109	0.0	1.30508	4.31587	6.42688	1.47954	0.0	4.80378	0.52886	0.0	1.5604200000000001	3.0143199999999997	1.7678800000000001	1.43721	0.0	0.0	0.0	0.0
Node 163		0.61032	3.08794	2.57685	2.71166	4.846360000000001	0.9867000000000001	3.8907499999999997	6.387569999999999	3.5518	8.64289	1.7149	1.8114499999999998	2.4422099999999998	2.67711	1.64989	0.61919	2.85839	4.157509999999999	2.43393	0.9303600000000001	0.0	0.0	0.0
Node 105		2.12826	0.0	1.93004	3.30204	3.15475	3.4545899999999996	2.3007400000000002	1.99303	2.40423	3.12078	1.68002	3.9535899999999997	3.39295	0.76578	1.28944	1.71088	0.0	0.65445	1.75126	0.9303600000000001	0.0	0.0	0.0
Node 34		2.0667	0.98725	3.3904499999999995	6.17607	4.9098500000000005	3.10128	2.53543	0.0	2.37828	3.07358	1.7781399999999998	3.6594599999999997	2.41939	2.21483	0.76404	1.61747	0.65445	0.58487	2.94251	0.58672	0.0	0.0	0.0
Node 117		0.87686	1.39949	2.6793299999999998	0.91919	1.5719500000000002	1.5464200000000001	2.9728600000000003	2.76782	3.0341199999999997	2.47507	5.7415899999999995	2.36368	3.24669	3.66	2.9457400000000002	1.5604200000000001	0.0	1.6430500000000001	3.20608	0.0	0.0	0.0	0.0
Node 109		1.8793399999999998	1.5837	3.79183	0.53264	4.358	2.89361	1.4874500000000002	1.63461	0.9192499999999999	5.24465	2.71928	1.98887	0.9491599999999999	1.33775	1.64051	1.53898	0.76916	2.4933899999999998	0.7976099999999999	0.0	0.0	0.0	0.0
Node 92		4.494540000000001	0.59729	3.6121800000000004	3.1325100000000003	3.01513	2.32536	0.0	2.43089	4.275799999999999	2.86686	1.7149	2.04041	4.821219999999999	0.98681	4.4005	1.74224	2.31731	1.7714899999999998	1.74085	0.0	0.0	0.0	0.0
Node 128		1.2741799999999999	0.59729	2.35162	3.07192	2.17906	2.7545900000000003	1.2793	0.7124199999999999	3.53183	2.62747	3.2288400000000004	1.7167499999999998	0.9491599999999999	2.4596	2.72642	0.97308	1.66932	2.2604599999999997	0.0	0.0	0.0	0.0	0.0
Node 75		2.7670299999999997	2.3818099999999998	0.0	4.0502	2.55379	0.88158	3.71303	3.2346399999999997	0.76284	5.40465	0.8989	0.95734	4.07988	1.75259	4.99911	1.74615	0.98206	2.32798	0.62721	0.9303600000000001	0.0	0.0	0.0
Node 72		0.63877	0.0	1.7644199999999999	1.73169	1.5719500000000002	4.32105	0.67043	5.2047799999999995	2.25711	5.359909999999999	2.4092599999999997	3.6437299999999997	3.46288	1.22802	4.15432	1.44629	1.56869	2.5314	1.46344	0.0	0.0	0.0	0.0
Node 62		2.20958	0.57738	2.58197	5.2018	3.8651	0.0	2.1998699999999998	3.66237	3.90564	4.2004	0.9180799999999999	0.8989	1.3278699999999999	3.4382	6.879499999999999	3.4985299999999997	0.0	2.6810199999999997	1.37263	0.53308	0.0	0.0	0.0
Node 153		1.35703	5.78117	4.1091299999999995	2.36684	2.32833	0.61599	1.8324900000000002	3.67514	0.8217399999999999	4.52011	0.7832399999999999	0.0	4.52746	1.7159600000000002	0.0	1.3771	0.0	1.3538400000000002	1.21393	0.53308	0.0	0.0	0.0
Node 83		2.74169	0.0	3.58589	3.59328	4.85209	0.80609	2.71413	2.36526	0.5907199999999999	3.4726899999999996	3.1220999999999997	3.20312	0.0	2.26539	2.17232	3.90384	4.28271	0.6872600000000001	0.0	0.0	0.0	0.0	0.0
Node 130		2.19659	0.73543	5.074879999999999	5.1287	1.35806	0.0	4.08027	0.75032	1.3234	0.0	3.7688699999999997	2.99379	3.4565699999999997	0.53114	3.37695	0.69146	3.5238300000000002	3.6763999999999997	1.50042	0.9303600000000001	0.0	0.0	0.0
Node 194		0.63877	1.39949	1.70895	4.30756	2.1855800000000003	1.32799	1.30796	0.92981	0.9192499999999999	0.86232	1.8400400000000001	0.66358	4.89883	1.46739	2.01727	1.48183	0.52533	1.31714	2.49167	0.58672	0.0	0.0	0.0
Node 48		3.10746	3.25903	3.53819	2.46097	1.49813	2.64268	0.63625	1.95532	4.5307699999999995	3.0869500000000003	0.0	1.47853	3.6193799999999996	0.0	0.76404	1.90624	2.3403	0.94126	0.8099999999999999	0.0	0.0	0.0	0.0
Node 91		2.33793	0.0	5.38417	2.74552	3.1131200000000003	0.75366	0.7148599999999999	3.2512899999999996	1.62367	1.29078	1.6763199999999998	0.90674	3.2741100000000003	2.42469	1.22327	0.97308	2.26757	1.23949	2.15435	0.0	0.0	0.0	0.0
Node 43		2.7674	0.69301	4.98811	0.9776999999999999	6.13511	4.529	2.00647	3.75918	3.38792	1.52221	1.7149	2.7826	0.8541099999999999	2.7792	4.71846	1.9394399999999998	3.09096	1.74549	2.27572	0.0	0.0	0.0	0.0
Node 8		5.47457	1.51512	2.64869	2.14079	8.30155	2.16241	3.3999599999999996	4.00929	3.5216900000000004	0.86232	1.70132	1.47853	1.56479	2.21447	3.11917	3.2279500000000003	3.13449	0.50722	0.69042	0.0	0.0	0.0	0.0
Node 140		0.62047	2.76968	2.96941	0.96711	3.2876700000000003	2.04844	0.63385	3.4441100000000002	1.53718	1.88235	3.04537	0.90674	2.0465500000000003	1.36726	5.12059	0.98206	3.1647799999999995	3.04637	1.3720599999999998	0.53308	0.0	0.0	0.0
Node 196		0.0	2.0632	2.73508	0.91919	2.03445	1.97784	1.27006	4.33876	1.8846999999999998	3.3166	1.7359300000000002	2.04825	3.3170699999999997	3.17398	0.0	2.5102800000000003	1.98175	0.52533	4.02541	0.53308	0.0	0.0	0.0
Node 27		3.7817700000000003	1.2903	2.48469	5.79394	3.07008	0.66315	0.63385	4.26898	0.0	3.56017	2.1933000000000002	0.0	2.33076	4.90728	2.51409	4.19431	4.04497	3.2265599999999997	1.50042	0.58672	0.0	0.0	0.0
Node 149		0.0	0.82211	1.93497	8.3837	2.4951600000000003	1.4184999999999999	2.23409	5.177020000000001	1.8536899999999998	3.5241300000000004	0.72	3.3347700000000002	0.5522	2.48259	0.8662700000000001	0.74864	0.91424	3.05337	0.0	0.53308	0.0	0.0	0.0
Node 47		1.6438700000000002	0.0	2.56258	3.63029	5.13957	0.9867000000000001	4.45694	0.0	2.85271	2.4495	4.00052	0.53589	3.15448	1.3052899999999998	1.29585	1.2955299999999998	3.91505	2.1005800000000003	2.29803	0.0	0.0	0.0	0.0
Node 54		2.11743	0.82211	3.21197	3.52119	5.25942	2.26753	2.65907	0.95414	5.12264	1.50324	1.2944	3.87604	2.18076	2.4250399999999996	0.69146	3.04787	5.23676	2.4169199999999997	3.6452	0.0	0.0	0.0	0.0
Node 39		1.35553	2.28802	2.63226	4.74194	4.250240000000001	0.67551	0.63625	4.19255	0.8217399999999999	0.94965	2.2448900000000003	0.0	1.51083	3.4966999999999997	3.12597	0.0	0.9007299999999999	2.69443	2.9675	0.9308500000000001	0.0	0.0	0.0
Node 10		3.9195	5.661420000000001	3.5825000000000005	1.41357	0.80609	5.04808	0.67043	3.0432	0.0	1.71177	1.91298	1.5703200000000002	0.8541099999999999	1.3052899999999998	3.39653	0.0	2.6086	1.3707799999999999	3.2984199999999997	0.53308	0.0	0.0	0.0
Node 23		0.61032	0.59729	1.60993	0.72441	2.7394000000000003	1.28083	0.0	0.0	2.33171	4.58445	3.95355	1.6495	3.24669	1.95103	3.6577800000000003	2.3226	2.56359	3.43213	1.72717	0.0	0.0	0.0	0.0
Node 134		2.83576	1.49322	0.96711	0.68074	0.95934	2.24406	4.17227	1.75007	2.67837	6.2992099999999995	2.28194	0.0	1.19244	2.19649	3.53959	2.60389	1.66286	1.2576	1.54843	0.58672	0.0	0.0	0.0
Node 86		1.51563	2.0650000000000004	1.7676299999999998	1.86995	2.6104	0.0	2.60781	2.09395	2.75522	5.36431	2.61746	1.17638	2.60228	1.92406	0.0	3.7529899999999996	1.95766	2.8611999999999997	0.7976099999999999	0.0	0.0	0.0	0.0
Node 88		2.2695	0.0	5.23017	3.94304	2.8112600000000003	0.0	3.09696	2.0554	2.90674	1.65385	3.5529400000000004	0.90674	0.79901	2.70988	4.07287	0.98206	3.4505099999999995	2.1295	0.0	0.53308	0.0	0.0	0.0
Node 189		3.03992	1.2703900000000001	1.5766700000000002	1.69152	4.156350000000001	1.45109	1.2940500000000001	0.5466799999999999	3.46266	4.44876	0.56495	0.0	2.8688000000000002	2.4193	2.50678	1.74615	3.57661	3.5646299999999997	0.0	0.0	0.0	0.0	0.0
Node 142		0.6354099999999999	1.5950099999999998	0.84776	3.43872	4.6772599999999995	2.9486600000000003	2.0167	3.4882400000000002	1.7554500000000002	3.1908400000000006	0.9180799999999999	1.56061	5.48679	0.5127999999999999	3.85582	0.86264	2.96356	0.69042	3.2088400000000004	0.58672	0.0	0.0	0.0
Node 193		0.68122	0.57738	5.64462	2.58032	1.21681	0.69743	2.08028	2.9198000000000004	1.4768999999999999	1.10122	0.77742	4.06518	1.83366	2.37152	1.38804	0.0	4.95921	2.02963	3.54956	0.53308	0.0	0.0	0.0
Node 7		0.6354099999999999	5.15268	0.7946099999999999	5.409549999999999	1.65106	2.03352	0.0	2.5005699999999997	0.0	5.216139999999999	1.59527	0.0	4.43429	0.0	5.44372	1.39178	1.93165	1.7362300000000002	0.0	0.0	0.0	0.0	0.0
Node 20		1.60231	2.0632	0.89593	2.53153	1.57007	1.7081300000000001	2.73435	3.43064	0.0	2.70751	0.53589	1.64166	6.34009	2.88521	2.9707399999999997	0.0	3.1673	2.39994	0.62721	0.0	0.0	0.0	0.0
Node 29		3.34797	1.67942	5.05299	1.4005999999999998	0.95934	1.81359	2.71653	3.16846	3.41965	4.65308	3.03393	0.64049	3.2735	2.90005	3.85497	0.0	0.6872600000000001	2.39332	0.9308500000000001	0.0	0.0	0.0	0.0
Node 102		1.5053	0.0	3.1898799999999996	1.64441	0.6987	4.25473	0.0	2.84994	2.78261	0.0	4.82994	0.90674	4.98697	0.79901	4.37272	1.8099899999999998	1.44209	1.44848	2.43127	0.9308500000000001	0.0	0.0	0.0
Node 24		2.82684	0.0	3.13117	1.59993	2.1733	3.1307300000000002	2.2760800000000003	0.75032	0.76284	1.33554	0.0	3.7945100000000003	0.97955	1.22869	2.71572	2.14685	0.0	3.8485400000000003	1.72846	0.0	0.0	0.0	0.0
Node 12		2.1597	0.57738	2.4866900000000003	1.3694899999999999	5.52056	2.81242	1.37262	0.0	0.0	4.18912	3.2999199999999997	1.5703200000000002	3.81817	1.6039700000000001	2.6278200000000003	1.31948	1.8702900000000002	1.15932	0.0	0.53308	0.0	0.0	0.0
Node 166		1.24573	3.23912	0.98725	3.79223	5.22883	2.17308	3.14727	4.594390000000001	3.4385600000000003	0.8031	2.42503	0.7427600000000001	0.66358	2.53129	2.14851	0.0	2.94588	3.8744199999999998	2.66823	0.53308	0.0	0.0	0.0
Node 170		2.29945	1.17467	3.4907100000000004	1.58686	0.79024	0.66484	1.26838	1.73817	0.9337099999999999	4.3393500000000005	0.77742	1.7001	3.3560100000000004	0.53114	4.76173	1.2980800000000001	0.0	6.51601	0.69042	0.53308	0.0	0.0	0.0
Node 115		0.74671	3.13395	6.42611	1.0846099999999999	1.57247	4.594539999999999	2.0191	2.66932	0.7439699999999999	0.9917699999999999	1.65385	1.7001	2.7273	3.8452699999999997	4.46774	3.4895500000000004	0.0	3.7537800000000003	2.32757	0.0	0.0	0.0	0.0
Node 33		0.95086	0.69301	0.94772	2.40818	2.4574700000000003	1.52619	1.43007	1.1805299999999999	0.59157	2.7081399999999998	0.9948999999999999	2.01196	4.413799999999999	3.5575799999999997	2.1472100000000003	2.8954899999999997	1.8149700000000002	3.2976199999999998	3.51196	0.9303600000000001	0.0	0.0	0.0
Node 125		2.69953	3.85181	5.38589	2.01764	0.70977	2.05352	0.69743	2.28036	3.59762	5.19897	1.72438	1.86408	1.95822	6.20657	4.256390000000001	1.53898	4.13834	3.15344	2.69026	0.58672	0.0	0.0	0.0
Node 60		3.56604	3.23287	4.34532	2.89153	6.8339300000000005	0.9867000000000001	0.5576399999999999	2.4764999999999997	3.68949	2.7420199999999997	3.6002899999999998	4.30032	3.76286	0.53181	2.7749	0.97308	1.66286	3.68182	1.7403600000000001	0.0	0.0	0.0	0.0
Node 135		1.60231	0.82211	1.44431	4.5625100000000005	5.29897	0.85912	2.826	3.8984199999999998	3.9616100000000003	4.23491	2.30502	1.6425100000000001	4.43601	1.05426	1.4405899999999998	0.69146	0.98206	2.98481	3.23233	0.0	0.0	0.0	0.0
Node 167		0.68834	3.8404300000000005	2.05362	0.72635	5.15644	0.0	2.1904	1.7745400000000002	0.50166	0.94965	2.85412	1.49323	1.56479	0.6968799999999999	0.76404	1.39178	3.56189	0.0	3.10121	0.53308	0.0	0.0	0.0
