Node 194		0.0	0.9823200000000001	0.0	1.73957	0.65606	0.7757499999999999	0.0	0.0	0.0	0.0	0.69739	0.0	1.54485	0.0	0.6262099999999999	0.64723	0.0	0.0	0.0	0.0	0.0	0.0	0.0
Node 269		0.73543	0.0	0.84863	0.9695	0.0	0.85022	0.96401	0.9086500000000001	1.3481999999999998	0.77788	2.10486	0.7605200000000001	0.65625	0.9702000000000001	0.94875	0.0	0.0	0.67669	0.0	0.0	0.0	0.0	0.0
Node 311		0.69301	0.9823200000000001	0.84863	1.73957	0.67791	1.5901800000000001	1.72012	0.7636999999999999	0.0	0.9272	0.86319	0.7605200000000001	0.8793300000000001	0.87123	0.73392	0.9269400000000001	1.4565	0.0	0.0	0.0	0.0	0.0	0.0
Node 127		1.2335099999999999	0.0	0.0	0.7467900000000001	1.34039	0.85022	0.0	0.8216899999999999	0.0	0.9272	0.0	0.76214	0.8886	0.0	2.4702800000000003	0.0	0.79412	0.84992	0.0	0.0	0.0	0.0	0.0
Node 412		0.73543	0.78625	2.2562599999999997	0.7467900000000001	0.0	1.55143	0.66374	0.0	0.62443	0.8962100000000001	0.86319	0.0	2.05561	0.8486600000000001	0.0	1.18272	0.0	0.6086	0.0	0.0	0.0	0.0	0.0
Node 444		0.73543	0.0	0.0	0.0	0.0	0.70121	1.68413	0.0	0.0	0.57091	1.5605799999999999	1.48817	1.54485	0.0	0.0	0.64723	0.50058	2.14634	0.0	0.0	0.0	0.0	0.0
Node 467		0.5551	0.0	0.0	0.8761	0.0	0.85022	0.0	1.3561699999999999	0.7065100000000001	0.8962100000000001	0.69739	1.48817	2.43066	0.67614	0.0	0.0	0.0	0.67669	0.0	0.0	0.0	0.0	0.0
Node 419		0.73543	0.8167000000000001	0.84863	0.0	0.0	0.85022	0.0	0.0	0.7065100000000001	0.77788	0.6196	0.76214	0.0	0.0	0.94875	1.27577	0.69872	1.66708	0.0	0.0	0.0	0.0	0.0
Node 449		0.69301	0.0	0.84776	1.26158	0.65606	0.0	0.0	0.67153	0.62443	1.32817	0.0	0.0	0.0	0.67614	0.0	0.64723	0.0	1.3447799999999999	0.0	0.0	0.0	0.0	0.0
Node 274		0.0	1.8577	0.0	1.73957	0.7591600000000001	0.0	0.0	0.0	1.48397	0.0	2.70571	1.65499	0.0	0.86985	1.3807699999999998	0.0	0.0	0.6086	0.0	0.0	0.0	0.0	0.0
Node 7		1.45732	0.98641	0.89225	0.99278	1.31854	0.0	0.0	0.7636999999999999	0.0	0.77788	0.6196	1.74968	0.62878	0.0	1.7157200000000001	0.64723	0.50058	0.0	0.0	0.0	0.0	0.0	0.0
Node 97		1.53583	0.0	1.69639	0.0	0.65606	2.1256	0.9689	0.7636999999999999	0.0	0.0	1.75115	0.0	0.0	0.87123	1.3807699999999998	0.7721600000000001	0.0	0.0	0.0	0.0	0.0	0.0	0.0
Node 332		0.0	1.66999	0.84863	0.5147900000000001	0.0	0.57417	1.9337199999999999	0.8216899999999999	0.0	0.0	0.0	0.0	1.84304	0.87123	0.94875	0.5996600000000001	0.0	0.66809	0.0	0.0	0.0	0.0	0.0
Node 190		0.0	0.0	0.8605099999999999	1.96727	0.67791	0.70121	0.71931	1.63882	0.62443	1.691	0.0	1.52266	0.51076	1.74108	0.68739	0.62854	0.0	0.72652	0.0	0.0	0.0	0.0	0.0
Node 206		1.42844	1.69208	0.0	1.6203599999999998	0.66248	0.7757499999999999	0.71931	0.85889	0.60878	0.0	0.0	0.7605200000000001	0.65625	0.9702000000000001	0.0	0.62854	0.0	0.0	0.52026	0.0	0.0	0.0	0.0
Node 52		0.5551	0.94772	0.0	0.9695	0.66248	0.0	0.0	1.43523	0.7963899999999999	0.0	2.18018	0.9611400000000001	0.0	0.0	1.57496	0.0	1.1993	0.0	0.0	0.0	0.0	0.0	0.0
Node 347		0.5551	0.9823200000000001	1.4580600000000001	0.0	1.44519	0.57417	0.71931	0.8216899999999999	2.02435	0.0	2.3699399999999997	1.48817	0.65625	0.86985	0.0	0.0	0.95592	0.6086	0.0	0.0	0.0	0.0	0.0
Node 485		0.0	0.94772	0.0	0.0	0.0	1.42439	0.0	1.54353	0.7405499999999999	0.9272	0.0	0.0	0.0	1.86482	0.0	0.0	0.90246	0.0	0.0	0.0	0.0	0.0	0.0
Node 404		0.0	0.87538	0.84863	1.73957	0.7591600000000001	1.42439	0.71931	0.0	0.0	0.9272	1.48279	0.0	1.1670099999999999	0.0	0.0	0.9266500000000001	0.50058	0.53769	0.0	0.0	0.0	0.0	0.0
Node 466		0.7501599999999999	0.0	0.84863	0.99278	0.0	1.7997400000000001	0.0	0.8751200000000001	0.7405499999999999	0.8962100000000001	0.0	0.0	0.95444	1.84005	0.0	0.9565300000000001	0.5581	2.08685	0.0	0.0	0.0	0.0	0.0
Node 394		0.0	1.93004	0.84863	0.0	0.65606	0.0	0.9689	3.16557	0.0	0.57091	0.0	0.89285	1.39936	1.84005	0.75456	0.64723	0.0	0.0	0.96075	0.0	0.0	0.0	0.0
Node 98		1.2335099999999999	0.8167000000000001	0.0	0.9695	0.65606	0.85022	2.68515	0.0	1.5029000000000001	0.9272	0.0	1.74968	0.0	0.86985	0.68739	0.0	0.79412	1.39461	0.96075	0.0	0.0	0.0	0.0
Node 144		0.5551	1.7810200000000003	1.5285	1.8688799999999999	2.09955	0.0	0.0	1.73401	0.0	1.39814	0.6196	0.0	0.85256	1.74108	0.75456	0.55418	0.0	0.0	0.0	0.0	0.0	0.0	0.0
Node 110		0.0	0.0	0.68074	0.7467900000000001	2.106	0.57417	0.71931	1.63882	0.0	0.0	0.86319	0.0	2.05561	0.0	0.0	1.24689	0.5581	0.0	0.0	0.0	0.0	0.0	0.0
Node 285		0.0	1.66999	0.0	0.7467900000000001	0.0	0.52436	0.9969399999999999	2.35211	0.62443	0.0	2.98954	0.0	2.05561	0.0	1.3807699999999998	0.0	1.40304	0.0	0.0	0.0	0.0	0.0	0.0
Node 484		0.69301	0.0	1.69639	0.0	0.0	1.42439	0.76435	0.0	0.0	0.77788	1.7705700000000002	0.7605200000000001	2.05561	1.74108	0.0	2.15485	0.50058	0.0	1.48101	0.0	0.0	0.0	0.0
Node 237		0.73543	0.0	0.0	0.9695	0.66248	0.7757499999999999	0.71931	0.0	0.62443	0.9272	0.6196	0.7605200000000001	0.0	0.86985	0.94875	1.4832	0.50058	1.6172499999999999	0.0	0.0	0.0	0.0	0.0
Node 33		0.69301	0.89593	0.0	0.62758	0.0	0.0	1.96584	1.63882	1.42082	1.3487900000000002	0.6196	0.0	1.53558	0.0	0.68739	0.0	0.0	0.53769	0.0	0.0	0.0	0.0	0.0
Node 49		1.2335099999999999	1.8577	0.84863	0.0	1.43707	0.0	1.96176	0.7636999999999999	0.0	1.7050800000000002	1.50428	0.7605200000000001	0.95444	0.0	1.92841	0.0	1.1993	0.72652	0.0	0.0	0.0	0.0	0.0
Node 498		0.0	0.0	2.2562599999999997	1.6203599999999998	0.0	0.0	0.0	1.69681	0.0	1.7050800000000002	1.50428	0.0	0.0	0.0	0.68739	1.40316	0.0	0.7417499999999999	0.96075	0.0	0.0	0.0	0.0
Node 108		0.5551	3.17046	0.0	1.14237	0.0	1.2087	1.68413	0.7636999999999999	0.0	1.49811	1.82103	0.0	0.0	2.31146	0.94875	0.0	1.9512600000000002	0.66809	0.0	0.0	0.0	0.0	0.0
Node 294		1.24811	0.94772	0.0	0.0	0.0	0.0	0.0	1.58539	0.62443	0.0	0.6196	0.77967	0.65625	0.86985	1.7033099999999999	0.64723	0.0	0.0	0.0	0.0	0.0	0.0	0.0
Node 119		0.5551	0.9823200000000001	0.0	0.7467900000000001	0.0	0.70121	0.0	0.7636999999999999	0.0	0.0	1.50428	0.0	1.84304	0.0	0.0	0.64723	0.0	0.67669	0.0	0.0	0.0	0.0	0.0
Node 248		0.0	0.9823200000000001	0.89225	0.64734	0.66248	0.0	0.0	0.8216899999999999	0.0	0.57091	0.6196	0.0	0.8886	0.0	0.0	0.0	0.0	0.6086	0.0	0.0	0.0	0.0	0.0
Node 451		1.24811	1.74233	0.84776	0.7467900000000001	0.7591600000000001	0.0	0.0	2.46051	0.7065100000000001	0.57091	0.88468	0.7605200000000001	2.17493	1.74108	0.73392	0.0	0.50058	0.6086	0.0	0.0	0.0	0.0	0.0
Node 143		0.0	1.7644199999999999	0.0	0.0	0.75299	0.0	0.71931	0.7636999999999999	0.0	0.0	0.62207	0.7605200000000001	0.85256	0.87123	0.0	0.0	0.0	0.67669	0.0	0.0	0.0	0.0	0.0
Node 161		0.69301	2.56727	0.76458	0.7056899999999999	1.99645	0.50749	0.96401	0.0	0.0	0.0	0.0	0.7605200000000001	0.8886	0.0	0.94875	1.53077	1.9512600000000002	0.0	0.0	0.0	0.0	0.0	0.0
Node 362		1.2335099999999999	0.7946099999999999	0.0	0.0	0.0	0.7757499999999999	1.68821	1.58539	0.62443	0.77788	0.88468	0.76214	1.7679299999999998	0.7654700000000001	0.68739	0.0	0.50058	0.0	0.0	0.0	0.0	0.0	0.0
Node 185		0.5405	1.79902	0.0	0.99278	0.65606	1.27538	0.0	0.0	0.64169	0.9272	0.0	0.77967	0.0	0.0	0.0	0.0	0.50058	0.72652	0.0	0.0	0.0	0.0	0.0
Node 78		1.2335099999999999	0.8167000000000001	0.89225	0.99278	0.0	0.85022	0.9969399999999999	0.0	0.7963899999999999	0.77788	0.86319	0.77967	0.95444	0.86985	0.6262099999999999	0.0	0.50058	0.0	0.0	0.0	0.0	0.0	0.0
Node 229		0.5405	0.8167000000000001	0.8605099999999999	0.62758	0.0	1.22557	0.0	1.68058	0.7405499999999999	0.0	0.86319	0.77967	2.63467	0.0	0.73392	0.64723	0.0	2.3514	0.0	0.0	0.0	0.0	0.0
Node 383		0.5551	0.8167000000000001	0.0	1.73957	0.66248	0.85022	2.68515	0.8216899999999999	0.0	0.57091	0.86319	0.0	1.1670099999999999	0.86985	0.73392	0.0	1.1993	0.0	0.0	0.0	0.0	0.0	0.0
Node 440		0.0	0.94772	0.0	0.99278	0.0	0.0	0.71931	2.4977099999999997	0.0	0.0	1.48607	0.0	0.0	0.0	0.8754299999999999	0.0	0.50058	0.6086	0.0	0.0	0.0	0.0	0.0
Node 5		0.0	0.0	0.0	0.62758	0.66248	1.42439	0.9648199999999999	0.0	0.62443	0.0	0.6196	0.76214	0.0	0.0	0.0	1.24689	0.50058	0.66809	1.48101	0.0	0.0	0.0	0.0
Node 414		1.29053	0.98641	0.0	0.7467900000000001	0.0	0.0	0.71931	0.7636999999999999	0.7405499999999999	0.8962100000000001	0.0	0.0	2.05561	0.9702000000000001	0.6262099999999999	1.2282	1.8978	0.0	0.0	0.0	0.0	0.0	0.0
Node 267		1.2335099999999999	0.8167000000000001	1.83821	0.0	2.99259	1.1889399999999999	0.9689	0.8216899999999999	0.0	0.57091	1.5605799999999999	0.0	0.8886	1.61413	0.74475	0.0	0.0	0.0	0.96075	0.0	0.0	0.0	0.0
Node 443		1.2335099999999999	1.69208	0.84776	1.73957	0.67791	2.0589199999999996	1.68821	0.85889	0.7963899999999999	1.3487900000000002	0.86319	0.0	0.0	0.58399	2.25545	0.0	0.0	0.0	0.0	0.0	0.0	0.0	0.0
Node 197		0.73543	0.94772	0.0	0.8761	0.0	1.55143	1.96584	0.0	0.62443	0.7572599999999999	1.50428	1.48979	1.54485	0.9702000000000001	0.0	0.0	1.7500399999999998	0.67669	0.0	0.0	0.0	0.0	0.0
Node 18		1.24811	0.0	0.0	0.9028700000000001	0.6689299999999999	1.27538	0.71931	0.7636999999999999	0.62443	0.0	1.48526	0.89285	2.1214500000000003	1.74108	0.8754299999999999	0.62854	0.0	0.0	0.0	0.0	0.0	0.0	0.0
Node 322		1.0956000000000001	2.4866900000000003	0.0	0.99278	0.0	1.55143	0.0	0.8216899999999999	0.0	0.83655	0.86647	0.76214	0.0	0.87123	0.94875	1.24689	1.8978	0.0	0.0	0.0	0.0	0.0	0.0
Node 370		1.27593	0.0	0.0	0.62758	0.6689299999999999	0.57417	0.0	0.0	1.36498	0.0	0.0	0.76214	1.82118	1.84005	0.75456	1.6037599999999999	0.0	0.0	0.0	0.0	0.0	0.0	0.0
Node 482		0.73543	0.7946099999999999	1.7400100000000003	0.7467900000000001	0.7591600000000001	0.0	0.9969399999999999	0.0	0.0	0.57091	1.48279	0.76214	5.55355	0.0	0.0	0.64723	1.9512600000000002	0.0	0.0	0.0	0.0	0.0	0.0
Node 93		0.7501599999999999	0.78625	1.69639	0.0	0.0	0.70121	0.0	0.0	0.62443	0.57091	1.50428	0.7605200000000001	0.51076	0.0	0.73392	0.64723	0.0	0.9405600000000001	0.0	0.0	0.0	0.0	0.0
Node 459		1.9836699999999998	0.0	1.69639	1.3743699999999999	0.65606	0.7757499999999999	0.0	0.67153	1.18445	0.8962100000000001	0.6196	0.7605200000000001	1.1670099999999999	1.80663	0.75456	0.0	0.0	1.47825	0.0	0.0	0.0	0.0	0.0
Node 328		0.0	0.0	0.0	1.73957	0.85199	0.0	1.71625	0.8216899999999999	0.0	0.0	0.0	0.89285	0.0	0.9702000000000001	0.6262099999999999	0.0	0.50058	0.0	0.0	0.0	0.0	0.0	0.0
Node 95		0.5551	0.0	0.84776	0.8761	0.0	0.0	0.0	0.8751200000000001	0.62443	0.77788	0.6196	1.48979	0.95444	0.8486600000000001	0.0	0.0	0.50058	0.53769	0.0	0.0	0.0	0.0	0.0
Node 121		1.59523	1.8031100000000002	0.0	0.0	0.66248	1.08166	0.0	0.0	0.7065100000000001	0.0	0.0	1.48817	2.70051	0.0	0.94875	0.0	0.0	1.2766899999999999	0.0	0.0	0.0	0.0	0.0
Node 368		0.5551	0.0	1.40763	1.73957	0.66248	1.42439	0.0	0.0	0.7405499999999999	1.3487900000000002	0.86319	0.7605200000000001	0.0	0.8486600000000001	0.0	0.0	0.50058	0.0	0.0	0.0	0.0	0.0	0.0
Node 28		0.5551	0.0	0.0	0.0	0.66248	0.85022	0.0	0.8751200000000001	0.62443	0.77788	0.0	0.0	0.95444	0.9702000000000001	0.73392	0.64723	0.0	0.72652	0.0	0.0	0.0	0.0	0.0
Node 364		0.0	0.9823200000000001	0.0	1.3743699999999999	0.0	1.5901800000000001	1.3830500000000001	0.0	1.52823	0.0	1.50428	0.77967	0.51076	0.86985	0.73392	0.5996600000000001	0.0	0.0	0.0	0.0	0.0	0.0	0.0
Node 200		0.5405	2.4866900000000003	0.0	0.99278	1.31854	2.4363699999999997	1.73325	0.0	0.7065100000000001	0.0	0.62207	0.76214	0.65625	0.87123	0.6262099999999999	0.0	1.8978	0.6086	0.0	0.0	0.0	0.0	0.0
Node 218		0.69301	1.6113100000000002	2.58864	0.62758	0.0	2.07579	0.0	0.0	0.0	0.0	0.0	0.0	0.95444	0.9702000000000001	1.7157200000000001	0.0	0.0	0.72652	0.0	0.0	0.0	0.0	0.0
Node 199		0.5551	1.7644199999999999	0.0	0.7467900000000001	1.31854	0.7757499999999999	0.0	0.85889	0.0	0.0	0.0	0.0	0.0	2.71128	0.0	0.81369	0.50058	1.39461	0.0	0.0	0.0	0.0	0.0
Node 27		1.0956000000000001	0.0	0.8605099999999999	0.0	0.0	1.55143	0.9689	0.91039	0.0	2.16297	2.12635	0.0	0.0	0.86202	1.36013	0.0	1.60441	0.66809	0.0	0.0	0.0	0.0	0.0
Node 318		1.0956000000000001	0.98641	0.0	0.62758	1.41522	2.05113	0.71931	0.9086500000000001	0.0	1.7050800000000002	0.0	0.0	1.1670099999999999	1.54599	1.9967599999999999	0.0	1.4959200000000001	1.66608	0.0	0.0	0.0	0.0	0.0
Node 176		0.0	0.94772	0.0	0.0	0.0	0.0	0.0	0.85889	0.7405499999999999	0.77788	0.86319	0.72765	3.4069599999999998	2.5775099999999997	0.0	0.0	0.0	0.0	0.0	0.0	0.0	0.0	0.0
Node 303		0.5551	1.69208	0.0	0.0	0.0	0.0	0.0	2.5557	0.62443	0.8962100000000001	0.0	0.0	2.05561	0.86985	0.94875	0.5996600000000001	1.60441	0.0	0.0	0.0	0.0	0.0	0.0
Node 81		1.29053	0.0	0.0	0.0	0.65606	0.57417	0.0	0.8216899999999999	0.0	0.77788	0.6196	0.0	0.8793300000000001	2.13041	0.75456	0.0	0.0	0.0	0.0	0.0	0.0	0.0	0.0
Node 458		0.0	0.94772	1.69639	0.99278	1.31854	0.0	0.0	3.2712900000000005	0.0	0.57091	0.0	0.89285	0.0	0.0	0.6262099999999999	1.2282	1.05868	1.14629	0.0	0.0	0.0	0.0	0.0
Node 452		0.5551	0.0	0.0	1.6203599999999998	0.65606	0.85022	0.0	0.7636999999999999	0.62443	1.3487900000000002	0.0	0.7605200000000001	0.0	0.0	1.7033099999999999	0.64723	0.90246	0.0	0.0	0.0	0.0	0.0	0.0
Node 336		0.0	0.0	1.40763	0.0	0.0	0.70121	0.71931	1.3561699999999999	1.53694	0.83655	0.0	1.48817	0.95444	0.0	0.0	0.62854	0.50058	1.81438	0.0	0.0	0.0	0.0	0.0
Node 352		0.69301	0.94772	0.0	0.0	0.0	0.0	0.0	0.0	0.0	0.77788	0.6196	2.4773300000000003	0.0	0.9702000000000001	1.3807699999999998	0.0	0.50058	1.47825	0.0	0.0	0.0	0.0	0.0
Node 236		0.5551	0.0	0.0	0.7467900000000001	0.0	0.0	0.71931	0.8216899999999999	0.0	1.49811	0.95784	0.99317	0.8886	0.9702000000000001	0.0	0.64723	0.9953399999999999	1.47825	0.0	0.0	0.0	0.0	0.0
Node 59		0.0	0.98641	0.0	0.7467900000000001	0.7591600000000001	0.0	3.3488900000000004	0.0	0.0	0.0	0.0	0.0	0.0	0.0	0.0	0.5996600000000001	0.50058	1.87281	0.0	0.0	0.0	0.0	0.0
Node 74		0.69301	0.8167000000000001	2.9548200000000002	0.0	0.0	0.0	0.71931	0.0	0.0	0.57091	1.31699	1.48979	0.0	1.71989	1.6299899999999998	0.64723	2.4559	0.0	0.0	0.0	0.0	0.0	0.0
Node 327		0.5551	0.98641	0.84863	0.0	0.90133	2.13346	0.71931	0.8216899999999999	0.0	1.7050800000000002	0.0	0.7605200000000001	0.0	0.0	1.44195	0.0	0.95592	2.08685	0.0	0.0	0.0	0.0	0.0
Node 278		1.2335099999999999	0.0	1.69639	1.6203599999999998	0.0	0.52436	0.71931	0.85889	1.42082	0.9272	0.88468	0.0	0.8793300000000001	1.80663	1.7033099999999999	0.0	0.90246	1.2766899999999999	0.0	0.0	0.0	0.0	0.0
Node 494		1.6376499999999998	0.0	0.0	0.7467900000000001	1.42164	1.55143	0.0	0.0	1.3481999999999998	0.8141799999999999	0.0	0.0	0.0	0.86985	0.0	0.0	0.9953399999999999	0.0	0.0	0.0	0.0	0.0	0.0
Node 249		0.69301	0.0	0.84863	0.0	0.67791	0.7757499999999999	1.92883	0.0	0.0	0.9272	0.0	0.0	0.0	0.0	0.0	0.62854	0.0	0.0	0.0	0.0	0.0	0.0	0.0
Node 343		0.0	0.8167000000000001	0.0	0.99278	0.6689299999999999	0.85022	1.68821	1.69681	0.0	0.0	0.6196	0.72765	0.0	2.58433	1.61769	0.0	0.0	1.28529	0.0	0.0	0.0	0.0	0.0
Node 371		1.2335099999999999	1.7644199999999999	0.84776	0.9028700000000001	0.0	0.0	0.0	0.0	0.62443	0.9272	0.6196	0.0	0.0	0.0	0.7669699999999999	0.0	2.48259	0.95679	0.52026	0.0	0.0	0.0	0.0
Node 427		0.5551	0.0	0.0	0.0	0.66248	0.85022	0.0	0.8751200000000001	0.0	1.3487900000000002	0.6196	0.7605200000000001	0.0	0.9702000000000001	0.0	0.0	0.0	0.0	0.0	0.0	0.0	0.0	0.0
Node 0		0.5551	0.8167000000000001	0.0	0.99278	0.0	0.61477	0.0	1.68058	1.36498	0.0	0.6196	0.9611400000000001	1.84304	0.7654700000000001	0.0	0.0	0.95592	0.0	0.0	0.0	0.0	0.0	0.0
Node 30		0.8004000000000001	0.0	0.0	2.25862	0.0	1.27538	0.0	0.7636999999999999	0.0	0.8962100000000001	0.86319	0.0	0.0	0.9702000000000001	0.0	0.62854	1.4959200000000001	0.66809	0.0	0.0	0.0	0.0	0.0
Node 82		0.0	2.74674	0.84863	1.6203599999999998	0.0	0.70121	0.9689	1.35687	0.0	0.9272	0.6196	0.0	0.0	0.9702000000000001	0.94875	1.20141	0.0	0.0	0.0	0.0	0.0	0.0	0.0
Node 441		0.0	3.5454399999999997	0.56581	0.0	0.66248	0.57417	0.71931	0.8216899999999999	0.7065100000000001	0.0	1.48279	1.6533699999999998	2.41159	0.9702000000000001	0.75456	0.64723	0.9953399999999999	0.6086	0.96075	0.0	0.0	0.0	0.0
Node 55		1.0956000000000001	0.0	0.0	0.0	0.0	0.61477	0.9969399999999999	1.69681	0.0	0.0	0.88468	0.7605200000000001	0.65625	0.87123	0.6262099999999999	0.7721600000000001	0.0	0.0	0.0	0.0	0.0	0.0	0.0
Node 410		0.5405	0.8167000000000001	0.0	0.0	0.67791	0.57417	0.9689	0.8216899999999999	0.0	2.27599	0.6196	0.98916	1.7553400000000001	1.5464200000000001	0.61202	0.62854	0.0	2.3514	0.96075	0.0	0.0	0.0	0.0
Node 149		0.69301	0.0	0.84863	1.6203599999999998	0.65606	0.0	0.9969399999999999	1.58539	0.62443	0.57091	0.6196	0.0	1.1670099999999999	1.70628	0.6262099999999999	0.0	0.0	0.67669	0.0	0.0	0.0	0.0	0.0
Node 167		1.24811	0.8167000000000001	0.0	0.62758	1.34039	1.2832400000000002	0.0	0.0	0.0	0.0	0.0	0.65139	0.0	0.0	0.75456	0.0	0.0	0.0	0.0	0.0	0.0	0.0	0.0
Node 382		0.0	2.6564	0.84776	2.36715	0.0	1.27538	0.0	0.0	0.7065100000000001	0.0	0.86319	0.77967	1.51738	0.0	0.0	0.0	0.0	1.5491599999999999	0.0	0.0	0.0	0.0	0.0
Node 113		0.0	1.79902	2.2622	2.36715	1.5792400000000002	1.55143	0.9689	0.0	1.30057	0.8141799999999999	2.44063	1.48979	0.0	0.0	0.0	0.0	0.0	0.0	0.0	0.0	0.0	0.0	0.0
Node 69		1.44317	0.9823200000000001	0.0	0.0	0.67791	0.70121	0.96401	0.85889	0.62443	2.5819	1.48526	0.0	0.0	0.58399	0.0	1.4007	0.0	0.95679	0.0	0.0	0.0	0.0	0.0
Node 114		0.0	1.6029499999999999	0.0	0.0	0.0	0.0	0.9648199999999999	0.8751200000000001	0.0	0.8962100000000001	0.86319	0.0	0.0	0.83643	0.0	1.37182	1.2947	0.0	0.0	0.0	0.0	0.0	0.0
Node 304		0.5551	0.0	0.68074	1.6203599999999998	0.66248	0.0	0.71931	0.0	0.0	0.0	0.0	0.0	0.65625	1.8414300000000001	0.73392	0.7721600000000001	0.0	0.66809	0.7417499999999999	0.0	0.0	0.0	0.0
Node 96		1.24811	0.0	0.0	1.6203599999999998	0.65606	0.85022	0.0	0.0	0.0	1.7050800000000002	1.2416699999999998	0.72765	0.65625	0.0	0.0	1.24689	0.0	0.66809	0.0	0.0	0.0	0.0	0.0
Node 109		1.0956000000000001	0.0	0.0	0.99278	0.0	0.57417	0.9689	0.9086500000000001	1.33094	0.57091	1.48607	0.7605200000000001	0.0	1.74108	0.68739	0.62854	1.9512600000000002	0.0	0.0	0.0	0.0	0.0	0.0
Node 265		0.7501599999999999	0.0	1.75276	0.7467900000000001	1.4280899999999999	0.0	0.9689	0.0	0.7405499999999999	0.0	2.44063	0.7605200000000001	0.8793300000000001	2.68871	1.57496	0.64723	1.55344	0.0	0.0	0.0	0.0	0.0	0.0
Node 432		0.5405	1.77693	0.0	0.7467900000000001	0.0	0.0	0.9648199999999999	0.7636999999999999	0.0	1.7050800000000002	0.0	1.6533699999999998	0.0	0.0	1.3807699999999998	0.0	0.0	0.66809	1.48101	0.0	0.0	0.0	0.0
Node 287		0.73543	0.0	0.0	0.64734	0.65606	0.0	1.92883	1.43523	0.62443	0.0	1.5605799999999999	1.48817	2.40232	1.64634	1.48848	0.5996600000000001	0.0	0.66809	0.0	0.0	0.0	0.0	0.0
Node 80		0.5405	0.0	0.0	0.7467900000000001	0.66248	0.0	0.71931	1.68058	0.0	0.77788	0.0	0.72765	0.8793300000000001	0.0	0.7669699999999999	0.62854	0.9953399999999999	0.0	0.0	0.0	0.0	0.0	0.0
Node 177		0.0	0.0	0.0	0.99278	1.42164	0.50749	0.0	0.0	0.62443	0.77788	0.6196	0.76214	1.7957899999999998	0.83643	0.75456	0.0	1.60441	0.0	0.0	0.0	0.0	0.0	0.0
Node 366		0.5551	2.67849	0.84776	0.9695	0.0	1.85991	0.0	0.68464	0.62443	0.57091	0.0	0.7605200000000001	0.0	0.67614	0.0	0.0	0.0	1.60865	0.0	0.0	0.0	0.0	0.0
Node 24		0.69301	3.5454399999999997	0.0	1.73957	0.7591600000000001	0.0	0.0	0.0	0.0	1.3487900000000002	0.62207	0.0	0.0	2.31146	0.0	0.0	0.50058	0.0	0.0	0.0	0.0	0.0	0.0
Node 135		0.69301	0.8167000000000001	0.84776	0.99278	0.7591600000000001	0.57417	0.0	0.0	1.33094	2.22438	1.74787	0.0	1.7553400000000001	0.0	0.75456	1.2282	0.90246	0.67669	0.0	0.0	0.0	0.0	0.0
Node 469		0.69301	0.0	0.84863	0.7467900000000001	0.0	1.27538	0.9648199999999999	1.68058	0.0	0.0	0.0	1.48817	0.95444	0.83643	0.0	0.7721600000000001	0.0	1.39461	0.0	0.0	0.0	0.0	0.0
Node 489		0.5405	0.0	0.0	0.99278	0.0	0.0	2.68515	0.0	0.7963899999999999	1.7050800000000002	2.44063	0.0	1.39936	0.87123	0.0	0.5996600000000001	1.2947	0.0	0.0	0.0	0.0	0.0	0.0
Node 157		0.5551	0.8167000000000001	1.69639	0.0	0.66248	2.1256	0.9648199999999999	0.0	0.7065100000000001	0.8962100000000001	0.86319	0.0	0.0	0.9702000000000001	0.73392	0.0	2.45184	0.0	0.0	0.0	0.0	0.0	0.0
Node 139		1.45732	0.0	0.89225	1.73957	0.7591600000000001	0.0	0.71931	1.5466499999999999	0.0	0.87682	0.6196	0.7605200000000001	0.65625	0.86202	1.48848	0.62854	0.0	1.28529	0.0	0.0	0.0	0.0	0.0
Node 146		0.5551	1.76857	0.0	0.0	0.67791	0.0	0.0	0.7636999999999999	0.0	1.61443	1.74787	0.9611400000000001	0.51076	0.0	0.0	0.0	0.90246	0.0	0.0	0.0	0.0	0.0	0.0
Node 369		0.73543	0.94772	0.84776	1.82235	1.42164	0.57417	0.9648199999999999	0.8751200000000001	0.0	0.0	0.0	0.72765	0.0	0.83643	0.0	1.9548800000000002	1.78946	0.9405600000000001	0.0	0.0	0.0	0.0	0.0
Node 397		1.80739	0.94772	1.4580600000000001	0.0	0.67791	0.0	0.9689	0.67153	0.0	2.27599	0.88468	1.48817	0.65625	1.74108	0.75456	1.24689	0.0	1.28529	0.0	0.0	0.0	0.0	0.0
Node 400		0.0	0.0	0.84863	0.0	0.0	0.70121	0.9689	0.67153	0.0	0.9272	1.57991	0.0	0.8886	0.86985	0.0	0.64723	0.50058	1.2766899999999999	0.0	0.0	0.0	0.0	0.0
Node 181		0.9022199999999999	0.8167000000000001	0.84863	0.0	0.0	0.0	0.0	0.7636999999999999	0.0	0.0	0.0	0.88589	0.51076	0.0	0.0	0.8035000000000001	0.50058	0.0	0.0	0.0	0.0	0.0	0.0
Node 393		0.69301	1.93413	0.55987	0.0	0.66248	1.58615	0.0	1.44858	2.84862	0.57091	0.0	0.7605200000000001	0.8793300000000001	0.86985	0.0	0.0	0.50058	0.0	0.0	0.0	0.0	0.0	0.0
Node 54		0.5551	0.9823200000000001	0.8605099999999999	0.0	0.66248	1.27538	0.0	0.0	1.33094	0.0	0.0	0.7605200000000001	1.67676	3.06797	0.73392	0.64723	0.50058	0.0	0.0	0.0	0.0	0.0	0.0
Node 315		0.69301	0.94772	0.55987	0.0	0.66248	0.0	1.71625	0.0	0.7065100000000001	1.3487900000000002	1.48279	1.48817	0.51076	0.0	0.0	0.62854	0.0	0.0	0.0	0.0	0.0	0.0	0.0
Node 460		0.0	0.0	0.0	0.0	0.0	2.36362	0.0	0.0	0.0	0.8141799999999999	0.0	0.77967	0.51076	0.0	0.66894	0.5996600000000001	2.15928	1.5491599999999999	0.0	0.0	0.0	0.0	0.0
Node 416		0.0	0.0	0.0	1.14237	0.0	0.85022	0.0	0.85889	0.0	0.0	0.0	0.0	0.65625	0.0	1.36013	1.2282	2.3589599999999997	1.20578	0.0	0.0	0.0	0.0	0.0
Node 105		0.0	2.59772	0.84863	0.7056899999999999	0.0	1.55143	0.76435	0.7636999999999999	0.62443	0.0	0.86319	1.48979	0.8886	0.86985	0.75456	0.62854	0.64849	0.66809	0.0	0.0	0.0	0.0	0.0
Node 496		1.27593	0.94772	0.84863	0.99278	0.7591600000000001	0.57417	1.71625	2.11987	0.0	1.7050800000000002	0.86319	1.5787099999999998	3.17461	2.21931	1.29145	0.55418	0.79412	0.66809	0.0	0.0	0.0	0.0	0.0
Node 122		1.5981800000000002	0.0	0.0	1.3743699999999999	1.42164	0.0	0.0	0.67153	0.0	0.8141799999999999	1.82103	0.0	1.1670099999999999	0.0	0.0	0.64723	0.90646	0.0	0.0	0.0	0.0	0.0	0.0
Node 86		0.5405	0.0	0.0	0.0	1.34684	0.85022	0.71931	3.3194	0.0	0.8141799999999999	0.0	0.0	0.0	0.0	0.94875	0.0	0.95592	2.7549400000000004	0.0	0.0	0.0	0.0	0.0
Node 162		0.0	0.8167000000000001	0.8605099999999999	0.0	1.4280899999999999	0.0	0.0	1.29888	0.74342	0.0	1.74787	0.7605200000000001	2.49929	0.87123	0.0	0.0	0.9953399999999999	0.6086	0.0	0.0	0.0	0.0	0.0
Node 442		0.0	0.87538	1.69639	0.0	0.65606	0.0	0.0	0.8216899999999999	0.7065100000000001	0.57091	0.0	0.0	0.0	0.8486600000000001	0.0	1.27577	1.46056	1.2766899999999999	0.0	0.0	0.0	0.0	0.0
Node 173		2.2427200000000003	0.98641	1.83821	0.0	0.65606	0.0	0.0	0.7636999999999999	1.36498	0.57091	0.86319	0.76214	0.8886	1.84005	0.0	0.7721600000000001	0.0	0.0	0.0	0.0	0.0	0.0	0.0
Node 180		0.5551	1.76857	0.0	1.3743699999999999	0.0	2.1256	0.0	1.5466499999999999	0.56002	0.0	0.6196	0.0	0.0	0.86985	1.57496	0.0	0.50058	1.47825	0.0	0.0	0.0	0.0	0.0
Node 73		0.5551	0.0	1.69639	1.73957	0.7591600000000001	1.89801	1.68413	0.7636999999999999	0.0	0.77788	0.62207	0.7605200000000001	0.51076	0.86985	0.73392	0.0	0.0	0.0	0.52026	0.0	0.0	0.0	0.0
Node 222		0.0	0.8167000000000001	0.84776	0.62758	0.67791	0.0	1.96176	0.8216899999999999	0.0	0.57091	1.5605799999999999	0.7605200000000001	0.51076	0.83643	0.0	2.3276399999999997	0.0	0.67669	0.0	0.0	0.0	0.0	0.0
Node 283		0.5551	0.0	0.0	0.0	0.0	0.57417	0.0	1.43523	0.0	0.0	0.0	0.0	0.0	1.71989	1.7157200000000001	0.0	0.50058	0.0	0.0	0.0	0.0	0.0	0.0
Node 68		0.0	1.7145299999999999	0.0	0.0	0.7591600000000001	1.09853	0.9689	0.7636999999999999	0.0	0.0	0.86319	0.77967	0.95444	0.86985	1.7033099999999999	0.5996600000000001	1.69406	0.0	0.0	0.0	0.0	0.0	0.0
Node 395		0.69301	0.0	0.89225	1.3743699999999999	0.7591600000000001	1.42439	0.71931	1.5304200000000001	0.0	0.57091	0.86319	2.61613	0.79743	3.10061	0.0	1.4193900000000002	2.45184	0.66809	0.0	0.0	0.0	0.0	0.0
Node 53		1.7026199999999998	0.94772	0.89225	0.0	0.0	0.0	0.0	0.85889	0.0	0.0	0.6196	1.8539900000000002	1.2826600000000001	0.86985	0.0	0.7721600000000001	0.50058	2.3351699999999997	0.0	0.0	0.0	0.0	0.0
Node 353		0.0	0.0	0.84776	0.99278	0.0	0.57417	0.9689	0.7636999999999999	0.0	0.0	0.0	0.0	2.05561	0.86985	0.6262099999999999	0.64723	0.0	0.0	0.0	0.0	0.0	0.0	0.0
Node 227		1.27593	1.7644199999999999	1.69639	0.0	0.0	1.42439	0.0	0.8216899999999999	1.4380799999999998	0.8141799999999999	0.0	0.7605200000000001	0.0	2.6764799999999997	0.61202	0.0	0.90246	0.0	0.0	0.0	0.0	0.0	0.0
Node 77		0.5551	0.94772	0.84863	0.0	0.0	0.7757499999999999	0.9648199999999999	2.6426600000000002	0.0	0.0	0.95784	0.0	1.54485	1.4416099999999998	1.7157200000000001	0.0	0.90646	0.53769	0.96075	0.0	0.0	0.0	0.0
Node 153		0.5551	1.7145299999999999	0.0	2.13768	0.0	0.70121	1.68821	0.0	0.0	0.0	1.72966	0.0	1.1670099999999999	1.7106799999999998	0.0	1.24689	1.4565	0.0	0.0	0.0	0.0	0.0	0.0
Node 210		0.69301	0.0	0.0	0.9028700000000001	1.3339699999999999	1.27538	0.0	0.67153	0.0	1.7050800000000002	0.6196	0.0	0.51076	0.0	0.0	0.0	0.0	0.72652	0.0	0.0	0.0	0.0	0.0
Node 314		0.0	0.8167000000000001	0.84863	0.7467900000000001	0.0	0.57417	0.0	0.7636999999999999	0.7963899999999999	0.0	1.48279	0.0	0.0	0.86985	1.7342199999999999	0.0	0.95592	1.81438	0.0	0.0	0.0	0.0	0.0
Node 445		0.5551	0.9823200000000001	0.0	0.99278	0.66248	0.0	0.0	0.91039	0.0	1.53514	1.48583	1.48817	0.0	1.84005	0.0	0.0	0.69872	0.67669	0.0	0.0	0.0	0.0	0.0
Node 112		0.0	0.0	0.84776	0.0	2.0777	0.70121	0.76435	2.35211	0.0	0.8962100000000001	2.3699399999999997	0.72765	0.65625	0.0	0.0	0.9266500000000001	0.0	0.67669	0.5955199999999999	0.0	0.0	0.0	0.0
Node 40		0.69301	1.66999	0.84863	0.7056899999999999	1.34039	0.0	0.71931	0.0	0.0	0.87682	0.0	0.76214	1.84304	0.0	0.0	2.15485	0.0	0.9405600000000001	0.0	0.0	0.0	0.0	0.0
Node 288		1.2335099999999999	0.94772	0.0	0.0	0.66248	2.4363699999999997	0.71931	0.8216899999999999	1.42082	0.77788	0.0	0.7605200000000001	0.8793300000000001	0.0	1.3807699999999998	0.9565300000000001	1.05868	0.6086	0.0	0.0	0.0	0.0	0.0
Node 321		0.73543	2.76334	0.0	0.0	0.66248	1.27538	0.0	0.7636999999999999	0.0	0.9272	0.0	0.0	2.36666	0.9702000000000001	0.75456	0.0	0.9953399999999999	0.9405600000000001	0.0	0.0	0.0	0.0	0.0
Node 473		0.0	0.78625	0.84863	0.99278	1.43707	1.42439	0.0	0.7636999999999999	0.0	0.81013	0.86319	0.0	3.80168	0.0	1.7033099999999999	1.37182	0.0	2.7549400000000004	0.0	0.0	0.0	0.0	0.0
Node 378		0.0	1.66999	0.0	0.0	0.0	2.32718	0.71931	0.0	0.62443	1.49811	1.74787	0.0	0.65625	0.9702000000000001	0.75456	0.64723	0.0	0.0	0.0	0.0	0.0	0.0	0.0
Node 272		0.5405	0.94772	0.96711	1.22048	0.0	0.0	0.9689	1.69681	0.7065100000000001	1.74138	0.86319	0.0	1.3775000000000002	0.9702000000000001	0.0	0.7721600000000001	0.9953399999999999	1.2766899999999999	0.96075	0.0	0.0	0.0	0.0
Node 376		0.69301	1.79902	0.56581	0.99278	0.0	0.52436	0.0	0.67153	0.0	0.9272	0.6196	0.89285	1.83377	1.74108	0.0	0.0	0.69872	0.67669	0.0	0.0	0.0	0.0	0.0
Node 384		0.0	0.8167000000000001	0.84863	0.0	0.66248	0.7757499999999999	0.9689	0.0	0.0	1.3487900000000002	0.0	0.0	1.6860300000000001	0.87123	0.8754299999999999	0.0	1.69406	0.0	0.0	0.0	0.0	0.0	0.0
Node 457		0.5551	0.7946099999999999	0.0	0.0	0.66248	0.57417	0.9969399999999999	0.7636999999999999	0.7405499999999999	0.0	2.10486	0.0	1.54485	0.0	0.0	0.0	0.50058	0.66809	0.0	0.0	0.0	0.0	0.0
Node 372		0.0	0.8167000000000001	0.0	0.0	1.34039	1.55143	0.0	1.5589	1.36785	0.0	2.18018	0.5273	0.8886	0.0	0.73392	0.0	1.4959200000000001	0.0	0.0	0.0	0.0	0.0	0.0
Node 434		0.0	0.98641	0.89225	0.0	0.67791	1.24514	0.0	0.0	0.0	1.691	1.48279	0.0	0.62878	0.9702000000000001	0.94875	0.0	1.4959200000000001	0.72652	0.96075	0.0	0.0	0.0	0.0
Node 150		1.42844	0.94772	0.84776	0.7467900000000001	0.66248	0.85022	0.0	0.7636999999999999	0.0	0.0	0.86319	1.48817	0.0	0.86985	0.0	0.9266500000000001	0.90246	0.67669	0.0	0.0	0.0	0.0	0.0
Node 64		1.8960000000000001	1.77693	0.0	0.0	1.65862	0.50749	1.96584	2.4977099999999997	0.7405499999999999	1.7050800000000002	1.50428	2.5158300000000002	2.04634	0.0	0.0	0.0	0.50058	1.20578	0.0	0.0	0.0	0.0	0.0
Node 493		0.5551	0.8167000000000001	0.0	0.7467900000000001	1.42164	0.0	0.0	0.0	0.62443	0.0	1.57991	1.48817	2.04634	0.87123	0.75456	0.0	1.14907	0.0	0.0	0.0	0.0	0.0	0.0
Node 234		0.69301	0.94772	0.0	0.0	0.66248	0.0	0.0	0.0	0.0	0.0	0.0	0.76214	0.8793300000000001	1.73187	0.75456	0.64723	0.0	0.66809	0.0	0.0	0.0	0.0	0.0
Node 85		0.0	0.7946099999999999	0.55987	0.62758	0.7591600000000001	1.42439	0.71931	0.8751200000000001	0.0	0.0	0.86647	1.74968	0.0	1.45522	0.75456	1.4007	0.95592	0.0	0.0	0.0	0.0	0.0	0.0
Node 373		0.5405	0.9823200000000001	0.89225	1.6228900000000002	0.0	1.09853	2.8894900000000003	0.8216899999999999	0.0	0.9272	1.48279	0.0	1.84304	0.87123	0.73392	0.9565300000000001	0.0	0.6086	0.52026	0.0	0.0	0.0	0.0
Node 310		0.5405	1.66999	0.0	0.64734	0.7591600000000001	0.50749	1.96584	0.7636999999999999	0.7963899999999999	1.7103899999999999	0.88468	0.0	0.65625	0.0	0.0	0.5996600000000001	0.9953399999999999	0.53769	0.0	0.0	0.0	0.0	0.0
Node 361		0.8004000000000001	0.8167000000000001	0.55987	0.0	0.7591600000000001	0.70121	0.9648199999999999	0.0	1.36785	1.3487900000000002	0.6196	1.48979	0.51076	1.84005	1.5628199999999999	0.0	0.9953399999999999	1.5491599999999999	0.0	0.0	0.0	0.0	0.0
Node 292		1.2335099999999999	0.0	0.84776	0.0	0.67791	0.50749	0.9689	0.8216899999999999	2.06251	2.27599	0.88468	0.0	0.0	1.80663	0.0	0.0	0.64849	0.66809	0.0	0.0	0.0	0.0	0.0
Node 45		0.5405	1.8231000000000002	0.0	0.0	0.0	0.0	0.71931	2.6444	0.0	0.0	0.86319	0.77967	0.0	0.87123	0.0	0.0	0.69872	0.9893900000000001	0.0	0.0	0.0	0.0	0.0
Node 320		0.0	0.8167000000000001	0.84776	0.0	0.0	0.57417	0.9648199999999999	0.8751200000000001	0.0	0.8962100000000001	0.86319	0.98916	0.0	0.0	0.0	0.64723	0.0	0.0	0.0	0.0	0.0	0.0	0.0
Node 266		0.0	0.9823200000000001	0.0	0.7467900000000001	0.0	0.0	0.71931	0.0	1.36498	0.9272	0.6196	0.0	0.8793300000000001	0.0	1.7033099999999999	0.62854	0.50058	0.0	0.0	0.0	0.0	0.0	0.0
Node 297		0.82211	0.7946099999999999	1.69639	0.0	0.6689299999999999	0.85022	0.9969399999999999	2.29412	1.36498	1.3487900000000002	2.4431000000000003	0.76214	0.95444	1.83222	0.0	0.64723	1.40304	0.0	0.0	0.0	0.0	0.0	0.0
Node 380		0.69301	0.7946099999999999	0.76458	1.50368	1.42164	0.0	0.71931	0.0	0.60878	0.0	2.19951	0.7605200000000001	0.65625	0.83643	0.8754299999999999	0.64723	0.5581	0.0	0.0	0.0	0.0	0.0	0.0
Node 242		0.5551	0.0	0.8605099999999999	0.0	0.0	1.27538	0.71931	2.25692	0.0	0.57091	0.0	0.77967	0.0	0.0	0.0	0.0	0.90246	0.53769	0.0	0.0	0.0	0.0	0.0
Node 374		0.5551	0.87538	0.0	0.0	0.66248	0.70121	0.71931	0.0	0.62443	0.77788	2.10486	0.76214	1.54485	0.9702000000000001	0.0	0.0	0.50058	0.53769	0.0	0.0	0.0	0.0	0.0
Node 436		0.73543	0.98641	0.84863	1.3743699999999999	0.0	0.57417	0.0	2.36834	0.0	1.4578	0.86319	0.0	0.51076	0.0	0.73392	1.6037599999999999	0.50058	2.8914	0.0	0.0	0.0	0.0	0.0
Node 151		1.42844	0.0	0.0	0.0	0.7591600000000001	0.70121	0.0	0.0	0.7065100000000001	0.0	0.6196	0.0	2.05561	0.9702000000000001	0.94875	0.62854	2.45184	1.3447799999999999	0.0	0.0	0.0	0.0	0.0
Node 289		0.0	0.7946099999999999	0.0	1.3743699999999999	0.0	2.08757	0.0	0.0	0.0	0.0	1.31699	0.0	1.39936	1.74108	1.92841	0.0	1.78946	0.9405600000000001	0.0	0.0	0.0	0.0	0.0
Node 334		1.7886099999999998	0.9823200000000001	0.0	0.0	0.0	1.2087	0.9689	2.4055400000000002	0.7963899999999999	0.83655	0.0	0.0	1.1670099999999999	0.83643	1.48848	0.64723	0.9953399999999999	0.0	0.0	0.0	0.0	0.0	0.0
Node 319		1.2335099999999999	0.0	0.68074	0.0	0.0	0.70121	0.0	0.85889	0.0	1.3487900000000002	0.62207	0.7605200000000001	0.0	0.9702000000000001	0.73392	1.6037599999999999	1.14907	0.67669	0.0	0.0	0.0	0.0	0.0
Node 398		2.09106	2.6177099999999998	0.0	0.0	0.65606	0.85022	0.0	1.43523	0.0	0.77788	1.82103	0.76214	0.95444	0.9702000000000001	0.0	0.0	1.64383	1.60865	0.0	0.0	0.0	0.0	0.0
Node 402		0.0	0.87538	1.69639	0.99278	0.0	0.0	2.6530299999999998	0.8216899999999999	2.26277	0.0	2.26721	1.48817	1.7679299999999998	0.0	0.0	0.5996600000000001	1.40304	0.0	0.0	0.0	0.0	0.0	0.0
Node 148		0.5551	0.9823200000000001	1.7400100000000003	0.0	0.65606	0.85022	0.0	1.44834	1.30057	0.9272	0.0	0.7605200000000001	0.8886	0.86985	0.7669699999999999	0.88354	0.64849	0.0	0.0	0.0	0.0	0.0	0.0
Node 63		0.5551	0.94772	0.8605099999999999	0.0	0.0	1.55143	0.0	0.68464	0.0	0.0	0.88468	0.7605200000000001	0.0	0.9702000000000001	0.66894	0.0	0.90246	1.5491599999999999	0.0	0.0	0.0	0.0	0.0
Node 198		1.15239	0.0	1.7400100000000003	0.62758	0.67791	0.57417	0.9969399999999999	0.8216899999999999	0.7065100000000001	2.27599	1.2416699999999998	1.48817	2.70051	0.9702000000000001	1.29145	0.0	0.0	2.73239	0.0	0.0	0.0	0.0	0.0
Node 435		0.5551	0.9823200000000001	0.55987	1.73957	0.0	0.85022	0.0	2.34562	0.62443	0.9272	1.48279	0.76214	0.0	0.0	1.3807699999999998	0.0	1.60441	0.0	0.0	0.0	0.0	0.0	0.0
Node 192		0.5551	0.0	0.55987	0.0	0.0	0.57417	0.0	0.67153	1.48397	1.7050800000000002	0.6196	0.0	0.0	0.0	3.2042	0.0	0.9953399999999999	0.0	0.0	0.0	0.0	0.0	0.0
Node 57		0.5551	0.87538	0.0	0.99278	0.66248	0.50749	0.0	1.43523	0.62443	0.57091	0.0	1.52266	1.74607	0.67519	0.0	0.0	0.90246	0.0	0.0	0.0	0.0	0.0	0.0
Node 399		0.8004000000000001	0.9823200000000001	0.0	3.0290999999999997	0.7591600000000001	1.42439	1.68413	1.58539	0.0	1.7050800000000002	0.0	0.7605200000000001	0.79743	0.87123	2.2401999999999997	0.0	1.9512600000000002	0.66809	0.0	0.0	0.0	0.0	0.0
Node 13		0.0	0.87538	0.0	0.0	0.0	0.57417	0.93756	0.7636999999999999	0.62443	0.0	0.6196	0.7605200000000001	0.0	0.9702000000000001	0.0	1.55548	0.50058	0.0	0.0	0.0	0.0	0.0	0.0
Node 88		0.0	0.87538	0.0	0.62758	0.65606	0.70121	0.0	0.8751200000000001	0.62443	0.8141799999999999	0.62207	0.72765	0.8793300000000001	0.9702000000000001	0.0	0.62854	0.0	0.0	0.0	0.0	0.0	0.0	0.0
Node 239		1.29053	1.8031100000000002	0.0	0.0	0.0	0.50749	0.0	1.63882	0.0	0.0	2.10486	0.7605200000000001	1.82118	0.86985	1.48848	0.8035000000000001	0.69872	2.08685	0.52026	0.0	0.0	0.0	0.0
Node 279		0.0	1.8231000000000002	0.0	0.0	0.0	3.4088399999999996	0.0	0.7636999999999999	1.36498	0.57091	0.0	0.7605200000000001	1.1670099999999999	0.9702000000000001	0.0	0.0	0.90246	1.2766899999999999	0.0	0.0	0.0	0.0	0.0
Node 42		2.16208	0.8167000000000001	0.0	0.0	0.0	0.85022	0.0	0.0	0.7963899999999999	0.0	0.0	0.0	0.65625	0.0	0.68739	0.64723	0.50058	1.88247	0.0	0.0	0.0	0.0	0.0
Node 48		1.96894	0.7946099999999999	0.55987	0.0	0.6689299999999999	1.42439	0.0	0.0	1.34933	0.0	0.86647	2.3812900000000004	0.0	1.53816	1.5016399999999999	0.0	0.0	0.0	0.0	0.0	0.0	0.0	0.0
Node 240		1.2903	0.0	0.0	0.0	0.0	1.31182	1.68413	3.16731	0.62443	0.77788	0.88468	0.0	1.4999200000000001	0.0	1.57496	0.5996600000000001	0.50058	0.67669	0.0	0.0	0.0	0.0	0.0
Node 490		1.0956000000000001	0.0	0.0	0.0	0.0	0.57417	0.71931	1.49322	0.64169	0.57091	0.6196	1.48817	1.1670099999999999	0.9702000000000001	1.57496	0.0	0.95592	0.0	0.0	0.0	0.0	0.0	0.0
Node 465		0.0	0.87538	0.0	1.50368	0.67791	0.85022	1.92883	1.63882	0.0	0.0	0.0	0.72765	1.4820200000000001	0.9702000000000001	0.0	0.0	0.69872	0.95679	0.0	0.0	0.0	0.0	0.0
Node 21		0.0	0.8167000000000001	1.69639	1.73957	0.66248	0.57417	2.6481399999999997	0.0	0.62443	0.0	0.86319	1.50732	1.1670099999999999	0.0	0.0	0.0	0.50058	1.3447799999999999	0.0	0.0	0.0	0.0	0.0
Node 388		1.2335099999999999	0.0	0.0	0.0	0.0	0.0	0.0	2.43402	0.62443	1.49811	0.86319	0.0	0.95444	0.9702000000000001	0.0	0.0	0.0	0.66809	0.7417499999999999	0.0	0.0	0.0	0.0
Node 463		0.0	0.0	0.0	0.0	0.66248	0.0	0.0	1.5304200000000001	0.0	0.0	0.0	0.0	0.0	0.86985	0.75456	0.0	0.0	0.0	0.0	0.0	0.0	0.0	0.0
Node 58		0.0	0.0	0.89225	0.0	0.67791	0.0	0.76435	1.5304200000000001	0.0	0.0	0.6196	1.7536900000000002	0.0	0.0	1.48848	0.64723	1.6490500000000001	0.0	0.0	0.0	0.0	0.0	0.0
Node 214		1.2335099999999999	0.94772	0.8605099999999999	0.0	0.65606	1.1889399999999999	0.9969399999999999	0.8216899999999999	0.62443	1.691	0.0	0.7605200000000001	0.0	0.0	0.75456	0.0	0.69872	1.14629	0.0	0.0	0.0	0.0	0.0
Node 431		0.5405	0.94772	0.8605099999999999	0.0	1.31854	0.0	2.68515	0.8216899999999999	0.7065100000000001	1.49811	2.20167	0.0	1.83377	0.0	0.0	0.62854	0.50058	0.9405600000000001	0.0	0.0	0.0	0.0	0.0
Node 90		0.0	0.0	0.0	0.99278	0.66248	0.0	0.9969399999999999	0.0	0.0	0.0	0.6196	0.7605200000000001	1.74607	0.9702000000000001	0.73392	0.0	0.0	0.6086	0.0	0.0	0.0	0.0	0.0
Node 115		1.0956000000000001	1.58086	0.0	0.7467900000000001	0.66248	0.0	2.73019	0.91039	0.0	1.49811	0.6196	0.7605200000000001	0.65625	0.86985	1.7157200000000001	0.0	0.9953399999999999	0.0	0.0	0.0	0.0	0.0	0.0
Node 367		0.5405	0.87538	0.0	0.0	1.3339699999999999	0.0	1.71625	0.0	0.62443	1.3487900000000002	0.6196	0.0	0.0	0.7654700000000001	0.75456	0.0	0.69872	0.66809	0.0	0.0	0.0	0.0	0.0
Node 179		0.0	0.0	0.84863	1.5234400000000001	0.0	0.7757499999999999	0.0	0.0	0.0	0.57091	0.6196	0.0	0.0	0.0	0.0	1.2282	0.0	0.53769	0.0	0.0	0.0	0.0	0.0
Node 208		1.2335099999999999	0.0	0.84776	0.0	0.0	0.0	0.0	0.7636999999999999	0.0	1.7050800000000002	1.50428	0.7605200000000001	0.95444	0.86985	0.0	1.37182	1.4959200000000001	0.53769	0.0	0.0	0.0	0.0	0.0
Node 341		0.9022199999999999	0.9823200000000001	1.7091399999999999	1.3743699999999999	0.0	1.2832400000000002	0.9969399999999999	0.0	0.0	0.57091	0.0	1.48817	0.0	1.5464200000000001	0.6262099999999999	0.64723	0.5581	0.0	0.0	0.0	0.0	0.0	0.0
Node 245		0.9022199999999999	0.87538	0.0	0.0	1.3339699999999999	0.0	0.71931	0.0	1.44706	0.0	2.1826499999999998	0.0	1.1670099999999999	0.7654700000000001	1.6139899999999998	0.0	1.55344	0.0	0.0	0.0	0.0	0.0	0.0
Node 178		0.0	0.8167000000000001	1.69639	0.8761	0.0	0.0	0.0	0.0	0.0	3.15812	0.0	0.0	0.0	0.0	0.94875	0.0	0.50058	0.67669	0.5955199999999999	0.0	0.0	0.0	0.0
Node 474		0.0	1.66999	0.0	0.64734	0.66248	0.70121	2.3969899999999997	0.0	0.7065100000000001	0.57091	1.74787	1.5418100000000001	0.8886	0.9702000000000001	0.73392	1.52631	0.50058	0.0	0.0	0.0	0.0	0.0	0.0
Node 339		0.0	0.8167000000000001	0.0	0.9695	0.0	0.0	0.71931	0.0	0.0	2.27599	0.0	1.52266	0.0	0.0	0.0	0.64723	0.0	0.66809	0.0	0.0	0.0	0.0	0.0
Node 137		0.0	0.8167000000000001	0.0	0.0	0.66248	0.0	0.76435	1.58539	0.62443	0.57091	0.86319	0.76214	1.39009	1.84005	3.07585	0.64723	1.4959200000000001	0.66809	0.52026	0.0	0.0	0.0	0.0
Node 247		0.69301	0.94772	0.0	0.7056899999999999	0.66248	1.55143	0.0	0.0	1.44706	0.0	1.57991	0.0	0.8886	1.84005	0.0	0.0	0.0	0.99405	0.0	0.0	0.0	0.0	0.0
Node 20		1.42844	0.8167000000000001	0.55987	0.0	1.31854	1.27538	1.68413	0.8216899999999999	1.3822400000000001	1.38509	0.0	1.57709	2.04634	0.0	0.0	0.62854	0.0	0.0	0.0	0.0	0.0	0.0	0.0
Node 172		0.69301	0.0	0.55987	1.70567	1.2583900000000001	0.70121	0.0	0.0	0.7963899999999999	0.77788	0.69739	0.72765	1.7341100000000003	2.68871	0.0	0.0	0.50058	0.0	0.0	0.0	0.0	0.0	0.0
Node 271		0.0	0.87538	0.84863	0.0	0.90133	1.27538	0.0	2.11987	0.0	1.3487900000000002	0.62207	0.7605200000000001	0.51076	0.87123	0.61202	0.0	0.95592	0.0	0.96075	0.0	0.0	0.0	0.0
Node 79		0.73543	0.0	0.0	0.0	1.43707	0.0	0.0	0.8216899999999999	1.8472	1.49811	0.0	0.7605200000000001	0.0	0.9702000000000001	0.75456	0.62854	0.0	2.21725	0.0	0.0	0.0	0.0	0.0
Node 230		0.0	0.9823200000000001	0.84863	0.0	0.65606	0.70121	0.0	0.85889	0.7065100000000001	0.0	0.86647	0.0	0.8793300000000001	0.0	1.29145	0.0	0.90246	1.14629	0.0	0.0	0.0	0.0	0.0
Node 351		2.7337	0.98641	0.0	0.0	0.0	0.0	0.0	0.0	0.64169	1.4578	0.0	0.0	0.0	0.67614	1.48848	0.0	0.0	1.39461	0.0	0.0	0.0	0.0	0.0
Node 209		0.0	0.0	0.0	0.99278	0.66248	0.85022	0.0	0.0	0.0	0.0	1.48526	0.7605200000000001	0.0	1.84005	1.24398	0.0	0.90246	0.0	0.0	0.0	0.0	0.0	0.0
Node 213		0.73543	0.8167000000000001	0.0	0.0	2.09057	1.55143	0.9689	3.11581	0.0	0.0	0.62207	0.52107	0.0	0.0	1.36013	0.5996600000000001	0.0	0.6086	0.0	0.0	0.0	0.0	0.0
Node 324		2.22884	0.7946099999999999	0.0	0.7467900000000001	1.3339699999999999	0.0	0.9689	1.69681	0.0	1.7050800000000002	0.69739	0.0	1.53558	1.70628	1.7157200000000001	1.37182	0.0	1.2766899999999999	0.0	0.0	0.0	0.0	0.0
Node 66		1.9836699999999998	0.0	0.0	0.99278	0.6689299999999999	0.0	0.0	2.35211	0.0	0.8141799999999999	0.88468	0.7605200000000001	0.65625	0.87123	0.0	0.0	1.4565	0.0	0.0	0.0	0.0	0.0	0.0
Node 251		1.9836699999999998	0.8167000000000001	0.84776	0.7467900000000001	0.66248	0.70121	0.0	0.0	0.62443	0.8962100000000001	0.69739	0.72765	0.8886	0.83643	1.7033099999999999	0.0	1.1993	2.20477	0.0	0.0	0.0	0.0	0.0
Node 295		0.0	2.74674	0.55987	0.99278	0.0	0.85022	1.96584	0.8216899999999999	0.0	0.0	1.48526	1.52266	0.8793300000000001	1.81886	1.48848	0.5996600000000001	0.64849	1.2766899999999999	0.0	0.0	0.0	0.0	0.0
Node 348		0.5405	0.9823200000000001	0.0	0.99278	0.65606	0.85022	0.0	0.68464	0.0	0.77788	0.0	1.65499	0.0	1.6018999999999999	1.48848	0.64723	0.0	0.53769	0.0	0.0	0.0	0.0	0.0
Node 313		0.5405	0.0	0.0	0.0	0.0	0.57417	0.0	0.7636999999999999	0.62443	0.57091	0.0	0.7605200000000001	1.53558	0.86985	0.6262099999999999	0.0	0.0	0.6086	0.0	0.0	0.0	0.0	0.0
Node 17		0.0	0.94772	0.56581	0.62758	0.7591600000000001	0.0	0.9969399999999999	0.8216899999999999	0.62443	1.7050800000000002	0.0	0.0	0.51076	0.58399	0.75456	0.5996600000000001	0.50058	0.0	0.0	0.0	0.0	0.0	0.0
Node 464		0.0	0.8167000000000001	1.69639	0.0	3.00733	1.2832400000000002	0.9648199999999999	0.0	0.7405499999999999	0.57091	0.0	0.7605200000000001	0.0	0.0	0.6262099999999999	0.0	1.4565	1.2766899999999999	0.0	0.0	0.0	0.0	0.0
Node 34		0.0	0.0	0.0	0.0	0.66248	1.9463500000000002	0.0	0.67153	0.0	0.8141799999999999	2.10486	0.0	1.6860300000000001	0.0	2.4702800000000003	0.64723	1.40304	0.0	0.0	0.0	0.0	0.0	0.0
Node 233		0.5551	1.69208	0.0	0.0	0.0	0.85022	1.68413	0.8216899999999999	0.0	1.6740899999999999	0.86319	0.7605200000000001	1.7553400000000001	1.84005	0.75456	0.8035000000000001	0.0	1.33512	0.0	0.0	0.0	0.0	0.0
Node 89		1.15239	0.8167000000000001	0.0	0.0	0.66248	0.7757499999999999	0.71931	0.0	0.7963899999999999	0.9272	0.0	0.9611400000000001	0.0	2.48398	2.9596999999999998	0.62854	0.9953399999999999	0.84992	2.07653	0.0	0.0	0.0	0.0
Node 430		0.7501599999999999	0.0	0.0	0.62758	0.0	0.85022	0.0	0.8216899999999999	0.7065100000000001	0.9272	0.0	2.67056	1.1670099999999999	0.9702000000000001	0.6262099999999999	1.4193900000000002	0.9953399999999999	0.0	0.0	0.0	0.0	0.0	0.0
Node 195		0.5551	0.0	0.0	0.0	0.0	1.55143	1.72917	2.23129	0.62443	0.77788	0.62207	0.0	0.8886	0.0	0.66524	2.20242	0.0	0.66809	0.0	0.0	0.0	0.0	0.0
Node 342		1.7886099999999998	0.94772	0.0	0.0	0.0	2.1256	0.0	0.0	0.7065100000000001	0.8141799999999999	2.70571	1.48979	0.65625	0.67614	0.8754299999999999	0.64723	0.0	0.0	0.0	0.0	0.0	0.0	0.0
Node 156		0.5551	0.0	0.76458	0.64734	0.7591600000000001	2.9013500000000003	1.35565	3.11581	0.0	1.82341	1.57991	1.51071	1.1670099999999999	0.0	0.73392	0.0	0.50058	0.9021899999999999	0.0	0.0	0.0	0.0	0.0
Node 22		0.0	0.8167000000000001	1.69639	0.0	1.60702	1.09853	1.73325	2.3103499999999997	0.7405499999999999	1.3487900000000002	0.95784	0.0	0.0	0.9702000000000001	1.6299899999999998	0.0	0.5581	0.0	0.0	0.0	0.0	0.0	0.0
Node 418		0.5405	0.7946099999999999	0.0	1.6228900000000002	1.4219199999999999	0.0	1.68821	0.8751200000000001	0.0	0.0	0.0	0.76214	2.47743	0.0	0.8754299999999999	1.12584	1.8583800000000001	0.66809	0.0	0.0	0.0	0.0	0.0
Node 454		0.5551	2.6564	0.0	0.0	1.43707	0.0	0.0	0.0	1.36498	1.49811	0.6196	0.9611400000000001	0.0	1.73187	0.0	1.24689	0.0	0.53769	0.52026	0.0	0.0	0.0	0.0
Node 23		1.27593	0.0	0.0	0.0	0.75299	0.0	0.9689	0.0	0.62443	0.0	0.86647	0.9611400000000001	0.65625	1.6018999999999999	0.0	2.8038600000000002	2.45184	1.47825	0.0	0.0	0.0	0.0	0.0
Node 141		0.0	2.76334	0.0	0.0	0.66248	0.70121	0.0	0.8216899999999999	1.44706	2.22561	1.82103	1.48817	0.0	0.86985	0.6262099999999999	0.0	0.50058	0.66809	0.0	0.0	0.0	0.0	0.0
Node 309		0.0	0.0	0.0	0.9695	2.33223	0.0	0.0	2.36834	0.0	0.77788	1.48526	0.76214	1.84304	0.87123	0.0	0.0	0.9953399999999999	0.0	0.0	0.0	0.0	0.0	0.0
Node 171		1.29053	0.0	0.89225	0.0	0.66248	0.0	0.9689	0.0	0.0	0.8141799999999999	1.2416699999999998	0.76214	0.0	0.0	0.94875	0.0	2.39838	1.2766899999999999	0.0	0.0	0.0	0.0	0.0
Node 381		1.0956000000000001	1.86179	0.68074	0.0	0.0	0.0	0.9969399999999999	0.0	0.0	0.0	0.6196	0.7605200000000001	1.1670099999999999	1.5464200000000001	0.75456	0.0	1.40304	1.60865	0.0	0.0	0.0	0.0	0.0
Node 359		1.96894	2.9164499999999998	1.2465499999999998	1.8688799999999999	0.0	1.55143	0.71931	0.8216899999999999	0.0	0.0	1.57991	0.0	1.1670099999999999	0.0	0.0	0.64723	1.40304	0.0	0.0	0.0	0.0	0.0	0.0
Node 299		1.0956000000000001	0.94772	0.84776	0.62758	0.67791	0.8849400000000001	0.95577	0.0	0.56002	0.57091	0.0	1.50732	0.85256	0.86202	0.94875	0.64723	0.0	0.0	0.0	0.0	0.0	0.0	0.0
Node 51		0.9022199999999999	0.8167000000000001	0.84863	0.0	1.2583900000000001	1.42439	0.9969399999999999	1.29888	0.62443	0.9272	0.0	0.0	2.36666	0.87123	0.73392	0.0	1.40304	0.0	0.0	0.0	0.0	0.0	0.0
Node 117		1.0956000000000001	0.0	0.84776	0.0	0.0	0.0	1.71625	0.0	0.7065100000000001	0.77788	1.48607	0.7605200000000001	0.51076	0.0	0.73392	1.8010700000000002	0.90246	0.67669	0.0	0.0	0.0	0.0	0.0
Node 438		1.9745	0.0	1.69639	0.0	0.0	0.50749	0.9689	0.67153	1.5029000000000001	0.0	1.58207	0.0	0.0	0.0	0.94875	0.0	1.9512600000000002	0.0	0.0	0.0	0.0	0.0	0.0
Node 31		1.27593	0.98641	0.89225	0.0	0.66248	0.0	0.9689	1.63882	0.0	0.0	0.6196	0.76214	1.4652	0.0	1.44195	0.0	0.0	0.0	0.0	0.0	0.0	0.0	0.0
Node 46		0.5551	1.8231000000000002	2.2622	0.99278	0.0	0.85022	0.0	1.69681	1.33094	0.87682	2.39739	0.0	0.65625	0.0	0.75456	1.37182	0.69872	0.0	0.0	0.0	0.0	0.0	0.0
Node 14		0.0	0.94772	0.0	0.99278	1.43707	0.0	0.0	1.68058	0.7065100000000001	0.0	0.88468	0.7605200000000001	0.51076	0.0	0.0	0.55418	0.0	0.72652	0.0	0.0	0.0	0.0	0.0
Node 124		1.0956000000000001	0.94772	0.0	0.7467900000000001	0.6689299999999999	0.0	1.96176	0.8216899999999999	0.0	0.0	0.86319	1.6480299999999999	0.8886	0.0	3.18431	0.62854	0.90246	0.67669	0.90773	0.0	0.0	0.0	0.0
Node 103		1.24811	1.8031100000000002	0.0	0.99278	0.0	1.27538	0.9648199999999999	0.7636999999999999	0.0	0.0	0.0	0.72765	0.0	1.54504	0.0	0.55418	1.9512600000000002	0.0	0.52026	0.0	0.0	0.0	0.0
Node 423		0.0	1.6113100000000002	0.0	0.91919	0.67791	0.7757499999999999	0.0	0.67153	0.0	0.87682	0.0	0.76214	0.0	1.4416099999999998	2.06816	1.5738800000000002	2.65986	0.66809	0.0	0.0	0.0	0.0	0.0
Node 100		1.96894	2.67849	0.84776	0.0	1.34039	0.85022	0.9969399999999999	0.0	0.56002	0.57091	0.0	0.0	2.05561	0.86985	0.75456	0.0	1.69406	0.6086	0.0	0.0	0.0	0.0	0.0
Node 253		0.69301	0.0	0.0	0.0	0.66248	0.0	0.9648199999999999	0.0	0.0	3.09017	0.62207	0.0	0.0	0.86985	0.6262099999999999	1.2282	0.0	0.66809	0.0	0.0	0.0	0.0	0.0
Node 391		1.3409	0.98641	0.0	1.3743699999999999	0.66248	0.0	1.73325	0.0	0.64169	1.3487900000000002	1.50428	0.72765	1.53558	2.3250699999999997	1.3807699999999998	0.0	0.9953399999999999	1.33512	0.0	0.0	0.0	0.0	0.0
Node 377		0.69301	0.0	0.55987	0.99278	0.90133	1.42439	0.0	1.58539	1.36498	0.0	2.10486	0.0	1.53558	0.9702000000000001	0.75456	0.64723	0.50058	0.9405600000000001	0.52026	0.0	0.0	0.0	0.0
Node 246		0.5551	0.0	0.0	0.0	0.0	0.0	0.76435	0.0	1.36498	0.9272	0.88468	0.76214	1.2850300000000001	0.0	0.0	0.7721600000000001	2.15522	1.14629	0.0	0.0	0.0	0.0	0.0
Node 483		0.5405	1.7810200000000003	1.7400100000000003	0.99278	1.4280899999999999	0.0	0.0	0.67153	0.7963899999999999	0.8962100000000001	1.48526	0.7605200000000001	0.51076	0.0	0.0	0.0	0.0	2.51241	0.0	0.0	0.0	0.0	0.0
Node 165		1.27593	2.9164499999999998	0.55987	1.3743699999999999	1.34039	1.27538	0.0	0.0	0.62443	0.8962100000000001	0.86319	1.72328	0.0	0.83643	0.0	0.64723	0.95592	0.0	0.52026	0.0	0.0	0.0	0.0
Node 232		0.5405	1.69208	0.0	0.0	0.0	1.09853	1.68413	0.7636999999999999	0.62443	2.27599	0.0	0.0	0.0	0.7654700000000001	0.73392	1.5738800000000002	1.40304	0.67669	0.0	0.0	0.0	0.0	0.0
Node 281		0.5405	1.8031100000000002	0.55987	0.99278	2.09057	0.85022	0.71931	0.0	0.7963899999999999	0.77788	0.0	0.72765	0.0	1.84005	0.6262099999999999	0.64723	0.0	2.12442	0.0	0.0	0.0	0.0	0.0
Node 126		0.9022199999999999	2.6564	0.0	0.0	0.65606	0.0	0.0	2.11987	0.0	0.0	0.88468	2.2503100000000003	1.1670099999999999	0.87123	0.0	0.9269400000000001	1.1993	0.0	0.0	0.0	0.0	0.0	0.0
Node 346		1.24811	0.94772	0.0	0.9695	0.67791	0.0	0.0	0.91039	0.7963899999999999	0.0	0.86319	0.0	0.65625	0.86985	0.0	0.62854	0.0	0.66809	0.0	0.0	0.0	0.0	0.0
Node 219		0.5551	0.9823200000000001	0.0	0.9028700000000001	0.0	0.85022	0.0	0.0	0.0	1.3487900000000002	0.86319	1.48979	1.5229899999999998	0.7719	0.94875	0.64723	0.0	0.67669	0.0	0.0	0.0	0.0	0.0
Node 125		0.0	0.0	1.4580600000000001	0.0	2.19006	2.1256	0.0	0.0	0.7065100000000001	0.9272	0.62207	0.0	0.0	0.0	0.75456	0.64723	0.50058	0.0	0.0	0.0	0.0	0.0	0.0
Node 275		2.02573	0.0	0.89225	0.0	0.99614	1.55143	2.73019	0.0	0.7405499999999999	1.61443	2.4431000000000003	0.77967	1.54485	0.0	0.75456	1.24689	0.50058	0.0	0.0	0.0	0.0	0.0	0.0
Node 132		0.5551	0.8167000000000001	0.0	0.99278	0.66248	0.8849400000000001	0.9689	0.7636999999999999	1.48397	0.57091	0.69739	0.77967	2.43066	3.10061	0.75456	0.0	0.50058	0.67669	0.0	0.0	0.0	0.0	0.0
Node 243		0.0	0.9823200000000001	0.0	0.0	0.67791	0.85022	1.76129	0.8751200000000001	0.0	1.7050800000000002	0.0	1.68879	1.53558	0.87123	1.7342199999999999	1.2282	0.95592	1.20578	0.0	0.0	0.0	0.0	0.0
Node 386		1.96894	0.9823200000000001	0.0	0.0	0.0	0.0	0.0	1.6225900000000002	0.7065100000000001	0.57091	0.0	0.0	0.51076	0.0	1.57496	0.0	0.79412	0.0	0.96075	0.0	0.0	0.0	0.0
Node 421		0.5551	0.94772	0.0	0.0	0.0	0.0	0.0	0.0	0.62443	1.38509	0.69739	2.40017	0.65625	1.70628	0.0	1.20141	0.90246	0.0	0.0	0.0	0.0	0.0	0.0
Node 345		0.0	0.9823200000000001	1.69639	0.99278	0.0	0.85022	0.0	0.0	0.0	0.0	2.20167	0.7605200000000001	0.0	1.84005	0.0	0.64723	0.0	0.0	0.0	0.0	0.0	0.0	0.0
Node 145		0.9022199999999999	1.7644199999999999	0.55987	1.73957	0.0	1.55143	0.76435	1.5304200000000001	0.7065100000000001	1.38509	0.0	0.0	0.65625	0.0	0.0	0.0	0.0	0.67669	0.0	0.0	0.0	0.0	0.0
Node 154		1.2335099999999999	2.39756	0.0	0.0	0.0	0.0	1.68821	0.67153	0.0	0.57091	0.0	0.7605200000000001	0.0	0.86985	1.6139899999999998	0.64723	0.50058	0.0	0.0	0.0	0.0	0.0	0.0
Node 225		0.0	0.94772	0.0	0.99278	0.0	0.0	0.9689	0.7636999999999999	0.56002	1.46712	0.0	0.0	2.05561	0.0	0.0	0.0	0.0	0.0	0.0	0.0	0.0	0.0	0.0
Node 476		0.69301	1.7644199999999999	1.69639	0.0	0.0	0.0	0.9648199999999999	1.73401	0.62443	0.0	0.88468	0.0	0.51076	1.4416099999999998	0.0	0.5996600000000001	0.0	0.0	0.0	0.0	0.0	0.0	0.0
Node 462		3.14669	0.0	0.84863	0.9695	0.67791	0.70121	0.0	1.29888	0.0	1.3487900000000002	0.6196	0.0	1.39009	0.83643	0.0	0.0	0.0	0.6086	0.0	0.0	0.0	0.0	0.0
Node 326		0.5405	1.93004	0.0	0.0	0.0	0.0	1.96176	2.36834	0.7405499999999999	0.0	0.0	0.76214	2.4241800000000002	0.0	0.0	0.7721600000000001	2.3589599999999997	1.5491599999999999	0.0	0.0	0.0	0.0	0.0
Node 205		1.2335099999999999	0.0	0.55987	0.0	1.42164	0.57417	0.9969399999999999	1.69681	0.62443	0.87682	2.32216	0.0	1.4652	0.86985	1.57496	1.4193900000000002	0.50058	1.39461	0.0	0.0	0.0	0.0	0.0
Node 128		1.96894	1.74233	0.0	0.0	0.0	0.8849400000000001	0.71931	0.8751200000000001	0.0	0.9272	0.0	0.0	2.04634	0.87123	0.6262099999999999	0.0	2.12095	1.2766899999999999	0.0	0.0	0.0	0.0	0.0
Node 221		0.0	0.0	0.0	0.99278	0.67791	0.0	0.0	0.0	0.62443	0.8962100000000001	0.0	0.7605200000000001	0.0	0.83643	1.57496	0.0	1.86238	0.0	0.0	0.0	0.0	0.0	0.0
Node 420		2.7337	0.87538	2.58864	0.64734	1.56381	0.52436	0.0	2.25692	0.0	4.24241	0.0	0.72765	0.85256	2.13918	1.60935	0.5996600000000001	0.0	0.0	0.0	0.0	0.0	0.0	0.0
Node 300		1.7886099999999998	1.7644199999999999	0.0	0.99278	1.31854	1.55143	0.9648199999999999	2.11987	0.0	1.7327599999999999	0.0	1.6205	0.65625	0.0	0.73392	1.4193900000000002	0.9953399999999999	0.0	0.52026	0.0	0.0	0.0	0.0
Node 174		2.13868	0.87538	0.0	0.0	0.0	0.0	0.71931	0.8216899999999999	0.62443	0.0	0.95784	2.4838	0.0	0.87123	0.0	0.0	0.90246	0.0	1.48101	0.0	0.0	0.0	0.0
Node 450		2.22884	2.59363	0.84776	0.99278	1.3339699999999999	0.70121	0.0	0.0	0.0	1.49811	1.48279	0.72765	1.39009	0.9702000000000001	1.6299899999999998	0.64723	0.0	0.6086	0.0	0.0	0.0	0.0	0.0
Node 47		0.69301	0.87538	0.9776999999999999	0.7467900000000001	1.55739	1.42439	1.9337199999999999	0.63634	0.64169	0.0	0.6196	1.48817	0.51076	0.86985	0.0	0.64723	0.50058	0.6086	0.52026	0.0	0.0	0.0	0.0
Node 455		1.96894	0.0	0.0	0.0	0.0	0.0	0.9648199999999999	1.6225900000000002	0.0	1.84479	1.50428	0.76214	0.0	0.9702000000000001	0.0	3.15895	1.05868	0.9893900000000001	0.0	0.0	0.0	0.0	0.0
Node 102		0.0	0.9823200000000001	0.0	2.2677	1.5792400000000002	0.7757499999999999	0.0	0.7636999999999999	0.62443	0.81013	2.3492599999999997	0.72765	1.6860300000000001	0.0	0.0	0.0	0.0	0.0	0.0	0.0	0.0	0.0	0.0
Node 140		0.73543	0.87538	0.8605099999999999	0.0	0.0	0.0	0.0	1.58539	0.0	1.7050800000000002	0.6196	0.0	0.0	0.7654700000000001	0.0	0.0	0.50058	0.0	0.0	0.0	0.0	0.0	0.0
Node 354		0.69301	0.9823200000000001	0.0	0.0	1.6740499999999998	0.0	0.9689	0.0	0.0	0.0	1.50428	0.0	1.7318900000000002	0.83643	0.0	0.7721600000000001	0.0	1.5653899999999998	0.52026	0.0	0.0	0.0	0.0
Node 211		0.5551	0.94772	0.55987	0.99278	0.0	1.27538	0.0	0.0	0.0	0.0	0.0	0.99317	0.65625	2.31146	0.94875	0.55418	0.0	0.0	0.0	0.0	0.0	0.0	0.0
Node 356		0.69301	0.0	1.75276	0.62758	0.7591600000000001	0.0	0.0	0.0	0.7963899999999999	1.3487900000000002	0.0	0.0	1.45368	2.31146	0.73392	0.64723	0.9953399999999999	0.72652	0.52026	0.0	0.0	0.0	0.0
Node 273		0.5405	0.9823200000000001	0.0	0.7467900000000001	1.34039	0.57417	1.96176	0.0	0.7065100000000001	0.87682	2.39739	0.9611400000000001	0.8886	0.8486600000000001	0.0	0.64723	0.0	0.67669	0.0	0.0	0.0	0.0	0.0
Node 29		1.24811	0.0	0.0	0.99278	0.0	0.0	2.71706	1.69681	0.7963899999999999	0.0	2.20167	0.0	0.65625	0.86985	0.94875	1.12584	0.9953399999999999	1.3447799999999999	0.52026	0.0	0.0	0.0	0.0
Node 358		0.5551	0.0	0.0	0.62758	0.66248	3.4088399999999996	0.0	0.6485099999999999	0.0	1.7050800000000002	0.0	2.58164	1.55133	0.0	0.0	1.6037599999999999	0.9953399999999999	0.0	0.52026	0.0	0.0	0.0	0.0
Node 83		0.0	1.77266	0.0	0.0	0.66248	0.0	0.0	0.8216899999999999	0.62443	0.77788	0.0	0.0	0.65625	0.7654700000000001	0.0	0.0	0.0	0.0	0.0	0.0	0.0	0.0	0.0
Node 226		0.5405	1.93004	0.8605099999999999	0.0	0.66248	0.70121	0.0	0.8216899999999999	0.7405499999999999	1.7050800000000002	0.0	2.43707	2.1214500000000003	0.9702000000000001	0.6262099999999999	0.9269400000000001	0.0	0.0	0.5955199999999999	0.0	0.0	0.0	0.0
Node 264		0.9022199999999999	0.0	0.84863	1.73957	0.66248	0.8849400000000001	0.0	0.7636999999999999	0.7405499999999999	0.0	0.0	1.48817	2.05561	0.0	0.0	0.0	1.9512600000000002	0.0	0.0	0.0	0.0	0.0	0.0
Node 335		0.73543	0.94772	1.4085	0.9028700000000001	1.99645	0.85022	0.71931	0.7636999999999999	0.7405499999999999	0.0	0.62207	0.0	1.4652	0.58399	0.73392	0.0	0.0	0.95679	0.0	0.0	0.0	0.0	0.0
Node 160		0.5405	0.98641	0.0	1.73957	0.65606	2.1256	1.71625	1.43523	0.0	1.46712	0.0	1.48979	0.8793300000000001	0.86985	0.0	0.0	0.9953399999999999	0.0	0.0	0.0	0.0	0.0	0.0
Node 256		0.5551	0.0	0.0	0.0	0.0	1.89801	0.0	0.7636999999999999	0.64169	0.57091	0.0	0.0	0.8886	1.7185099999999998	0.0	0.0	0.50058	0.66809	0.0	0.0	0.0	0.0	0.0
Node 433		1.29053	2.34024	0.0	0.99278	0.66248	0.70121	0.0	0.0	0.0	0.8962100000000001	0.86319	1.48844	0.65625	0.8486600000000001	2.2401999999999997	0.0	0.50058	0.0	0.0	0.0	0.0	0.0	0.0
Node 15		0.69301	1.8577	0.8605099999999999	2.22046	0.66248	0.0	1.68413	0.8216899999999999	0.0	0.77788	0.0	0.7605200000000001	1.61069	0.9702000000000001	0.73392	0.8035000000000001	0.50058	1.20578	0.0	0.0	0.0	0.0	0.0
Node 38		1.5981800000000002	0.94772	0.0	0.0	0.66248	0.0	1.71625	0.68464	0.0	1.37577	0.0	0.0	0.0	0.9702000000000001	0.68739	0.7721600000000001	0.50058	1.60865	0.0	0.0	0.0	0.0	0.0
Node 497		1.48559	1.7644199999999999	0.84863	0.0	1.34039	0.70121	0.9648199999999999	2.49057	1.54549	2.16297	0.0	0.76214	0.65625	0.0	1.3931799999999999	0.64723	0.0	0.66809	0.0	0.0	0.0	0.0	0.0
Node 123		3.40294	0.0	0.0	1.04743	0.66248	0.85022	0.9689	0.68464	0.0	0.81013	0.0	0.0	0.0	0.87123	0.94875	0.0	0.0	1.47825	0.0	0.0	0.0	0.0	0.0
Node 129		0.5405	0.94772	0.68074	0.0	1.42164	0.0	0.0	1.69681	0.7405499999999999	0.77788	1.48279	0.0	1.53558	0.0	0.94875	0.62854	0.0	0.0	0.0	0.0	0.0	0.0	0.0
Node 365		0.0	0.0	0.0	0.62758	0.0	0.0	0.0	0.7636999999999999	0.0	1.46712	0.6196	0.7605200000000001	1.83377	0.87123	0.0	1.2282	0.0	0.0	0.0	0.0	0.0	0.0	0.0
Node 337		0.5405	0.94772	0.0	0.0	0.0	1.55143	0.71931	1.78551	0.62443	1.7050800000000002	0.88468	0.0	1.53558	0.0	0.8754299999999999	0.0	0.95592	0.9405600000000001	0.0	0.0	0.0	0.0	0.0
Node 405		0.0	1.7644199999999999	0.89225	0.99278	0.7591600000000001	0.85022	0.0	0.0	0.0	0.77788	1.50428	0.77967	0.95444	0.86985	0.0	0.9266500000000001	1.46056	2.7549400000000004	0.0	0.0	0.0	0.0	0.0
Node 155		1.8308000000000002	0.0	0.55987	0.99278	0.66248	0.85022	0.0	0.0	0.0	0.0	0.95784	0.0	0.8667400000000001	0.86985	1.57496	2.3276399999999997	0.9953399999999999	0.0	0.0	0.0	0.0	0.0	0.0
Node 228		0.8004000000000001	1.93004	0.84863	0.0	0.66248	0.0	0.71931	0.0	1.36498	0.0	0.95784	0.0	0.0	0.0	0.0	0.0	0.0	0.0	0.0	0.0	0.0	0.0	0.0
Node 207		0.5405	0.9823200000000001	0.0	3.35641	0.65606	0.70121	0.0	0.8216899999999999	0.0	0.9272	0.88468	0.7605200000000001	0.51076	0.86985	1.44195	0.64723	0.0	1.49448	0.0	0.0	0.0	0.0	0.0
Node 447		1.0956000000000001	0.98641	0.84863	0.99278	0.67791	1.42439	1.71625	0.0	0.0	0.8962100000000001	0.7545	0.7605200000000001	0.0	0.0	0.0	0.64723	0.9953399999999999	0.6086	0.0	0.0	0.0	0.0	0.0
Node 250		0.69301	0.94772	0.0	0.0	0.0	0.0	1.3830500000000001	0.0	0.0	1.7050800000000002	0.0	0.77967	1.42621	0.86985	0.6262099999999999	0.64723	0.64849	2.2334799999999997	0.0	0.0	0.0	0.0	0.0
Node 235		1.2335099999999999	0.9823200000000001	2.2681400000000003	0.0	0.67791	2.1256	0.9689	0.8751200000000001	0.0	0.0	0.86319	0.77967	0.79743	1.70628	0.6262099999999999	0.64723	0.79412	0.67669	0.0	0.0	0.0	0.0	0.0
Node 67		0.0	0.0	0.84863	0.62758	0.65606	1.27538	0.96401	0.68464	0.0	0.0	0.0	0.77967	0.65625	0.0	0.0	1.12584	0.0	0.6086	0.96075	0.0	0.0	0.0	0.0
Node 471		1.24811	2.75083	1.4580600000000001	1.73957	2.0777	0.57417	0.0	0.7636999999999999	0.0	0.0	0.0	0.76214	0.65625	0.87123	2.4702800000000003	0.64723	0.0	0.66809	0.0	0.0	0.0	0.0	0.0
Node 407		0.5405	0.94772	0.55987	0.5147900000000001	1.31854	0.70121	0.9969399999999999	0.0	0.0	0.0	2.4841599999999997	0.0	0.8793300000000001	0.0	1.3807699999999998	0.0	0.0	0.0	0.0	0.0	0.0	0.0	0.0
Node 44		1.2335099999999999	0.8167000000000001	0.56581	0.0	1.3339699999999999	2.70763	0.9648199999999999	1.50633	1.3481999999999998	0.0	0.6196	0.0	2.04634	0.67614	0.0	0.7721600000000001	0.90246	0.67669	0.0	0.0	0.0	0.0	0.0
Node 163		1.0956000000000001	0.0	0.84776	1.5234400000000001	1.31854	0.70121	0.71931	0.7636999999999999	0.7065100000000001	0.0	0.0	0.89285	0.95444	0.0	0.0	0.0	0.0	1.60865	0.5955199999999999	0.0	0.0	0.0	0.0
Node 175		0.0	0.0	0.0	0.99278	0.0	0.0	0.9689	0.8751200000000001	0.0	1.6740899999999999	0.0	0.0	1.39009	1.80663	0.0	0.0	0.95592	0.0	0.0	0.0	0.0	0.0	0.0
Node 422		1.2335099999999999	0.9823200000000001	0.0	0.99278	0.99614	0.0	0.0	0.0	0.0	0.77788	0.0	0.0	0.0	1.74108	1.6299899999999998	1.2282	0.0	0.6086	0.0	0.0	0.0	0.0	0.0
Node 61		1.62408	0.0	1.7091399999999999	1.73957	0.6689299999999999	0.0	0.9689	0.0	0.0	0.9272	0.0	0.7605200000000001	1.7318900000000002	1.5464200000000001	0.6262099999999999	0.0	1.40304	0.6086	0.0	0.0	0.0	0.0	0.0
Node 4		0.8004000000000001	1.69208	0.0	0.99278	0.6689299999999999	0.0	0.71931	1.58539	0.0	0.8962100000000001	1.7705700000000002	1.48817	0.0	0.0	0.0	0.0	1.4959200000000001	2.14634	0.0	0.0	0.0	0.0	0.0
Node 241		0.69301	3.5196400000000003	0.84776	1.6203599999999998	0.66248	0.70121	0.0	0.0	0.56002	0.77788	0.0	0.0	0.8667400000000001	2.68871	0.6262099999999999	0.0	0.50058	0.6086	0.0	0.0	0.0	0.0	0.0
Node 333		0.69301	0.94772	0.84776	0.0	0.6689299999999999	0.52436	0.0	0.0	0.8690399999999999	0.9272	0.0	0.76214	0.0	1.84005	0.73392	0.62854	0.0	0.0	0.0	0.0	0.0	0.0	0.0
Node 270		1.96894	0.94772	0.0	1.36221	0.67791	2.08757	0.9648199999999999	0.7636999999999999	0.0	0.9272	0.86319	0.98916	0.51076	0.0	0.94875	1.6037599999999999	0.0	0.0	0.0	0.0	0.0	0.0	0.0
Node 415		0.5405	0.0	1.4085	0.64734	0.7591600000000001	0.7757499999999999	1.68413	0.0	0.7065100000000001	0.0	0.0	0.0	3.17461	0.86985	0.0	1.32634	0.50058	2.73239	0.0	0.0	0.0	0.0	0.0
Node 6		1.7026199999999998	0.8167000000000001	0.0	1.73957	0.67791	1.08166	0.0	0.8216899999999999	0.0	1.49811	0.88468	0.7605200000000001	0.0	0.0	0.75456	0.0	0.0	1.28529	1.42799	0.0	0.0	0.0	0.0
Node 284		0.9022199999999999	1.7644199999999999	0.0	1.3743699999999999	2.3294200000000003	0.85022	1.68821	0.0	0.0	1.38509	0.6196	0.0	2.04634	1.45522	0.0	0.0	0.0	0.6086	0.0	0.0	0.0	0.0	0.0
Node 461		0.0	1.7644199999999999	0.84776	0.7467900000000001	0.0	0.85022	0.71931	1.58539	0.0	0.0	0.6196	0.0	0.65625	0.86985	0.9796600000000001	0.0	2.33803	1.5491599999999999	0.0	0.0	0.0	0.0	0.0
Node 257		0.0	1.6113100000000002	0.0	1.6228900000000002	0.0	0.70121	0.0	0.8216899999999999	0.7405499999999999	0.0	0.0	0.0	1.56392	0.0	1.7157200000000001	0.62854	0.0	0.6086	0.0	0.0	0.0	0.0	0.0
Node 87		0.8004000000000001	2.74674	0.0	0.0	2.09955	1.3745800000000001	0.71931	0.67153	2.1273299999999997	1.7050800000000002	1.50428	0.72765	0.0	0.0	1.48848	0.0	0.0	0.95679	0.0	0.0	0.0	0.0	0.0
Node 468		1.45732	0.98641	0.0	0.62758	0.67791	1.9487500000000002	1.96584	1.35687	0.0	0.0	0.7545	0.0	1.4652	0.83643	0.0	1.2282	1.69406	0.66809	0.0	0.0	0.0	0.0	0.0
Node 92		0.0	0.7946099999999999	0.0	0.0	0.66248	0.0	1.68413	0.9086500000000001	0.0	0.0	0.86319	0.0	0.0	0.67519	0.0	1.6037599999999999	0.64849	0.0	0.0	0.0	0.0	0.0	0.0
Node 32		0.5551	0.94772	0.84863	0.0	0.66248	0.85022	0.9969399999999999	0.68464	0.64169	1.3487900000000002	0.6196	0.7605200000000001	0.0	0.0	0.68739	0.62854	0.0	2.4722999999999997	0.0	0.0	0.0	0.0	0.0
Node 306		1.2335099999999999	0.94772	1.70827	0.0	0.66248	0.0	0.9689	0.9086500000000001	1.53694	0.0	0.6196	0.0	1.36332	0.9702000000000001	0.75456	0.0	0.0	0.0	0.0	0.0	0.0	0.0	0.0
Node 363		1.24811	0.94772	0.0	0.8761	1.28024	0.50749	0.0	2.44428	0.7963899999999999	0.77788	0.0	1.48817	0.65625	0.0	1.57496	1.62689	1.4959200000000001	0.0	0.0	0.0	0.0	0.0	0.0
Node 217		1.96894	0.0	0.89225	0.0	0.66248	0.85022	0.9648199999999999	0.0	0.0	0.0	0.86319	0.0	3.0007800000000002	0.0	2.3685500000000004	0.0	0.0	0.66809	0.0	0.0	0.0	0.0	0.0
Node 3		0.5405	0.9823200000000001	0.0	1.73957	0.0	2.1256	1.72012	0.0	0.0	0.57091	1.50428	0.72765	0.0	0.0	0.0	1.53077	0.0	0.55903	0.0	0.0	0.0	0.0	0.0
Node 193		0.0	0.87538	0.89225	1.6228900000000002	0.7591600000000001	0.85022	0.0	0.8216899999999999	0.0	0.77788	0.0	0.0	0.95444	0.58399	0.6262099999999999	0.64723	0.0	0.0	0.0	0.0	0.0	0.0	0.0
Node 9		0.73543	0.7946099999999999	0.76458	2.36715	0.0	0.70121	0.0	0.8216899999999999	0.0	0.0	0.88468	2.4838	0.65625	0.83643	0.75456	0.0	0.9953399999999999	0.9893900000000001	0.0	0.0	0.0	0.0	0.0
Node 293		0.5405	0.87538	0.0	0.0	0.0	0.0	0.9689	1.5304200000000001	0.0	0.9272	0.86319	0.7605200000000001	0.8886	0.0	0.0	0.7721600000000001	0.5581	0.0	0.0	0.0	0.0	0.0	0.0
Node 329		1.2906600000000001	0.9823200000000001	0.0	0.0	1.31854	0.0	0.0	0.0	0.62443	1.38509	0.95784	0.0	0.65625	1.7185099999999998	0.73392	0.7721600000000001	1.4959200000000001	0.0	0.0	0.0	0.0	0.0	0.0
Node 357		1.27593	1.7644199999999999	0.0	0.0	0.0	0.0	0.76435	1.49322	1.5029000000000001	0.57091	0.86319	0.98916	0.0	0.86985	1.57496	0.0	1.46056	0.67669	0.0	0.0	0.0	0.0	0.0
Node 10		0.69301	0.0	0.0	0.64734	0.65606	0.70121	0.0	0.7636999999999999	0.0	0.77788	0.0	0.0	0.65625	0.0	0.0	0.64723	0.9953399999999999	0.0	0.0	0.0	0.0	0.0	0.0
Node 104		0.69301	1.69208	1.42632	0.99278	0.66248	1.27538	0.0	0.0	0.64169	1.3487900000000002	2.44063	0.7605200000000001	3.80168	1.86482	0.0	0.64723	1.4959200000000001	2.12442	0.0	0.0	0.0	0.0	0.0
Node 152		1.24811	0.94772	0.0	0.7056899999999999	0.0	0.0	0.0	0.67153	0.7065100000000001	1.46712	1.48607	0.72765	1.54485	0.0	0.0	0.55418	0.50058	0.9405600000000001	0.0	0.0	0.0	0.0	0.0
Node 183		0.5551	0.98641	0.84776	0.64734	1.44519	1.27538	0.71931	0.67153	0.62443	0.0	0.86319	0.0	0.8886	0.87123	0.0	0.0	0.50058	1.2766899999999999	0.0	0.0	0.0	0.0	0.0
Node 120		1.42844	1.6113100000000002	0.84863	1.7162899999999999	0.6689299999999999	1.7351599999999998	0.9648199999999999	1.29888	0.7405499999999999	1.3487900000000002	0.6196	0.0	1.74607	0.0	0.94875	0.7721600000000001	1.86238	1.51801	0.0	0.0	0.0	0.0	0.0
Node 8		0.0	0.8167000000000001	0.96711	0.99278	0.65606	0.0	1.95271	1.88952	0.7405499999999999	1.7050800000000002	0.0	0.0	3.1564099999999997	2.68871	0.0	0.55418	0.5581	1.5491599999999999	0.0	0.0	0.0	0.0	0.0
Node 71		0.0	0.87538	0.0	1.3743699999999999	0.0	1.09853	0.95577	0.0	0.62443	0.57091	0.0	1.68879	0.0	0.86202	0.61202	1.27577	0.50058	0.6086	0.0	0.0	0.0	0.0	0.0
Node 101		0.0	0.98641	1.69639	1.6168399999999998	0.0	0.0	0.0	0.8216899999999999	0.62443	0.57091	1.48279	0.7605200000000001	0.0	1.54737	0.0	0.0	0.95592	0.0	0.0	0.0	0.0	0.0	0.0
Node 481		0.0	0.7946099999999999	0.55987	0.8761	0.0	0.0	0.0	0.8216899999999999	0.62443	0.0	2.44526	0.0	0.51076	0.0	0.0	0.62854	0.0	0.0	0.0	0.0	0.0	0.0	0.0
Node 387		0.95086	2.55903	1.69639	0.0	0.66248	1.34992	0.9648199999999999	0.0	0.74342	0.9272	0.62207	1.70942	0.95444	1.80663	0.75456	0.0	1.4565	0.55903	0.0	0.0	0.0	0.0	0.0
Node 312		0.73543	0.0	0.0	0.0	0.66248	1.27538	0.9689	0.63634	0.7963899999999999	0.9272	0.0	0.0	0.65625	0.0	0.73392	0.5996600000000001	1.05868	0.84992	1.48101	0.0	0.0	0.0	0.0
Node 72		0.0	1.77693	1.69639	0.0	0.66248	1.7997400000000001	0.0	1.73401	0.0	0.9272	1.48526	1.52266	0.8793300000000001	0.0	0.75456	0.0	0.9953399999999999	0.67669	0.0	0.0	0.0	0.0	0.0
Node 470		0.0	0.9823200000000001	1.70827	1.22048	0.7591600000000001	0.0	0.9969399999999999	0.0	0.7405499999999999	1.7133700000000003	0.0	0.0	0.51076	0.87123	0.94875	1.24689	0.0	0.66809	0.0	0.0	0.0	0.0	0.0
Node 323		1.2335099999999999	2.34024	1.4085	0.99278	0.67791	0.70121	0.0	0.7636999999999999	0.0	0.57091	0.0	0.77967	0.0	0.0	0.6262099999999999	0.0	0.95592	0.66809	0.0	0.0	0.0	0.0	0.0
Node 456		0.73543	1.69208	1.69639	0.62758	0.0	0.0	0.9969399999999999	0.8751200000000001	0.0	0.77788	0.0	0.72765	1.82118	1.5464200000000001	0.75456	0.5996600000000001	0.0	0.0	0.0	0.0	0.0	0.0	0.0
Node 325		0.0	0.0	0.0	0.0	0.66248	0.50749	1.71625	0.0	0.62443	1.7050800000000002	0.6196	0.76214	0.79743	1.70628	0.0	0.0	0.5581	0.0	0.0	0.0	0.0	0.0	0.0
Node 480		0.0	0.7946099999999999	0.84776	1.3743699999999999	0.65606	0.7757499999999999	1.71625	0.68464	0.62443	0.0	0.88468	1.65499	1.6860300000000001	0.0	0.0	0.7721600000000001	0.0	1.2766899999999999	0.0	0.0	0.0	0.0	0.0
Node 25		0.69301	0.87538	0.0	0.7467900000000001	1.33141	0.85022	0.71931	0.0	0.7065100000000001	0.0	0.86319	0.89285	0.0	1.70628	0.94875	0.5996600000000001	0.50058	0.0	0.0	0.0	0.0	0.0	0.0
Node 99		1.0956000000000001	1.77693	0.0	0.0	2.106	0.0	0.9648199999999999	0.0	0.62443	0.0	0.0	0.0	1.84304	0.7654700000000001	0.75456	1.24689	1.9512600000000002	1.14629	0.5955199999999999	0.0	0.0	0.0	0.0
Node 215		2.22884	0.9823200000000001	2.58864	0.0	0.65606	2.1256	0.9969399999999999	0.0	0.7065100000000001	1.7050800000000002	0.62207	0.77967	1.82118	0.0	1.3807699999999998	0.0	0.0	0.6086	0.0	0.0	0.0	0.0	0.0
Node 106		0.0	0.0	0.0	0.99278	0.66248	0.0	0.0	0.0	0.7963899999999999	0.0	0.6196	2.2503100000000003	0.8886	0.0	0.0	0.9266500000000001	0.0	0.67669	0.0	0.0	0.0	0.0	0.0
Node 349		0.0	1.8231000000000002	0.0	0.0	0.67791	1.3745800000000001	0.71931	0.0	0.62443	1.7050800000000002	0.95784	1.48979	3.32929	0.0	1.6299899999999998	0.5996600000000001	1.69406	0.0	0.0	0.0	0.0	0.0	0.0
Node 282		0.0	1.93004	0.84863	0.0	0.67791	0.0	2.67202	0.8751200000000001	1.42082	0.0	0.95784	0.76214	0.0	0.86985	0.0	0.0	0.90246	1.47825	0.0	0.0	0.0	0.0	0.0
Node 75		1.8308000000000002	0.0	2.58864	0.0	0.67791	0.0	1.73325	0.7636999999999999	0.0	0.9272	0.86319	0.7605200000000001	1.1670099999999999	0.87123	0.6262099999999999	0.62854	0.0	0.0	0.0	0.0	0.0	0.0	0.0
Node 344		0.73543	0.9823200000000001	0.0	0.7467900000000001	0.65606	1.55143	0.0	0.0	0.0	0.0	0.6196	1.6533699999999998	0.51076	0.0	0.0	0.5996600000000001	0.69872	1.20578	0.0	0.0	0.0	0.0	0.0
Node 276		1.0956000000000001	2.76334	0.55987	0.62758	0.0	2.1256	1.73325	1.49322	0.7065100000000001	0.0	0.0	0.0	0.0	0.9702000000000001	0.68739	0.9266500000000001	0.0	0.6086	1.48101	0.0	0.0	0.0	0.0
Node 168		0.69301	0.8167000000000001	1.5329199999999998	0.0	0.66248	0.52436	1.9337199999999999	0.0	0.7405499999999999	0.0	0.86319	0.0	0.0	1.84005	0.0	0.0	0.50058	0.53769	0.5955199999999999	0.0	0.0	0.0	0.0
Node 305		0.0	0.9823200000000001	0.0	0.0	0.0	1.9463500000000002	0.0	0.0	0.7963899999999999	0.9272	0.0	0.0	1.61069	0.0	1.48848	1.4007	0.0	0.0	0.0	0.0	0.0	0.0	0.0
Node 37		1.0956000000000001	0.94772	0.84863	0.0	0.90133	0.85022	0.9969399999999999	0.68464	0.62443	0.8962100000000001	0.0	0.7605200000000001	0.0	0.0	0.0	0.0	1.40304	0.0	0.0	0.0	0.0	0.0	0.0
Node 118		1.15239	0.7946099999999999	0.8605099999999999	2.38367	0.0	0.8849400000000001	1.91843	1.68058	0.62443	0.0	0.6196	0.7605200000000001	0.0	2.58433	0.0	0.0	0.9953399999999999	1.28529	0.0	0.0	0.0	0.0	0.0
Node 231		0.5405	0.94772	0.0	0.7467900000000001	0.0	0.0	0.0	0.0	0.0	0.57091	0.6196	1.65499	0.0	0.0	2.9596999999999998	0.5996600000000001	0.0	0.0	0.0	0.0	0.0	0.0	0.0
Node 35		0.5551	0.7946099999999999	0.0	0.7467900000000001	0.0	0.0	0.9689	1.43523	0.60878	0.0	0.0	0.89285	0.65625	0.0	0.0	0.5996600000000001	0.0	0.0	0.5955199999999999	0.0	0.0	0.0	0.0
Node 16		0.73543	2.76334	0.84863	0.0	0.0	0.0	0.0	1.43523	0.7963899999999999	0.0	1.57991	0.72765	1.1670099999999999	0.0	1.5628199999999999	0.81369	1.9512600000000002	0.66809	0.52026	0.0	0.0	0.0	0.0
Node 187		0.9051699999999999	0.7946099999999999	1.69639	0.0	0.0	0.70121	0.0	1.73034	0.62443	0.9272	0.6196	2.2503100000000003	0.51076	0.9702000000000001	0.0	0.0	0.95592	2.21725	0.0	0.0	0.0	0.0	0.0
Node 159		1.29053	0.0	0.8605099999999999	0.9695	0.0	2.05113	0.0	2.29412	0.0	1.691	2.44063	2.30636	0.0	0.0	0.73392	0.7721600000000001	0.0	0.95679	0.0	0.0	0.0	0.0	0.0
Node 50		1.0956000000000001	0.0	0.0	0.0	0.67791	0.57417	0.71931	0.0	0.0	0.0	0.0	0.0	0.0	0.83643	0.0	0.0	0.0	0.66809	0.0	0.0	0.0	0.0	0.0
Node 133		1.2335099999999999	1.7644199999999999	0.0	2.21326	0.7591600000000001	0.0	1.71625	0.85889	0.7963899999999999	1.49811	0.0	0.76214	0.51076	1.84005	0.73392	0.0	0.0	0.66809	0.0	0.0	0.0	0.0	0.0
Node 302		2.13573	0.9823200000000001	0.0	0.0	0.66248	0.57417	0.0	0.0	0.7405499999999999	0.57091	0.6196	0.0	1.1670099999999999	0.0	0.6262099999999999	0.0	0.0	0.0	0.0	0.0	0.0	0.0	0.0
Node 491		0.5551	0.0	0.0	0.7467900000000001	0.66248	1.42439	1.96176	0.67153	0.64169	1.49811	0.0	0.0	1.1670099999999999	1.74108	0.0	1.62689	0.50058	1.5491599999999999	0.0	0.0	0.0	0.0	0.0
Node 437		1.42844	1.93004	0.0	1.73957	1.42164	2.70763	0.0	2.40361	0.62443	0.0	1.48526	0.0	0.0	0.0	0.75456	0.5996600000000001	0.50058	0.0	0.0	0.0	0.0	0.0	0.0
Node 203		1.96894	0.94772	0.84863	0.0	0.0	0.57417	0.0	0.8216899999999999	0.0	0.8141799999999999	0.0	0.98916	0.0	0.0	1.7033099999999999	0.9269400000000001	2.4559	0.6086	0.52026	0.0	0.0	0.0	0.0
Node 389		0.5551	0.87538	0.0	1.16022	0.66248	0.0	0.0	0.0	0.7405499999999999	0.77788	0.0	0.9611400000000001	0.0	0.9702000000000001	2.23176	0.0	0.90246	0.66809	0.52026	0.0	0.0	0.0	0.0
Node 261		2.2427200000000003	0.0	0.0	3.35641	0.0	0.0	1.96176	1.40538	0.0	0.0	1.2416699999999998	0.72765	1.84304	1.53816	0.73392	0.0	0.50058	0.0	0.52026	0.0	0.0	0.0	0.0
Node 360		0.9022199999999999	0.94772	1.69639	0.99278	0.65606	1.42439	0.0	0.0	0.0	0.77788	0.86319	0.0	0.8886	0.0	0.0	2.04793	0.0	0.6086	0.96075	0.0	0.0	0.0	0.0
Node 417		0.73543	2.55903	0.89225	0.0	1.89747	0.0	0.9689	0.8216899999999999	0.62443	1.3487900000000002	0.6196	0.0	0.0	1.61413	0.75456	0.64723	0.0	1.60865	0.0	0.0	0.0	0.0	0.0
Node 65		0.0	0.8167000000000001	2.58864	0.7467900000000001	0.0	0.0	0.9648199999999999	0.0	0.0	0.0	0.0	2.4773300000000003	0.0	0.67614	0.75456	0.64723	0.0	0.9405600000000001	0.0	0.0	0.0	0.0	0.0
Node 136		1.4194	0.0	2.5569	0.0	0.65606	0.0	1.67508	0.7636999999999999	0.7405499999999999	0.57091	0.6196	0.0	2.4241800000000002	0.0	0.0	1.52631	0.95592	0.66809	0.0	0.0	0.0	0.0	0.0
Node 202		0.0	1.69208	0.0	0.0	0.0	1.55143	0.0	2.44428	0.0	0.0	0.86319	0.76214	0.65625	0.86985	0.73392	1.55519	0.69872	0.53769	0.0	0.0	0.0	0.0	0.0
Node 379		0.5551	0.7946099999999999	1.7400100000000003	0.99278	0.0	0.70121	1.96584	1.58539	0.0	0.8962100000000001	0.0	0.0	1.2850300000000001	0.0	0.75456	0.0	0.50058	0.0	0.0	0.0	0.0	0.0	0.0
Node 392		0.5405	0.0	1.4580600000000001	0.8761	1.34039	0.0	0.9969399999999999	0.0	1.36785	0.77788	0.86319	0.76214	0.8886	0.0	1.48848	0.88354	0.69872	0.6086	0.0	0.0	0.0	0.0	0.0
Node 478		0.5405	0.8167000000000001	0.84863	0.0	0.66248	0.85022	0.0	0.0	0.0	1.3487900000000002	0.88468	0.72765	0.51076	0.67519	0.0	0.64723	0.50058	1.2766899999999999	0.96075	0.0	0.0	0.0	0.0
Node 43		0.8004000000000001	0.0	0.0	1.3743699999999999	0.90133	1.9487500000000002	1.71625	1.44834	0.62443	0.9272	1.31946	1.72166	1.7679299999999998	0.0	0.6262099999999999	0.55418	0.50058	0.0	0.0	0.0	0.0	0.0	0.0
Node 116		0.0	0.9823200000000001	0.89225	0.99278	0.66248	0.0	0.0	0.8216899999999999	0.7963899999999999	0.9272	0.69739	0.0	0.8886	0.7654700000000001	0.0	0.5996600000000001	0.50058	0.0	0.0	0.0	0.0	0.0	0.0
Node 316		0.0	1.6113100000000002	0.0	0.7467900000000001	0.0	1.81931	0.0	0.68464	0.0	1.82341	0.0	0.89285	0.65625	0.86985	0.0	0.0	0.0	1.39461	0.0	0.0	0.0	0.0	0.0
Node 19		0.0	0.8167000000000001	0.84776	0.5147900000000001	0.0	0.0	0.0	1.6225900000000002	1.33094	0.0	0.0	0.72765	2.40232	0.0	0.6262099999999999	0.0	0.50058	0.0	0.0	0.0	0.0	0.0	0.0
Node 472		1.3555	0.94772	0.0	0.0	0.66248	0.85022	1.71625	0.0	1.36498	0.8141799999999999	1.48526	2.2503100000000003	0.51076	0.0	3.07585	0.0	0.0	1.20578	0.0	0.0	0.0	0.0	0.0
Node 390		1.24811	1.7644199999999999	0.0	0.0	0.0	1.27538	0.0	0.0	0.0	1.49811	0.0	0.0	0.95444	0.86202	0.94875	0.0	0.50058	0.95679	0.90773	0.0	0.0	0.0	0.0
Node 1		0.0	0.98641	1.41444	0.99278	1.34039	0.85022	0.71931	1.58539	0.0	1.6740899999999999	0.0	0.0	0.0	1.69845	0.75456	1.27577	0.50058	0.0	0.0	0.0	0.0	0.0	0.0
Node 158		0.5551	0.0	1.70827	0.0	0.0	0.0	0.0	0.0	1.33094	0.0	0.6196	0.7605200000000001	0.51076	0.7654700000000001	0.0	0.0	0.50058	1.47825	0.0	0.0	0.0	0.0	0.0
Node 62		0.0	0.0	0.0	0.99278	0.0	1.31182	0.0	1.58539	0.0	0.57091	0.62207	0.0	0.0	0.58399	0.75456	1.12584	0.0	0.0	0.52026	0.0	0.0	0.0	0.0
Node 487		1.2335099999999999	2.59772	1.70827	1.6203599999999998	0.7591600000000001	1.55143	0.0	0.8751200000000001	0.0	0.0	0.86319	0.72765	1.39936	0.0	0.9796600000000001	0.7721600000000001	0.0	1.60865	0.0	0.0	0.0	0.0	0.0
Node 142		0.5405	1.77693	0.68074	0.0	0.6689299999999999	0.70121	0.0	0.8216899999999999	0.56002	0.0	0.0	0.0	2.1214500000000003	1.70628	0.0	0.62854	0.0	0.0	0.0	0.0	0.0	0.0	0.0
Node 138		1.9745	0.87538	0.0	0.0	0.75299	0.0	0.0	1.5304200000000001	0.62443	0.0	0.0	0.0	1.7679299999999998	0.0	0.0	0.0	0.69872	0.6086	0.0	0.0	0.0	0.0	0.0
Node 331		0.0	2.67849	0.0	0.7467900000000001	0.0	0.57417	0.9969399999999999	0.8216899999999999	1.33094	1.3487900000000002	0.0	0.0	1.2826600000000001	0.0	0.75456	0.0	0.5581	1.33512	0.0	0.0	0.0	0.0	0.0
Node 403		0.0	0.0	0.84776	0.0	1.42164	0.70121	0.0	2.36834	0.62443	0.0	0.0	0.0	1.53558	0.0	0.73392	0.0	0.0	0.0	0.0	0.0	0.0	0.0	0.0
Node 39		0.5405	1.69208	0.0	0.0	1.42164	0.50749	0.71931	1.58539	0.0	1.7050800000000002	1.74787	0.76214	0.8793300000000001	0.0	0.0	1.2282	0.90246	3.32222	0.0	0.0	0.0	0.0	0.0
Node 216		0.82211	1.8231000000000002	0.0	0.0	2.43321	0.0	0.9648199999999999	0.0	0.0	1.49811	1.48526	2.33923	1.83377	0.0	0.0	0.0	0.0	1.3447799999999999	0.0	0.0	0.0	0.0	0.0
Node 413		0.5551	0.0	0.0	1.8688799999999999	0.0	0.0	1.71625	1.49322	0.62443	0.9272	0.6196	0.7605200000000001	2.04634	1.84005	0.0	1.4193900000000002	0.64849	0.66809	0.0	0.0	0.0	0.0	0.0
Node 11		0.73543	0.0	0.0	0.7467900000000001	1.74913	0.70121	1.91978	2.6444	0.0	1.7103899999999999	1.62097	0.76214	0.0	0.83643	1.7157200000000001	0.9565300000000001	0.50058	0.0	0.96075	0.0	0.0	0.0	0.0
Node 12		0.73543	1.66999	0.0	0.0	0.0	1.3745800000000001	0.9648199999999999	0.8216899999999999	1.48397	1.49811	1.50428	0.7605200000000001	1.1670099999999999	1.74108	1.57496	0.0	0.50058	0.0	0.96075	0.0	0.0	0.0	0.0
Node 130		0.0	0.0	0.0	1.73957	0.66248	0.57417	0.0	1.39059	2.16137	0.8141799999999999	2.20167	0.76214	0.65625	0.83643	0.94875	1.24689	1.40304	0.0	0.0	0.0	0.0	0.0	0.0
Node 201		1.2335099999999999	0.78625	0.0	0.0	0.66248	0.0	0.0	0.0	0.62443	1.7050800000000002	0.88468	0.76214	1.7318900000000002	0.0	0.0	0.0	0.0	2.3351699999999997	0.0	0.0	0.0	0.0	0.0
Node 291		0.69301	0.0	0.0	0.0	1.31854	0.70121	0.96401	0.0	0.0	0.0	1.50428	1.52266	1.5229899999999998	0.86985	0.0	0.0	1.8978	0.53769	0.0	0.0	0.0	0.0	0.0
Node 424		0.0	1.6113100000000002	1.5285	0.0	0.0	1.34992	3.3488900000000004	0.0	0.0	1.7050800000000002	0.0	0.7605200000000001	0.0	0.86985	0.75456	0.0	0.50058	0.53769	0.0	0.0	0.0	0.0	0.0
Node 189		0.0	1.79902	0.84776	0.0	0.0	0.70121	0.0	0.7636999999999999	0.7065100000000001	0.77788	0.0	0.0	0.51076	0.0	0.0	0.7721600000000001	0.0	0.0	0.5955199999999999	0.0	0.0	0.0	0.0
Node 2		0.69301	0.0	0.0	1.39089	1.65862	1.27538	0.9969399999999999	0.0	1.3822400000000001	0.9272	0.6196	3.06688	1.1670099999999999	0.0	0.0	1.27577	0.0	0.0	0.0	0.0	0.0	0.0	0.0
Node 425		1.2335099999999999	1.79902	0.0	0.0	0.0	0.0	0.0	0.0	0.7065100000000001	0.77788	0.0	0.0	0.95444	0.0	0.0	1.20141	0.0	0.0	0.0	0.0	0.0	0.0	0.0
Node 169		0.5405	0.9823200000000001	0.0	0.0	0.0	1.2087	0.0	0.85889	0.62443	1.3487900000000002	0.0	1.48817	0.51076	0.0	1.7033099999999999	0.0	0.0	0.66809	0.0	0.0	0.0	0.0	0.0
Node 446		0.5551	0.0	0.0	0.53264	0.0	0.52436	2.68515	0.85889	0.0	0.57091	0.6196	0.76214	2.2019699999999998	0.0	0.73392	0.5996600000000001	0.90246	0.0	0.0	0.0	0.0	0.0	0.0
Node 254		0.9022199999999999	0.0	0.0	0.7467900000000001	1.42164	0.0	0.9969399999999999	0.0	0.0	0.0	0.0	0.72765	0.0	0.9702000000000001	0.73392	0.0	0.0	0.0	0.0	0.0	0.0	0.0	0.0
Node 488		2.7213600000000002	0.0	0.55987	0.0	0.65606	0.0	0.66374	0.0	1.33094	0.0	0.86319	0.7605200000000001	1.84304	0.6975699999999999	0.75456	0.64723	0.50058	0.72652	0.0	0.0	0.0	0.0	0.0
Node 409		0.0	0.87538	1.69639	0.64734	0.0	0.52436	1.96176	0.0	0.62443	0.57091	0.6196	0.7605200000000001	0.8793300000000001	0.0	0.0	0.0	0.0	0.53769	0.0	0.0	0.0	0.0	0.0
Node 220		0.0	0.0	0.84863	1.73957	2.09955	0.0	0.0	1.69681	0.62443	1.7050800000000002	0.0	0.0	0.0	0.0	0.0	0.0	0.0	1.60865	0.0	0.0	0.0	0.0	0.0
Node 340		0.0	0.0	1.69639	1.6168399999999998	0.65606	0.0	0.76435	0.0	1.4380799999999998	0.0	0.6196	0.7605200000000001	0.8793300000000001	0.8486600000000001	0.0	0.0	2.45184	1.28529	0.0	0.0	0.0	0.0	0.0
Node 298		0.0	0.98641	2.12813	0.62758	0.7591600000000001	0.0	0.71931	0.0	0.0	1.40746	0.0	0.9611400000000001	0.8793300000000001	1.84005	0.75456	0.7721600000000001	0.0	0.0	0.0	0.0	0.0	0.0	0.0
Node 475		1.2335099999999999	2.74674	0.0	0.99278	0.7591600000000001	1.55143	0.96401	2.3103499999999997	1.3822400000000001	0.8962100000000001	0.95784	0.72765	0.51076	0.9702000000000001	0.0	0.0	1.40304	1.14629	0.0	0.0	0.0	0.0	0.0
Node 268		0.0	0.94772	0.0	0.64734	0.66248	2.20014	0.0	0.6485099999999999	0.62443	0.7572599999999999	0.0	0.76214	0.8793300000000001	0.86985	0.8754299999999999	0.0	0.0	0.66809	0.0	0.0	0.0	0.0	0.0
Node 495		1.42844	0.94772	1.12568	0.99278	0.66248	0.0	0.76435	2.5557	0.0	0.9272	0.0	0.0	1.39936	0.86985	0.6262099999999999	1.24689	0.0	0.66809	0.0	0.0	0.0	0.0	0.0
Node 453		0.0	0.0	0.56581	0.62758	0.66248	0.7757499999999999	0.0	0.0	0.0	2.27599	0.0	0.7605200000000001	0.8886	0.9702000000000001	0.94875	0.7721600000000001	0.0	0.66809	0.96075	0.0	0.0	0.0	0.0
Node 182		1.27593	0.87538	0.55987	0.99278	0.67791	1.31182	0.0	0.0	1.26612	0.0	1.5774400000000002	0.0	0.0	0.9702000000000001	0.94875	0.0	0.90246	0.0	0.0	0.0	0.0	0.0	0.0
Node 94		0.5551	0.94772	0.0	1.39413	0.0	0.0	0.71931	2.49578	1.5029000000000001	0.0	0.0	0.9611400000000001	2.40232	0.0	2.2401999999999997	1.24689	1.40304	0.67669	0.0	0.0	0.0	0.0	0.0
Node 385		0.69301	1.7810200000000003	0.84863	0.99278	0.67791	0.0	0.71931	0.0	0.7065100000000001	0.77788	2.19951	0.77967	0.0	0.86985	0.0	3.15895	0.9953399999999999	0.0	0.0	0.0	0.0	0.0	0.0
Node 307		0.5551	1.74233	0.0	0.7467900000000001	0.66248	0.85022	0.0	0.0	1.36498	0.77788	0.6196	1.48817	2.34453	1.66777	1.57496	0.0	0.0	0.0	0.0	0.0	0.0	0.0	0.0
Node 429		1.6494000000000002	0.94772	0.0	0.5147900000000001	1.48574	0.0	0.0	0.0	0.0	1.32817	0.86319	0.0	2.82601	0.9702000000000001	0.0	0.0	0.50058	0.0	0.0	0.0	0.0	0.0	0.0
Node 255		0.73543	0.0	0.0	0.0	1.43707	0.0	0.0	0.7636999999999999	0.0	1.49811	2.10486	0.0	0.0	1.70628	0.75456	0.0	0.95592	1.14629	0.52026	0.0	0.0	0.0	0.0
Node 263		0.5551	0.0	0.8605099999999999	0.0	0.66248	2.07579	0.9689	1.63882	0.7963899999999999	1.7103899999999999	0.0	1.65499	0.0	0.58399	0.75456	0.0	0.0	0.0	0.0	0.0	0.0	0.0	0.0
Node 107		0.8004000000000001	1.7644199999999999	1.4580600000000001	1.73957	0.67791	0.0	0.71931	0.7636999999999999	0.7065100000000001	0.0	0.62207	0.77967	0.65625	0.9702000000000001	0.75456	0.0	2.65986	1.3447799999999999	0.96075	0.0	0.0	0.0	0.0
Node 355		0.0	1.93004	0.76458	0.99278	0.66248	0.0	0.9689	0.7636999999999999	0.56002	0.0	1.5774400000000002	1.52266	2.70051	1.74108	0.0	1.24689	0.79412	0.0	0.0	0.0	0.0	0.0	0.0
Node 170		0.5405	0.9823200000000001	2.5569	0.0	0.7591600000000001	0.0	0.9648199999999999	0.0	0.0	1.49811	0.6196	0.89285	0.51076	2.6900899999999996	1.6299899999999998	0.5996600000000001	0.0	1.66708	0.0	0.0	0.0	0.0	0.0
Node 258		1.0956000000000001	0.0	0.84863	0.9695	0.0	0.85022	0.0	1.49322	0.0	0.81013	0.0	0.77967	0.0	0.9702000000000001	0.7669699999999999	1.32634	0.0	0.0	0.0	0.0	0.0	0.0	0.0
Node 26		0.0	0.8167000000000001	0.84863	2.13768	1.34684	0.0	0.71931	0.8751200000000001	0.0	0.0	0.0	0.0	0.51076	0.0	0.0	0.0	0.0	0.6086	0.0	0.0	0.0	0.0	0.0
Node 286		0.5551	0.7946099999999999	1.69639	0.0	0.66248	0.85022	0.0	1.69681	1.34933	1.7050800000000002	0.0	1.48979	0.0	0.83643	1.36013	0.0	0.0	0.67669	0.96075	0.0	0.0	0.0	0.0
Node 296		0.0	0.87538	1.69639	0.99278	0.67791	0.0	2.68515	0.0	0.0	0.7572599999999999	1.48526	0.72765	0.0	0.86985	0.66524	0.0	2.15522	0.66809	0.0	0.0	0.0	0.0	0.0
Node 375		0.0	0.94772	0.8605099999999999	0.0	0.0	1.27538	0.66374	0.0	0.0	0.0	0.86319	0.0	0.65625	0.0	0.7669699999999999	0.9796600000000001	0.50058	1.60865	0.0	0.0	0.0	0.0	0.0
Node 164		0.5405	0.98641	0.9776999999999999	0.0	0.66248	0.0	0.96401	1.5304200000000001	0.7065100000000001	0.0	0.6196	0.0	0.0	0.8486600000000001	0.73392	0.62854	0.9953399999999999	0.0	0.0	0.0	0.0	0.0	0.0
Node 486		0.0	0.7946099999999999	0.0	1.96727	0.66248	1.42439	1.68413	0.0	1.22277	0.0	0.62207	0.0	0.0	0.87123	0.0	0.0	0.50058	0.6086	0.0	0.0	0.0	0.0	0.0
Node 134		1.51512	1.8031100000000002	0.84863	0.0	0.65606	0.57417	0.0	0.0	0.0	0.0	1.48526	0.77967	0.51076	1.54737	0.75456	0.0	1.4565	0.0	0.0	0.0	0.0	0.0	0.0
Node 280		3.14669	1.7644199999999999	0.0	0.99278	0.0	2.9013500000000003	1.68413	0.7636999999999999	0.62443	0.57091	0.0	1.48979	2.40232	0.0	0.75456	0.0	1.40304	0.0	0.0	0.0	0.0	0.0	0.0
Node 308		0.0	0.0	1.45212	0.0	0.90133	0.7757499999999999	0.0	0.8216899999999999	0.0	2.3686700000000003	0.0	0.7605200000000001	1.39009	0.86985	0.0	0.0	0.0	1.3447799999999999	0.0	0.0	0.0	0.0	0.0
Node 479		1.2335099999999999	0.8167000000000001	0.0	0.99278	0.0	0.0	0.0	0.8216899999999999	0.7065100000000001	1.7050800000000002	1.82103	0.76214	0.8793300000000001	1.83222	1.61769	0.0	2.19464	0.66809	0.0	0.0	0.0	0.0	0.0
Node 262		2.2427200000000003	0.9823200000000001	0.0	0.9028700000000001	0.0	0.61477	0.0	0.63634	0.0	1.3487900000000002	0.6196	1.6533699999999998	1.7518700000000003	0.0	2.11469	0.62854	0.0	0.66809	1.48101	0.0	0.0	0.0	0.0
Node 252		0.73543	2.6744	1.69639	1.3743699999999999	0.0	1.55143	0.71931	0.0	1.2665300000000002	3.15812	0.0	0.0	2.70051	0.83643	0.75456	0.0	0.0	0.0	0.0	0.0	0.0	0.0	0.0
Node 411		0.0	0.98641	0.9776999999999999	0.0	0.0	0.85022	1.68413	0.0	0.0	0.77788	1.31699	0.98916	0.0	0.9702000000000001	0.0	0.0	0.50058	0.66809	0.0	0.0	0.0	0.0	0.0
Node 131		0.0	0.7946099999999999	0.8605099999999999	0.0	0.67791	0.0	0.0	1.54353	0.0	0.8141799999999999	0.95784	0.0	1.7957899999999998	0.0	0.6262099999999999	0.5996600000000001	1.40304	0.0	0.52026	0.0	0.0	0.0	0.0
Node 338		1.4194	2.6744	0.0	0.0	1.31854	1.55143	1.68413	0.8751200000000001	0.0	1.82341	0.0	0.72765	0.0	1.8414300000000001	0.0	0.7721600000000001	0.90246	0.0	0.96075	0.0	0.0	0.0	0.0
Node 301		0.5405	0.9823200000000001	0.0	0.0	0.0	1.42439	0.0	0.0	0.7065100000000001	0.9272	0.0	0.0	0.79743	0.0	0.0	0.0	0.69872	0.66809	0.0	0.0	0.0	0.0	0.0
Node 259		0.5405	1.7644199999999999	0.0	0.9695	1.42164	0.85022	0.0	0.0	0.0	0.0	0.0	1.54422	1.54485	0.9702000000000001	0.6262099999999999	1.2282	0.0	0.66809	0.0	0.0	0.0	0.0	0.0
Node 244		0.69301	1.80395	0.0	0.0	0.0	1.35771	0.9969399999999999	0.67153	0.7405499999999999	1.46712	0.86319	0.0	2.6956	0.9702000000000001	0.0	0.0	1.9512600000000002	0.67669	0.0	0.0	0.0	0.0	0.0
Node 290		0.0	1.79902	0.56581	0.99278	0.0	0.50749	0.9689	0.7636999999999999	0.60878	0.0	0.0	1.48817	2.05561	2.13041	0.75456	0.0	0.0	0.0	0.0	0.0	0.0	0.0	0.0
Node 330		0.69301	0.0	2.2681400000000003	0.0	0.6689299999999999	0.50749	2.45256	0.67153	0.62443	0.57091	0.0	0.0	0.51076	0.0	0.94875	0.0	0.9953399999999999	1.47825	0.0	0.0	0.0	0.0	0.0
Node 212		1.6494000000000002	0.0	0.0	0.8761	0.66248	2.07579	0.9689	2.49057	1.5029000000000001	3.2085000000000004	0.0	0.0	1.45368	0.87123	0.68739	0.0	0.0	0.6086	0.0	0.0	0.0	0.0	0.0
Node 147		0.0	0.94772	1.69639	1.6228900000000002	1.3339699999999999	0.0	0.9689	0.0	0.0	0.0	0.88468	0.0	0.51076	0.0	0.0	1.32634	0.0	0.67669	0.0	0.0	0.0	0.0	0.0
Node 166		1.42844	0.7946099999999999	0.0	0.0	0.0	0.7757499999999999	0.9689	0.0	0.7963899999999999	0.83655	0.0	1.51071	0.8886	1.86482	0.0	0.7721600000000001	0.0	0.6086	0.0	0.0	0.0	0.0	0.0
Node 277		0.5551	0.87538	0.0	0.62758	0.6689299999999999	0.57417	0.0	0.0	0.0	0.77788	0.62207	0.9611400000000001	0.68459	0.86985	0.7669699999999999	0.0	0.69872	0.67669	0.0	0.0	0.0	0.0	0.0
Node 499		1.7886099999999998	0.0	0.0	0.0	2.09955	0.57417	0.0	0.8216899999999999	0.0	1.53514	0.0	0.0	0.0	1.74108	0.0	1.4007	0.0	0.0	0.0	0.0	0.0	0.0	0.0
Node 70		0.0	0.8167000000000001	0.89225	0.62758	0.0	1.42439	0.0	0.9086500000000001	0.7065100000000001	1.49811	1.48526	0.76214	0.8886	0.0	0.0	0.0	0.0	0.6086	0.0	0.0	0.0	0.0	0.0
Node 406		1.51512	0.0	0.0	0.64734	0.0	0.0	0.9689	0.0	0.0	0.77788	1.48526	0.0	1.7413499999999997	0.83643	0.0	2.53041	0.50058	0.0	0.0	0.0	0.0	0.0	0.0
Node 196		0.0	2.75083	0.84776	0.9028700000000001	1.43707	0.85022	1.92883	0.0	1.5029000000000001	0.8962100000000001	0.62207	0.0	0.8886	1.70628	0.94875	0.0	0.9953399999999999	0.0	0.0	0.0	0.0	0.0	0.0
Node 260		0.69301	1.7644199999999999	0.0	0.0	0.0	0.85022	0.0	0.0	0.0	4.24241	0.0	0.0	2.1214500000000003	0.0	1.48848	0.0	0.0	0.67669	0.0	0.0	0.0	0.0	0.0
Node 448		0.0	1.7644199999999999	0.84776	0.0	0.0	1.42439	0.9648199999999999	0.8216899999999999	0.62443	2.27599	0.0	0.77967	0.0	0.0	0.73392	0.0	1.4959200000000001	0.66809	0.0	0.0	0.0	0.0	0.0
Node 428		0.0	0.8167000000000001	0.89225	0.7467900000000001	0.67791	0.70121	0.0	0.0	0.0	0.9272	1.7705700000000002	1.48979	0.65625	0.83643	0.6262099999999999	0.0	0.0	0.0	0.0	0.0	0.0	0.0	0.0
Node 188		1.2906600000000001	1.79902	0.84863	0.7467900000000001	0.0	0.57417	0.0	0.8216899999999999	0.56002	0.0	0.0	0.77967	1.39009	0.9702000000000001	0.0	0.5996600000000001	0.0	0.6086	0.0	0.0	0.0	0.0	0.0
Node 317		0.0	1.69208	0.84863	0.0	0.0	0.0	0.9689	3.2272299999999996	0.7065100000000001	0.57091	1.58207	0.0	0.0	0.0	0.0	2.00036	0.64849	0.67669	0.0	0.0	0.0	0.0	0.0
Node 91		0.0	1.6113100000000002	0.0	0.99278	0.0	1.2087	0.71931	2.3103499999999997	0.0	1.82341	0.0	0.0	1.5229899999999998	0.9702000000000001	0.73392	0.0	0.90246	0.0	0.0	0.0	0.0	0.0	0.0
Node 439		0.5551	0.7946099999999999	0.0	0.0	0.66248	1.42439	0.0	1.78377	0.62443	0.8141799999999999	0.86319	0.0	2.47743	2.71128	1.48848	0.62854	0.0	0.0	0.0	0.0	0.0	0.0	0.0
Node 84		1.2903	0.0	0.84776	0.0	0.67791	1.55143	0.9648199999999999	0.0	0.0	0.57091	1.48526	0.0	0.79743	0.0	0.0	0.0	0.0	0.53769	0.0	0.0	0.0	0.0	0.0
Node 60		0.0	0.0	0.8605099999999999	0.0	1.43707	0.70121	0.9648199999999999	0.0	1.3822400000000001	1.49811	0.86319	1.48817	0.95444	0.0	1.57496	0.0	0.0	1.66708	0.0	0.0	0.0	0.0	0.0
Node 204		0.73543	1.7810200000000003	0.0	0.64734	0.57377	0.0	0.71931	2.36834	1.42082	1.6740899999999999	0.6196	0.0	1.36332	0.0	1.5628199999999999	0.64723	0.0	0.67669	0.0	0.0	0.0	0.0	0.0
Node 56		0.0	2.6744	1.69639	0.0	0.66248	0.0	0.0	0.0	0.62443	0.0	0.0	0.7605200000000001	2.25683	0.86985	0.0	0.0	0.0	0.0	0.0	0.0	0.0	0.0	0.0
Node 223		0.5405	0.94772	0.0	0.0	0.0	0.0	1.96584	0.0	0.0	1.7050800000000002	1.48526	0.0	1.61069	0.86985	0.0	0.0	0.90246	0.6086	0.0	0.0	0.0	0.0	0.0
Node 426		0.9022199999999999	0.7946099999999999	0.0	0.0	0.7591600000000001	0.85022	0.71931	2.35211	0.0	1.7050800000000002	0.0	1.5418100000000001	0.68459	0.0	0.73392	0.0	0.50058	0.0	0.0	0.0	0.0	0.0	0.0
Node 477		0.0	0.94772	0.55987	1.26158	0.90133	0.85022	0.0	0.0	0.0	0.0	0.0	0.0	0.65625	0.0	1.57496	1.4193900000000002	0.0	1.28529	0.0	0.0	0.0	0.0	0.0
Node 492		0.82211	0.98641	2.61558	1.50368	2.07153	1.52793	0.0	2.5557	1.36498	0.7572599999999999	1.58328	0.0	0.8886	2.13041	0.0	1.20141	1.4565	0.0	0.0	0.0	0.0	0.0	0.0
Node 76		1.3409	0.94772	0.0	0.99278	0.67791	0.0	0.71931	0.8216899999999999	0.7065100000000001	0.77788	0.0	0.7605200000000001	1.83377	0.0	0.73392	0.0	1.9512600000000002	0.6086	0.0	0.0	0.0	0.0	0.0
Node 401		1.24811	0.87538	0.89225	0.62758	0.66248	1.55143	0.0	2.5557	1.36498	0.8141799999999999	0.6196	0.77967	0.0	0.86985	0.8754299999999999	0.0	0.0	0.66809	0.0	0.0	0.0	0.0	0.0
Node 36		0.73543	0.94772	1.69639	0.0	0.0	1.55143	0.0	0.0	0.62443	1.3487900000000002	1.5774400000000002	1.48817	0.95444	1.84005	0.75456	0.0	0.50058	0.0	0.0	0.0	0.0	0.0	0.0
Node 186		0.0	0.94772	0.0	0.0	0.7591600000000001	1.60602	0.9648199999999999	1.73208	1.3481999999999998	0.57091	0.88468	0.0	1.74607	0.86985	0.0	0.64723	0.50058	1.2766899999999999	0.5955199999999999	0.0	0.0	0.0	0.0
Node 350		1.44272	0.0	0.84863	0.0	0.67791	0.57417	0.76435	0.0	0.7065100000000001	1.691	0.0	0.0	0.8886	1.5464200000000001	2.06816	0.64723	0.9953399999999999	3.54955	0.0	0.0	0.0	0.0	0.0
Node 224		0.0	0.98641	0.0	0.0	0.0	0.57417	0.0	1.73401	0.0	0.77788	0.88468	0.77967	0.95444	0.0	1.36013	0.0	0.0	0.6086	0.0	0.0	0.0	0.0	0.0
Node 191		0.5551	0.0	0.84776	0.0	0.7591600000000001	0.0	1.9337199999999999	0.8751200000000001	0.0	1.7050800000000002	2.10486	0.0	0.0	0.58399	0.73392	0.64723	0.50058	2.51241	0.96075	0.0	0.0	0.0	0.0
Node 184		1.9745	0.0	0.0	1.73957	0.66248	0.0	0.9689	0.85889	0.62443	0.9272	1.74787	0.72765	0.65625	1.84005	0.0	0.0	0.0	0.0	0.0	0.0	0.0	0.0	0.0
Node 41		0.69301	0.7946099999999999	0.0	0.0	0.0	0.0	0.0	1.58539	0.0	0.57091	0.86319	0.0	0.65625	0.0	0.0	0.5996600000000001	0.90246	1.88247	0.0	0.0	0.0	0.0	0.0
Node 396		0.0	0.94772	0.0	0.0	1.31854	0.0	0.0	0.7636999999999999	0.0	1.3487900000000002	0.86319	0.0	0.0	0.58399	0.75456	0.0	0.0	0.67669	0.0	0.0	0.0	0.0	0.0
Node 408		0.0	1.7145299999999999	0.0	0.99278	2.24817	0.70121	0.71931	0.0	0.0	1.46712	0.0	1.52266	0.0	0.8486600000000001	0.0	0.9266500000000001	0.0	2.00321	0.52026	0.0	0.0	0.0	0.0
Node 111		0.0	1.80395	0.84776	0.0	0.0	0.57417	0.71931	0.0	0.7405499999999999	0.0	0.6196	0.0	0.0	0.67614	0.0	0.0	0.0	1.81438	0.5955199999999999	0.0	0.0	0.0	0.0
Node 238		0.69301	1.77693	0.0	0.99278	0.66248	1.55143	0.0	0.67153	0.62443	2.16297	0.6196	0.7605200000000001	0.0	0.86985	0.6262099999999999	0.5996600000000001	0.50058	1.3447799999999999	0.5955199999999999	0.0	0.0	0.0	0.0
