Node 137		3.7715199999999998	2.46487	5.19014	7.67114	6.41327	0.69743	7.07526	7.21782	6.28634	0.53044	6.2152899999999995	6.88293	4.23805	6.33231	7.125900000000001	7.796830000000001	6.14499	5.35519	7.53604	0.58672	0.0	0.0	0.0
Node 124		5.04372	4.396039999999999	5.02095	6.8766	6.575699999999999	3.3525300000000002	5.7395700000000005	3.16734	6.96632	10.79996	5.28114	5.73408	4.60315	3.7091899999999995	5.3879	4.41777	6.71789	3.97072	3.85124	0.58672	0.0	0.0	0.0
Node 148		2.83536	4.97611	8.65769	6.2685	8.37492	4.829689999999999	3.83159	5.03688	3.47728	9.44469	7.0651	1.55362	5.1002600000000005	4.36747	5.602	5.78351	3.5871	3.34703	8.06576	0.9308500000000001	0.0	0.0	0.0
Node 114		4.23482	5.0317	10.86873	5.09303	5.37882	4.30488	6.04728	6.04322	5.98327	6.3424499999999995	3.92833	5.71846	5.5702	3.65023	5.02091	2.52543	5.47309	4.485	4.99503	1.3752900000000001	0.0	0.0	0.0
Node 32		7.167039999999999	5.83693	7.65156	6.983359999999999	7.618460000000001	4.80122	4.35226	5.69154	7.036439999999999	7.9126199999999995	3.94517	3.5006700000000004	5.52506	5.33842	7.41207	8.92226	7.8785099999999995	6.58059	5.28467	1.3752900000000001	0.0	0.0	0.0
Node 105		5.893339999999999	3.72317	3.9627999999999997	3.93091	6.383310000000001	3.74217	6.528009999999999	6.20735	6.31987	2.64497	4.90093	3.1952800000000003	5.71339	0.52886	6.93106	6.82928	6.08646	1.57652	6.94004	1.51757	0.0	0.0	0.0
Node 43		6.86544	1.7151699999999999	7.51689	3.19614	9.19759	7.47659	7.21504	8.35224	3.23151	2.38551	6.84399	7.883660000000001	3.41106	5.54831	8.172939999999999	3.3202000000000003	5.32419	3.1084899999999998	7.126939999999999	0.0	0.0	0.0	0.0
Node 191		3.12887	7.759399999999999	5.23695	4.69549	6.11297	2.17246	3.23217	4.39134	7.78732	7.864790000000001	6.4924599999999995	4.71492	9.854930000000001	6.45319	6.38176	4.7872900000000005	2.01465	5.56288	7.54956	0.9308500000000001	0.0	0.0	0.0
Node 11		4.29883	1.3327200000000001	8.87375	4.7298800000000005	6.51482	3.2306099999999995	6.770370000000001	5.77343	6.89664	5.30706	5.76643	4.066879999999999	5.33002	4.34875	9.39367	2.3892900000000004	3.3193599999999996	3.81279	6.058199999999999	0.7885700000000001	0.0	0.0	0.0
Node 171		4.33938	3.3381099999999995	9.972150000000001	6.90804	5.965249999999999	4.82649	7.379910000000001	4.47311	5.18061	10.3423	7.0592299999999994	3.05016	3.91266	2.77923	7.419199999999999	6.13412	3.20365	3.86177	3.32511	2.30614	0.0	0.0	0.0
Node 82		5.49972	6.2416100000000005	3.9705999999999997	7.1382699999999994	6.13526	5.3809700000000005	7.8606300000000005	9.09492	5.59007	6.67168	3.4385600000000003	3.6456000000000004	8.03878	7.456659999999999	8.722430000000001	5.500030000000001	4.13589	8.70528	8.50911	0.58672	0.0	0.0	0.0
Node 71		2.90619	4.20004	8.98705	8.624410000000001	9.40845	4.28199	5.32687	6.026050000000001	2.9571	7.90457	7.82307	6.58723	7.699739999999999	5.57975	7.6644000000000005	6.309159999999999	4.32585	4.84943	8.2325	0.0	0.0	0.0	0.0
Node 158		3.1152699999999998	5.657439999999999	6.90745	7.25253	8.09875	3.87335	4.0686800000000005	2.98521	1.9301599999999999	6.0602599999999995	8.02009	4.91333	4.92755	2.5919600000000003	0.53181	6.26912	4.87224	4.296740000000001	6.64845	1.51708	0.0	0.0	0.0
Node 68		3.72284	3.18464	4.1607400000000005	5.50313	7.5558700000000005	2.96958	7.23613	5.44724	4.09774	9.356720000000001	6.18392	4.1288100000000005	4.4412199999999995	4.38901	3.1029	4.72316	4.36068	5.927099999999999	5.63801	0.0	0.0	0.0	0.0
Node 176		3.3107200000000003	4.17543	1.6029499999999999	6.01172	8.77537	2.6743699999999997	7.1015	6.37265	7.75651	9.76821	5.8599499999999995	6.50607	6.87526	4.818	6.637759999999999	8.36801	5.4990499999999995	8.283150000000001	6.04725	1.86121	0.0	0.0	0.0
Node 183		3.3272700000000004	3.9496900000000004	6.813809999999999	9.53189	6.4994700000000005	3.5517100000000004	6.731669999999999	8.30834	7.14736	8.935659999999999	2.57897	7.063129999999999	3.29874	5.82606	7.0543700000000005	6.6188899999999995	5.62709	8.345320000000001	4.65308	0.9308500000000001	0.0	0.0	0.0
Node 99		2.2063699999999997	4.488169999999999	5.12841	6.45611	6.07872	2.97133	5.33861	3.96739	3.9233700000000002	4.88087	3.2746699999999995	8.08866	2.10939	3.87831	5.25218	3.56509	5.05894	3.7263699999999997	5.1857	2.52942	0.0	0.0	0.0
Node 93		3.44895	3.93963	9.76696	5.0876600000000005	3.8868300000000002	7.09523	2.63041	7.604279999999999	5.73192	7.347969999999999	1.66425	5.83326	5.36011	3.98618	5.12036	1.47508	5.76568	3.1048	6.3779	0.0	0.0	0.0	0.0
Node 89		4.82375	3.4535400000000003	7.17184	4.01526	8.8405	3.98906	2.40865	4.56359	2.8645899999999997	3.4766	6.71812	2.9368700000000003	5.26588	4.1466	3.4649600000000005	3.45693	4.4101099999999995	1.47448	4.50448	1.5985699999999998	0.0	0.0	0.0
Node 155		8.950890000000001	1.44477	7.62274	8.652519999999999	5.822970000000001	2.35024	7.58643	4.08998	4.92424	7.0255399999999995	5.72377	4.65231	5.7215	0.6712199999999999	8.81468	1.54602	2.42461	5.242850000000001	5.66841	0.0	0.0	0.0	0.0
Node 167		2.359	5.8442300000000005	2.7112600000000002	3.6022899999999995	8.70955	3.13597	3.57824	3.7850200000000003	5.04732	0.0	4.8089699999999995	6.07014	3.91508	1.6039700000000001	8.37994	3.17064	4.68744	3.7180999999999997	7.250280000000001	1.71893	0.0	0.0	0.0
Node 131		5.95422	2.23789	6.0401299999999996	6.42858	3.94311	2.1889499999999997	6.96375	6.32178	4.55872	8.41072	7.48654	6.36786	5.88503	7.48025	5.22351	5.2268	4.7485800000000005	10.391259999999999	5.94038	2.64978	0.0	0.0	0.0
Node 147		5.85344	2.93818	6.65632	6.61941	4.1027000000000005	3.11474	5.51124	3.7879000000000005	3.6054500000000003	6.29585	4.74535	5.497450000000001	6.2197700000000005	5.17926	4.92808	4.4124099999999995	4.67613	8.44247	5.20508	1.3752900000000001	0.0	0.0	0.0
Node 145		3.52879	8.8355	8.54179	8.485570000000001	5.71112	6.94431	4.65114	6.17294	6.0731	4.44342	4.1626900000000004	1.16539	6.725630000000001	7.057910000000001	4.8640799999999995	3.1469700000000005	5.4575499999999995	0.50722	5.45596	2.67121	0.0	0.0	0.0
Node 6		2.1683999999999997	5.72844	2.9763	8.957980000000001	3.8834800000000005	3.6500600000000003	7.752090000000001	6.52957	2.63655	4.524	5.02871	6.05269	5.69204	3.5923700000000003	7.13795	3.411	4.67013	8.53124	5.43468	0.9303600000000001	0.0	0.0	0.0
Node 18		5.914210000000001	2.86212	7.57622	6.00413	4.91672	2.8306	3.6034200000000003	6.36987	6.9162	6.98918	7.15158	1.2170999999999998	6.58835	3.8931	5.6630899999999995	5.2217	4.972440000000001	5.99257	2.1434100000000003	2.30565	0.0	0.0	0.0
Node 56		5.24289	2.07079	9.691569999999999	5.7367300000000006	7.010529999999999	6.06829	4.42843	7.736859999999999	6.0275099999999995	4.8034300000000005	5.381679999999999	2.13653	8.56984	2.80164	5.60274	2.37105	9.330779999999999	5.605029999999999	4.0816	2.30565	0.0	0.0	0.0
Node 143		6.08061	1.5024600000000001	5.41854	5.954079999999999	7.31531	2.2782	9.1182	5.4818	6.57334	6.14633	2.10423	2.7979	4.0010200000000005	5.30938	10.038070000000001	6.865830000000001	7.8666	7.703930000000001	4.48953	3.45978	0.0	0.0	0.0
Node 156		5.9334999999999996	4.70579	6.3756900000000005	4.877129999999999	5.53354	3.2321799999999996	6.43016	6.89592	4.6794	7.56014	2.5729800000000003	3.3847	4.06396	5.24113	7.69134	4.02816	7.5600700000000005	5.3718200000000005	8.296380000000001	1.51757	0.0	0.0	0.0
Node 41		4.18455	8.93913	7.7366	9.57427	11.177529999999999	3.8645300000000002	4.258859999999999	4.33548	4.5858099999999995	5.80115	8.944	5.67758	3.0315000000000003	6.08979	8.261050000000001	6.595719999999999	10.92694	6.331860000000001	4.2367	2.32708	0.0	0.0	0.0
Node 161		4.41165	2.8819500000000002	4.22337	3.1715100000000005	5.88604	2.53849	5.99573	2.8228	3.5338300000000005	7.879	8.11455	3.3762	10.00168	4.73841	5.93206	4.92652	3.1301099999999997	6.68511	5.99778	1.74085	0.0	0.0	0.0
Node 136		7.40918	2.02305	4.300269999999999	7.90151	8.095040000000001	7.51849	6.0513900000000005	5.1859	6.22828	7.97455	0.72	7.74858	6.55221	4.93744	4.407500000000001	3.9873899999999995	4.26811	4.26807	5.57756	0.7885700000000001	0.0	0.0	0.0
Node 122		4.09531	3.93533	4.7873	5.84208	6.399539999999999	3.9789499999999998	5.7580800000000005	4.14262	0.67434	6.182370000000001	6.38527	1.13132	3.83162	6.03167	6.016570000000001	4.54262	4.4125499999999995	7.301920000000001	4.54388	1.3752900000000001	0.0	0.0	0.0
Node 33		4.29623	4.55314	3.95173	7.71708	5.93492	1.4816	3.6118699999999997	4.46918	4.62557	6.41366	2.8329	6.057329999999999	7.37562	4.48742	6.825209999999999	3.3203499999999995	6.02789	4.01858	5.51567	1.71942	0.0	0.0	0.0
Node 81		6.902419999999999	0.0	6.67131	3.45243	7.8894400000000005	3.12665	5.95803	3.0298499999999997	4.1899	9.07142	6.0003899999999994	3.87166	5.7044999999999995	3.2528599999999996	4.67105	3.70677	4.57179	3.1295	2.97329	0.7885700000000001	0.0	0.0	0.0
Node 138		6.34793	4.54246	7.00023	4.512370000000001	7.92798	6.4235	3.83485	5.01337	5.57509	7.642250000000001	2.49026	6.99018	6.570679999999999	5.16357	8.17876	3.4068500000000004	8.01433	7.50296	6.15836	0.0	0.0	0.0	0.0
Node 181		5.58909	4.18324	3.12548	5.75505	10.99566	5.39897	5.06689	4.29362	4.14143	9.0261	3.35239	3.23152	5.20997	3.33647	6.60129	4.95158	3.89968	4.1829	5.48133	1.74085	0.0	0.0	0.0
Node 62		5.31155	6.361219999999999	6.61259	8.897639999999999	4.82545	1.31469	3.42236	4.9885	7.64366	6.79415	5.752199999999999	3.61073	6.44826	4.0396	7.439900000000001	6.09868	4.39456	3.91619	3.2512	0.8099999999999999	0.0	0.0	0.0
Node 57		2.33979	7.4323500000000005	5.10691	6.07111	5.3855	2.26021	5.49756	5.26062	3.4976599999999998	9.53063	9.41545	2.44031	1.83608	5.49714	3.47199	3.08806	5.70744	5.82272	4.519299999999999	1.5985699999999998	0.0	0.0	0.0
Node 25		3.05326	1.5889400000000002	7.684340000000001	4.351109999999999	10.03243	0.6086699999999999	3.64655	5.88161	4.58941	8.08438	5.00996	4.43676	6.3653	7.151680000000001	6.86254	6.649710000000001	4.50752	5.12742	6.11533	0.7885700000000001	0.0	0.0	0.0
Node 149		1.99003	4.08784	3.08452	8.52305	9.28953	2.31075	3.05642	4.98157	2.29389	7.61686	0.0	7.2313	3.10094	4.4642599999999995	5.61206	3.8528800000000003	5.818099999999999	5.15266	0.7859100000000001	3.1161399999999997	0.0	0.0	0.0
Node 141		2.88001	4.64081	5.10691	6.659619999999999	8.97122	2.51102	3.62202	7.892939999999999	3.7915900000000002	7.57196	7.0148600000000005	2.58966	3.35165	3.70796	7.99703	4.67749	3.07179	7.6710899999999995	7.401280000000001	0.0	0.0	0.0	0.0
Node 164		8.65689	3.64012	6.70406	7.59941	9.018080000000001	3.02611	3.1262900000000005	1.93469	4.31673	8.22297	8.50352	3.84339	7.602589999999999	1.22802	6.10869	4.11773	7.510129999999999	7.405530000000001	4.23483	1.3967200000000002	0.0	0.0	0.0
Node 104		3.59185	3.91735	5.7440999999999995	4.73508	9.082519999999999	5.10037	5.17951	7.5959200000000004	3.7420099999999996	7.73432	8.06224	4.01329	6.815200000000001	4.026409999999999	9.25454	2.21767	5.38697	4.933590000000001	7.25987	0.58672	0.0	0.0	0.0
Node 17		2.9402	2.30457	4.75495	9.83397	6.8493200000000005	5.9808	6.714119999999999	4.60812	3.43693	8.86357	4.7588	6.08423	6.74856	3.30151	7.99373	7.3191999999999995	6.62179	5.05801	0.7976099999999999	1.71942	0.0	0.0	0.0
Node 152		3.7269900000000002	6.5776699999999995	7.07962	3.0172600000000003	7.0955900000000005	5.42215	4.5182	3.14632	2.73701	7.444109999999999	6.8051200000000005	4.07404	4.76833	3.1476499999999996	8.53489	4.11979	5.53341	4.48341	8.039290000000001	1.71942	0.0	0.0	0.0
Node 60		1.9907299999999999	7.89525	7.31517	4.74196	10.07901	5.37056	1.37262	6.93135	4.4355199999999995	8.03673	6.6806	5.47872	9.82176	2.9556099999999996	6.92919	2.3627700000000003	4.15827	6.8610500000000005	6.101369999999999	0.8099999999999999	0.0	0.0	0.0
Node 170		4.26724	5.47586	6.44885	6.493939999999999	4.9025300000000005	6.21051	3.51015	4.31416	4.77384	5.70383	7.00012	4.63535	8.80748	5.15479	4.44262	3.82411	4.69916	10.10629	1.6359700000000001	2.52942	0.0	0.0	0.0
Node 27		6.77789	4.29976	2.0972399999999998	8.8113	7.01712	3.6850599999999996	2.2752600000000003	4.52884	2.8352399999999998	8.1915	5.90027	4.6638	5.33563	7.14505	5.16542	5.68235	6.01119	4.6941999999999995	6.08197	0.0	0.0	0.0	0.0
Node 115		3.75031	9.58736	6.77309	5.54856	3.4832099999999997	4.23305	5.61546	6.989059999999999	2.99444	7.39652	7.000240000000001	5.19198	7.01589	5.18027	5.589	8.79742	7.0818900000000005	5.46755	7.45975	0.7885700000000001	0.0	0.0	0.0
Node 31		6.16769	3.6544100000000004	1.50299	8.12602	9.35047	3.14003	6.45804	6.07908	3.80946	8.30594	4.32512	2.95005	5.45581	3.15434	2.9277100000000003	9.06775	8.05907	2.94839	6.78951	1.51757	0.0	0.0	0.0
Node 40		4.41153	4.83775	7.56776	6.10128	6.51556	2.09027	6.16958	4.9386399999999995	3.17809	8.561539999999999	4.70239	4.68499	6.263000000000001	4.159949999999999	9.03187	5.31649	5.47517	8.742379999999999	4.4954	0.7885700000000001	0.0	0.0	0.0
Node 146		2.86233	2.16108	6.10259	7.39204	3.78014	2.54379	6.6862900000000005	5.50915	6.55157	7.40484	7.45651	3.9622699999999997	7.44335	6.10096	7.920240000000001	1.50578	6.703	3.29672	5.27318	1.3752900000000001	0.0	0.0	0.0
Node 162		8.24581	6.643110000000001	6.52216	8.49399	10.20481	2.15062	8.693480000000001	5.31412	4.90686	4.648490000000001	3.2818300000000002	5.97132	5.43807	4.0872	5.87101	3.7312	11.7197	4.3469500000000005	5.95041	2.32708	0.0	0.0	0.0
Node 22		5.2261299999999995	2.4506	10.801910000000001	7.30103	8.45963	2.27388	5.76511	5.7306099999999995	3.57016	6.7083900000000005	2.5635000000000003	2.5247599999999997	5.9744600000000005	6.9899000000000004	6.84978	3.6078	0.76916	4.95021	2.22715	1.5985699999999998	0.0	0.0	0.0
Node 14		4.9911200000000004	5.17783	8.47502	6.857050000000001	6.77548	3.64765	5.21462	8.03162	6.19037	12.07483	3.40834	7.121700000000001	4.81558	2.74023	5.83456	3.50472	5.20256	5.80694	4.28898	0.8099999999999999	0.0	0.0	0.0
Node 100		5.981680000000001	3.06854	5.1563	5.76743	4.01983	1.7403600000000001	7.9750000000000005	4.41887	4.51478	9.22978	5.00478	9.789480000000001	4.804880000000001	4.13985	10.88505	4.04366	4.65055	6.18931	8.23171	1.3752900000000001	0.0	0.0	0.0
Node 46		7.57093	0.7501599999999999	6.3373	5.22269	5.870489999999999	6.01382	4.08858	2.45059	4.92682	10.37387	5.15212	2.5483	5.66757	5.5984	7.77117	6.19713	6.68912	6.0711	7.122240000000001	0.8099999999999999	0.0	0.0	0.0
Node 44		5.97546	3.9745000000000004	5.36484	10.24902	9.20416	3.5842600000000004	4.82434	4.24033	2.81534	7.942019999999999	7.23057	2.47157	7.7356	1.39292	5.29269	4.91942	5.908250000000001	8.67744	5.54173	0.0	0.0	0.0	0.0
Node 48		5.00246	5.97636	5.77344	2.96813	4.77857	1.28418	2.85929	2.8996299999999997	5.84931	6.32148	3.9046900000000004	4.01647	9.19402	1.4382300000000001	6.7958099999999995	5.60639	6.17227	7.11836	5.186579999999999	1.3752900000000001	0.0	0.0	0.0
Node 1		3.6414799999999996	6.02123	4.32858	5.69425	5.9862400000000004	7.01205	6.5792600000000006	4.29798	3.86974	7.20865	4.92258	2.82588	4.8995	4.25818	4.11798	3.42586	4.06125	6.461250000000001	4.66408	0.9303600000000001	0.0	0.0	0.0
Node 45		3.02132	4.94969	7.69393	5.33828	7.133589999999999	4.53538	4.48245	7.15592	1.61544	11.319849999999999	6.68088	4.734030000000001	3.8663000000000003	8.331819999999999	6.08916	6.61601	3.7031599999999996	4.64282	3.77009	2.18529	0.0	0.0	0.0
Node 7		2.86821	12.38893	3.6521600000000003	10.530000000000001	3.33423	5.8520900000000005	1.9027200000000002	5.7268300000000005	0.9337099999999999	8.4403	2.4325699999999997	3.6898100000000005	8.467030000000001	3.91047	6.297759999999999	6.661169999999999	4.35989	3.88286	3.71108	1.3752900000000001	0.0	0.0	0.0
Node 10		4.83561	7.98181	6.66654	2.36658	5.203060000000001	7.57598	6.57958	6.99845	2.43997	5.31321	5.0892800000000005	4.92224	2.70407	4.9684	7.59679	2.73369	5.240460000000001	8.71126	7.90704	1.71893	0.0	0.0	0.0
Node 95		6.43837	1.36261	6.6111699999999995	8.86773	6.09045	2.86446	4.5151200000000005	6.15553	4.88061	5.14972	6.19277	8.140559999999999	3.9361	4.21776	6.349539999999999	4.49673	5.4792	2.70951	5.22381	0.8099999999999999	0.0	0.0	0.0
Node 24		5.13645	4.80462	4.18234	9.936580000000001	6.91176	4.94956	4.61342	4.296889999999999	3.32584	3.03593	4.23621	5.6607400000000005	5.3444400000000005	5.25549	7.70141	5.50976	6.5854800000000004	7.954210000000001	7.45962	0.0	0.0	0.0	0.0
Node 15		4.93672	0.78625	5.942830000000001	5.10129	6.966500000000001	4.63435	2.78442	5.15216	5.70427	4.46805	5.57292	9.10759	6.40649	3.51449	4.06104	2.2894	4.35575	6.76662	6.9448300000000005	1.3967200000000002	0.0	0.0	0.0
Node 61		4.3548	2.0907	5.8094600000000005	7.09683	8.83342	0.9867000000000001	3.3194099999999995	3.5356699999999996	4.41966	6.779050000000001	4.10409	6.36786	4.74417	6.80912	11.2591	3.1670700000000003	3.85976	7.65555	6.97281	0.9303600000000001	0.0	0.0	0.0
Node 30		3.55165	6.254650000000001	5.6770000000000005	1.7422799999999998	7.56913	3.4599199999999994	5.58788	6.32964	7.44616	4.66851	5.71298	3.4710900000000002	6.784260000000001	7.004449999999999	3.9234699999999996	6.6469700000000005	5.92387	6.2972600000000005	6.429930000000001	0.0	0.0	0.0	0.0
Node 140		6.17586	6.9703	3.90733	10.05683	6.07669	1.9220899999999999	4.15175	5.8370999999999995	2.74181	6.09413	7.25981	7.55349	3.7533999999999996	5.03369	6.90533	6.50207	3.50114	4.7905999999999995	6.833400000000001	0.7885700000000001	0.0	0.0	0.0
Node 64		7.22699	2.8205	7.62644	9.71585	7.1101399999999995	3.7356	5.13273	6.4997799999999994	7.03046	10.24648	6.27412	3.41859	6.817620000000001	7.85252	6.4122200000000005	6.03064	7.25716	6.49772	6.606439999999999	0.0	0.0	0.0	0.0
Node 28		2.64444	2.4410000000000003	4.33024	5.37186	7.37246	4.4782399999999996	4.89057	4.9391	4.85673	5.90115	6.90974	6.21412	4.07746	5.00331	6.87997	5.46305	4.72109	6.336329999999999	8.20678	0.0	0.0	0.0	0.0
Node 127		0.0	4.16288	7.45194	9.8479	4.25519	4.525110000000001	6.45078	4.53912	3.12541	10.46839	3.78125	6.540690000000001	4.7771300000000005	7.8238900000000005	5.40386	6.09846	6.15106	8.09913	6.05415	0.58672	0.0	0.0	0.0
Node 34		4.72011	2.7921899999999997	7.34751	6.953729999999999	6.38875	5.47604	5.89958	3.1966	5.87711	5.01403	2.5528	10.43232	5.61627	5.64347	4.60876	3.8535899999999996	6.13636	6.07824	1.29705	0.9303600000000001	0.0	0.0	0.0
Node 16		4.81634	9.035029999999999	7.98923	3.27234	7.209820000000001	2.1663200000000002	5.52708	5.07709	5.96941	3.93712	6.22323	4.19588	4.33862	3.99993	2.88729	3.11969	5.114719999999999	5.6716299999999995	9.68923	0.0	0.0	0.0	0.0
Node 36		4.21531	2.50749	7.05451	6.4994	6.4483	4.1459	5.55338	3.12182	5.93555	6.1849099999999995	4.46725	3.91992	6.627089999999999	3.0408299999999997	6.6432400000000005	5.66536	6.66736	2.65426	4.9383799999999995	1.7403600000000001	0.0	0.0	0.0
Node 128		6.3506599999999995	6.51823	7.462530000000001	7.13471	7.19911	1.6016800000000002	1.41676	4.39763	5.48513	3.8571	6.18446	6.300749999999999	1.9834	5.67186	6.904050000000001	2.72442	5.04596	2.5755	4.92225	0.9303600000000001	0.0	0.0	0.0
Node 196		3.6166799999999997	2.97596	3.42359	1.33039	7.57067	1.7067999999999999	6.56696	5.66507	8.1359	10.37314	4.23407	4.89949	3.87485	7.18209	3.5823099999999997	5.57177	6.18956	1.90528	7.772460000000001	1.71893	0.0	0.0	0.0
Node 29		7.07232	4.9667900000000005	4.08378	5.5606599999999995	5.26277	4.56086	6.634379999999999	6.3250399999999996	8.2202	9.1359	3.9907	4.03278	6.287850000000001	3.2555599999999996	4.58841	6.04532	6.1412	7.42293	5.02484	2.67121	0.0	0.0	0.0
Node 79		4.51295	2.23789	6.4875799999999995	3.62802	7.101590000000001	3.91033	3.74442	5.9661100000000005	6.35675	6.6033599999999995	7.72261	2.04331	8.17812	5.68677	6.31512	5.37821	4.15878	4.85619	5.06273	1.74085	0.0	0.0	0.0
Node 9		3.3070000000000004	6.73942	1.5596999999999999	4.306780000000001	6.65785	4.43365	3.82633	6.09269	4.20878	9.151760000000001	11.73246	2.09837	6.06205	4.27508	5.102580000000001	3.6892899999999997	5.15404	5.6019	10.76794	0.58672	0.0	0.0	0.0
Node 37		1.5652	3.20443	3.2401600000000004	3.31133	8.73198	0.88158	4.75698	5.27217	5.38046	8.55993	8.84611	3.41957	3.17003	6.58641	4.77768	6.20097	5.67785	6.04412	2.55549	0.0	0.0	0.0	0.0
Node 111		3.7122200000000003	8.44398	3.17014	2.06114	8.04004	4.00091	5.07835	3.44263	6.85244	7.47568	3.92375	4.03986	4.37293	3.08889	5.59056	3.43842	5.46401	7.96743	3.8955499999999996	1.51708	0.0	0.0	0.0
Node 169		2.8724800000000004	5.0081500000000005	7.51396	5.961049999999999	6.2527	4.48597	4.1886399999999995	4.16907	3.72307	5.5271	7.87972	4.36713	6.79928	2.90562	6.6633	6.87	7.9587699999999995	7.15464	3.68157	0.58672	0.0	0.0	0.0
Node 173		4.49223	6.18706	5.68313	4.05235	10.94397	3.7232399999999997	7.82205	6.68486	2.5797	11.78154	2.72864	7.68668	6.02369	0.5127999999999999	7.56476	6.816800000000001	8.162840000000001	4.04102	7.55772	2.18529	0.0	0.0	0.0
Node 192		4.546589999999999	6.27351	8.04538	7.50954	7.50221	7.21256	6.85632	4.95572	5.1754	6.56965	5.77668	2.3944199999999998	4.25694	4.75892	6.95704	2.24877	4.66791	4.51985	7.2705400000000004	1.5985699999999998	0.0	0.0	0.0
Node 74		8.29961	5.12317	5.47485	10.100190000000001	10.96755	3.80046	6.06582	5.24397	5.22418	7.647679999999999	8.88093	3.9244000000000003	3.78786	1.7503000000000002	5.75642	7.40737	5.57399	7.650329999999999	9.447899999999999	1.7403600000000001	0.0	0.0	0.0
Node 78		2.2063699999999997	5.95612	7.048640000000001	6.88137	6.25922	3.16573	3.59563	0.7124199999999999	8.82671	6.45548	6.064039999999999	4.20252	3.17221	5.73378	3.00307	1.4401000000000002	5.73411	4.33472	4.09903	2.18529	0.0	0.0	0.0
Node 172		2.1755199999999997	2.81527	5.34553	8.45475	1.6687899999999998	2.59092	6.45564	5.28806	2.73701	7.49404	2.11005	7.72089	5.3625300000000005	5.99958	4.0813500000000005	6.4606200000000005	0.73449	8.04685	4.77358	1.51757	0.0	0.0	0.0
Node 175		4.58059	4.97819	3.70387	8.65287	4.0048	4.89895	3.7051	10.10813	1.6208	9.33088	8.69686	6.48647	4.14645	1.22802	3.00744	4.477720000000001	3.00206	1.89394	4.0955699999999995	1.3967200000000002	0.0	0.0	0.0
Node 103		8.67213	2.8422099999999997	5.7082	6.850340000000001	7.584169999999999	5.26388	3.70156	9.4567	8.40169	5.56369	5.611059999999999	7.245119999999999	4.91242	4.90653	7.5057	3.90161	4.20852	3.52431	5.7171	0.9308500000000001	0.0	0.0	0.0
Node 123		3.69908	3.68061	3.42987	8.805530000000001	8.81744	6.51781	4.6901600000000006	3.34198	7.201960000000001	7.687380000000001	7.91445	2.13023	4.49515	4.2028099999999995	0.7491300000000001	6.276470000000001	4.55011	5.28226	7.479760000000001	1.51708	0.0	0.0	0.0
Node 97		4.39209	2.84336	5.8606300000000005	4.56136	7.31309	3.17438	6.90955	4.31861	5.05011	6.20543	4.32848	3.56165	6.478000000000001	5.93801	7.60467	3.87737	2.52179	7.31251	8.13249	0.0	0.0	0.0	0.0
Node 4		3.0734500000000002	8.062479999999999	4.38171	3.18117	6.35362	4.66611	6.0647	2.67152	5.69402	6.281829999999999	7.11994	4.41238	2.91135	3.7240200000000003	4.53744	6.37162	4.76582	6.2614600000000005	3.26735	0.9303600000000001	0.0	0.0	0.0
Node 102		4.27527	4.11426	3.8491	3.9089600000000004	4.72196	6.4064700000000006	3.07939	4.98512	3.57421	2.47986	6.557309999999999	0.73577	8.48974	5.49252	7.716290000000001	3.0632699999999997	5.97459	5.018000000000001	4.20167	0.0	0.0	0.0	0.0
Node 121		7.60599	9.125	7.32341	5.84471	1.65294	5.38123	5.37565	4.42159	6.04777	8.07687	2.83248	5.87151	5.51276	4.68651	3.55769	3.33089	6.97136	1.60148	3.13198	0.0	0.0	0.0	0.0
Node 126		6.00614	5.35893	5.23234	5.67525	5.34833	3.55207	5.026479999999999	2.97164	5.28989	7.79558	6.81835	6.08708	7.242750000000001	3.92391	6.0250699999999995	2.23541	6.71832	3.9970499999999998	6.13297	0.0	0.0	0.0	0.0
Node 160		3.54963	5.46167	5.6333	5.78418	6.83523	5.48975	5.85337	5.67274	7.30878	5.46379	2.98421	4.97321	5.42336	3.8215899999999996	6.344869999999999	3.45709	8.81267	4.48912	4.879	0.0	0.0	0.0	0.0
Node 133		2.7867200000000003	7.097480000000001	4.21796	4.23349	8.88376	5.5284699999999996	4.97753	5.5600499999999995	5.73801	6.489190000000001	5.23044	3.26535	5.33002	3.24015	6.12686	7.176209999999999	4.447220000000001	6.484769999999999	4.26319	0.9303600000000001	0.0	0.0	0.0
Node 54		2.7068	5.3361	6.540500000000001	5.36452	8.59249	4.54508	5.3247599999999995	6.97367	6.32518	6.5475699999999994	5.465070000000001	4.38973	6.70288	5.57565	7.44968	5.2685200000000005	9.71892	2.44962	8.17888	0.8099999999999999	0.0	0.0	0.0
Node 130		4.23761	3.8529500000000003	7.95376	5.00985	4.38649	5.99789	8.82038	4.005050000000001	4.92483	2.52411	6.56166	9.96101	9.05608	3.37685	5.82274	3.94339	8.99602	5.19567	5.115080000000001	3.25793	0.0	0.0	0.0
Node 135		7.96921	3.77863	5.09767	5.19588	4.14655	2.28829	6.56711	9.82045	7.565040000000001	8.147780000000001	4.00305	4.36264	3.5104499999999996	4.74967	1.98155	6.563860000000001	4.85881	6.846380000000001	3.8337999999999997	0.7885700000000001	0.0	0.0	0.0
Node 185		3.74457	4.6722600000000005	3.19567	6.2996300000000005	5.6733	1.22466	2.78491	4.35621	4.75021	7.5964100000000006	3.75693	2.80006	7.97356	2.69639	5.13174	7.0814	4.20242	5.65987	6.5976300000000005	0.0	0.0	0.0	0.0
Node 101		4.31186	3.32251	3.53535	3.2667	8.524859999999999	1.55709	4.42295	3.03086	5.16695	10.090499999999999	4.31115	4.68198	5.31283	4.36159	5.535360000000001	4.9784500000000005	4.01152	8.43115	5.04734	0.8099999999999999	0.0	0.0	0.0
Node 186		2.57284	5.54986	6.996620000000001	5.14734	7.66876	4.59415	9.66294	4.73546	3.17094	7.46888	0.93385	6.73714	7.90525	5.55605	8.414349999999999	4.06068	6.52818	5.000629999999999	4.5119	3.11565	0.0	0.0	0.0
Node 38		5.87399	7.575659999999999	0.9823200000000001	5.75757	5.82164	1.52619	6.678679999999999	5.69666	2.90083	0.0	6.4306600000000005	3.57665	3.86227	3.28304	5.94426	3.70677	0.9007299999999999	2.3395200000000003	7.44238	1.3967200000000002	0.0	0.0	0.0
Node 70		4.32479	5.85405	5.47676	5.91986	6.490029999999999	4.45066	3.9698900000000004	1.48443	2.18358	2.1276300000000004	4.65661	5.71403	2.38828	7.627680000000001	5.63662	2.94554	6.47687	4.58869	5.12237	0.0	0.0	0.0	0.0
Node 5		1.37026	4.14884	6.966010000000001	4.51913	7.74673	4.55618	2.4250399999999996	8.93065	6.17935	6.852189999999999	6.9562	4.3813699999999995	3.86672	3.14747	9.94732	4.6382	3.78601	4.82215	9.46187	0.0	0.0	0.0	0.0
Node 67		3.68947	7.9838000000000005	2.51765	9.20677	2.6104	3.0810500000000003	5.82944	4.429530000000001	5.5353699999999995	4.394909999999999	4.47307	7.824299999999999	4.783119999999999	8.92407	5.95612	3.09882	4.7483200000000005	1.9516200000000001	6.11057	1.71893	0.0	0.0	0.0
Node 2		3.04015	6.51225	2.3745100000000003	6.61668	2.14102	6.1840399999999995	7.73615	5.7471000000000005	4.05396	11.767610000000001	3.80606	5.7708200000000005	5.91094	2.04681	5.9280800000000005	4.06679	3.97396	4.3805	1.27529	1.7403600000000001	0.0	0.0	0.0
Node 21		6.20906	0.69301	5.48948	7.31913	10.638630000000001	3.07679	8.08346	4.60262	4.1529799999999994	6.735670000000001	1.6955000000000002	4.164000000000001	4.46215	5.870299999999999	4.02669	6.369070000000001	5.54871	3.7567999999999997	7.730289999999999	1.7403600000000001	0.0	0.0	0.0
Node 86		3.72686	7.96834	8.26722	6.79039	4.38421	2.79271	9.16659	2.7286799999999998	6.519	6.44575	8.250490000000001	5.61422	4.96263	3.6020700000000003	5.28861	4.70131	5.50148	3.99579	6.1662799999999995	0.7885700000000001	0.0	0.0	0.0
Node 112		5.15375	0.69301	3.6822	6.601609999999999	3.83705	4.72896	2.75445	4.39339	2.98951	10.81391	2.37465	3.10836	8.482000000000001	3.99746	4.8998	5.6803	3.8746	4.16285	6.96332	1.3752900000000001	0.0	0.0	0.0
Node 42		8.49072	3.14579	5.05556	11.78588	5.8625	4.66577	4.69513	4.23403	2.6176600000000003	6.62026	4.35154	5.38366	6.103129999999999	6.16353	5.12627	3.08602	5.36116	4.287	3.61865	2.64978	0.0	0.0	0.0
Node 58		3.02101	5.78944	3.98786	8.51308	8.05066	3.5956599999999996	2.6100000000000003	4.9926900000000005	3.6783900000000003	1.50408	6.39718	3.35345	6.0317099999999995	4.20976	7.20342	5.69555	6.69245	1.24526	8.74507	1.51757	0.0	0.0	0.0
Node 195		9.28944	7.3187	4.27461	7.0685	2.0197	3.64347	6.423189999999999	5.38464	3.42681	6.495620000000001	7.620259999999999	4.72458	6.582159999999999	6.10281	2.62195	3.9877700000000003	9.06103	2.94977	7.344779999999999	2.30614	0.0	0.0	0.0
Node 3		4.66775	6.9117999999999995	6.01683	5.04451	5.32371	4.95421	4.12711	5.05769	6.799479999999999	9.125350000000001	8.18312	5.33975	5.66662	3.6890899999999998	0.0	4.37278	4.71514	6.75413	5.96951	1.71942	0.0	0.0	0.0
Node 75		6.261990000000001	7.71327	6.00913	9.63616	6.53507	2.65383	4.60254	4.15613	5.51115	8.228539999999999	2.83237	3.0603499999999997	6.685480000000001	1.89143	8.99487	4.51819	5.82845	6.375840000000001	4.0212699999999995	2.52893	0.0	0.0	0.0
Node 65		5.19706	6.88154	7.430580000000001	6.0724599999999995	4.67459	9.508049999999999	4.52154	4.689299999999999	7.57502	4.93307	4.22297	5.60541	5.33889	4.14087	6.097289999999999	4.54436	6.448869999999999	6.02647	7.71131	0.58672	0.0	0.0	0.0
Node 113		2.19349	8.5742	1.96873	4.8819	6.71311	5.61778	6.20117	6.22754	1.35203	4.27588	7.01948	3.7655000000000003	3.03401	2.93832	4.60769	6.38709	7.66343	6.462289999999999	5.98536	0.9308500000000001	0.0	0.0	0.0
Node 132		6.761449999999999	3.67507	5.31909	3.7914700000000003	7.42203	6.275119999999999	3.4057299999999997	4.09307	4.75822	8.25839	5.53512	6.23156	5.53755	4.126670000000001	3.10135	3.27847	3.3918700000000004	9.11018	6.315790000000001	0.7885700000000001	0.0	0.0	0.0
Node 168		5.005459999999999	5.088850000000001	6.5856200000000005	7.02806	8.45086	4.87796	1.81359	6.61106	3.56073	1.07724	8.04833	3.6249000000000002	6.16742	3.3486700000000003	6.92868	3.1891000000000003	5.30371	6.267150000000001	9.07715	0.9308500000000001	0.0	0.0	0.0
Node 90		7.33295	7.1167	5.01011	7.74281	7.20209	3.76845	8.03723	3.6845700000000003	3.48414	6.525449999999999	5.87385	3.24783	2.16494	6.03154	6.566859999999999	7.76989	0.8055899999999999	6.51935	5.42085	0.0	0.0	0.0	0.0
Node 125		8.036200000000001	8.551590000000001	6.809709999999999	4.18282	3.95422	5.4597	1.12859	4.81449	3.7395400000000003	7.12854	7.71156	3.30125	6.22691	7.31438	9.09039	4.927490000000001	6.85108	3.4459700000000004	6.11181	0.9308500000000001	0.0	0.0	0.0
Node 23		3.2901	3.35248	4.9658500000000005	1.57299	6.24447	3.01745	2.20132	4.39763	7.9737100000000005	7.467319999999999	3.8730100000000003	4.1190999999999995	4.601999999999999	4.51775	7.404819999999999	2.33211	4.0703700000000005	7.0069099999999995	3.7956200000000004	3.11565	0.0	0.0	0.0
Node 119		2.69029	3.51377	8.12576	9.05817	2.49436	5.63932	9.8691	5.95708	4.963010000000001	2.4954899999999998	9.579450000000001	5.35649	5.3516	5.6823	5.0183	3.55011	4.127949999999999	4.98285	5.95858	0.0	0.0	0.0	0.0
Node 165		1.9805799999999998	5.090920000000001	6.378259999999999	6.78177	5.58718	3.05834	7.510409999999999	7.34804	3.43426	2.75683	8.22105	3.4314999999999998	4.1817	7.36463	3.2564999999999995	6.85591	5.4148000000000005	4.63975	3.01906	0.9303600000000001	0.0	0.0	0.0
Node 144		3.5188200000000003	2.08712	5.21182	3.1567199999999995	5.31712	1.98288	4.84109	2.78905	3.17281	6.527189999999999	4.07894	3.2775199999999995	7.71757	4.9696299999999995	6.43975	5.47063	6.89259	7.589379999999999	3.9738	2.67121	0.0	0.0	0.0
Node 83		5.1605	4.9991	1.70673	3.85757	5.1773	3.08071	4.62719	6.23665	3.7654	6.65278	8.23848	8.21075	2.63226	5.257350000000001	4.75995	3.69418	6.48931	1.369	5.6268899999999995	0.9308500000000001	0.0	0.0	0.0
Node 94		4.124429999999999	6.260599999999999	4.97795	10.142470000000001	8.20091	3.93511	4.59737	4.01523	7.295640000000001	12.36771	4.768660000000001	2.9820200000000003	5.745979999999999	6.47196	4.9928300000000005	8.26904	2.4506900000000003	7.37169	5.36724	1.71893	0.0	0.0	0.0
Node 12		5.3901200000000005	5.73382	7.63442	7.93565	9.52184	3.1253	5.20383	2.47994	4.10892	8.140740000000001	3.66296	7.170940000000001	5.84903	5.97627	5.262639999999999	4.97052	5.84748	5.65318	3.65963	0.7885700000000001	0.0	0.0	0.0
Node 49		6.7979899999999995	4.6916199999999995	7.552059999999999	5.15714	10.05363	4.3606300000000005	1.3210899999999999	5.8803	6.606819999999999	6.58741	4.44974	7.02532	8.59136	0.98681	7.6149700000000005	3.8326100000000003	7.62616	1.9375	2.4612700000000003	1.71893	0.0	0.0	0.0
Node 50		6.54961	6.45952	9.45426	6.3436	9.26583	3.92982	4.35466	6.61335	6.1547600000000005	8.32047	6.26116	3.72478	4.96949	5.16201	5.45531	7.95998	7.190829999999999	8.150870000000001	4.26018	0.0	0.0	0.0	0.0
Node 77		5.18274	2.26483	4.77918	7.70856	6.86398	0.88158	4.38415	4.7457199999999995	4.43371	6.23964	6.69381	6.2017500000000005	8.208540000000001	2.97977	4.52663	6.1803	7.72327	7.0767999999999995	6.2853900000000005	0.8099999999999999	0.0	0.0	0.0
Node 193		2.41785	3.00925	5.880520000000001	5.6296	5.44556	6.99988	2.84508	4.457450000000001	3.21228	0.0	5.50429	6.31335	4.76468	4.57969	5.01265	4.9888200000000005	4.50642	5.60078	5.03684	2.30565	0.0	0.0	0.0
Node 87		3.56067	4.55551	6.458	5.59019	5.9132299999999995	3.9507100000000004	3.5408799999999996	5.90725	5.55348	5.41212	3.76163	5.00274	6.83952	2.84996	3.18101	6.26637	5.54819	1.44848	4.09609	1.71893	0.0	0.0	0.0
Node 92		7.568809999999999	1.5981800000000002	4.82551	9.440560000000001	9.4381	3.6967	2.812	6.19446	6.36144	7.52845	2.43709	2.38225	2.9564500000000002	4.0297600000000005	8.247630000000001	3.54685	6.83578	5.744	6.055619999999999	2.52893	0.0	0.0	0.0
Node 134		4.6306899999999995	6.585140000000001	3.3347300000000004	4.44532	2.52254	4.84691	5.66626	4.3415099999999995	4.55872	6.58501	3.0450999999999997	1.50452	4.15176	6.07115	6.874810000000001	4.93381	2.9432199999999997	3.17866	6.43388	2.32708	0.0	0.0	0.0
Node 197		7.71544	2.8408599999999997	5.18104	5.93119	4.50206	6.18105	4.23037	6.06487	4.21773	8.33689	5.9642	4.79136	4.1335299999999995	5.33479	6.646380000000001	4.09983	8.90559	8.17385	6.528090000000001	0.0	0.0	0.0	0.0
Node 91		3.10859	2.99292	7.1765	7.61627	5.2861	3.21346	2.75433	6.30269	5.6714899999999995	6.2447	5.42601	4.20745	6.654540000000001	4.1197	9.73965	5.1963099999999995	4.92991	4.99978	3.0086000000000004	3.11565	0.0	0.0	0.0
Node 85		7.20847	4.97349	2.72488	5.1499299999999995	6.663049999999999	5.31562	1.84345	5.76135	4.93726	6.24959	6.94632	4.44621	7.50245	4.20658	4.18471	5.48296	9.17597	3.6587500000000004	5.95994	3.25793	0.0	0.0	0.0
Node 72		0.62047	5.68762	6.43368	4.39081	6.09245	7.8307	3.48953	5.627689999999999	7.90183	8.67989	3.0348300000000004	3.40767	9.32982	4.9334999999999996	8.85502	3.92266	10.70306	7.09719	5.225210000000001	2.30565	0.0	0.0	0.0
Node 194		6.7692000000000005	6.929749999999999	3.08733	8.586829999999999	4.02604	2.8634	3.8682800000000004	5.4546	6.38864	0.9917699999999999	6.59088	7.10455	5.01031	3.9524299999999997	3.2249600000000003	5.62249	6.480650000000001	4.24385	4.70669	2.44793	0.0	0.0	0.0
Node 88		6.1773	1.7151699999999999	7.450850000000001	6.31059	5.69785	2.2557899999999997	6.326460000000001	6.781149999999999	8.236880000000001	5.856999999999999	6.38788	5.04699	3.12754	6.02537	6.1549	4.13673	5.681830000000001	7.653649999999999	2.3163300000000002	2.32708	0.0	0.0	0.0
Node 163		5.5728	8.35923	7.059699999999999	5.43156	6.86625	6.96943	5.653989999999999	7.766960000000001	7.5033900000000004	8.88753	2.71346	8.04854	4.54455	6.89951	3.29836	2.87432	6.92344	6.15693	4.56952	0.58672	0.0	0.0	0.0
Node 182		4.747719999999999	4.38441	4.90238	4.64659	9.25615	5.6106799999999994	6.38967	4.53912	2.42979	7.63249	8.058800000000002	6.19412	8.176210000000001	5.71271	6.9662500000000005	6.522409999999999	6.4886	7.55624	3.72802	2.30565	0.0	0.0	0.0
Node 117		6.7809800000000005	5.73427	5.39595	6.55025	7.49296	5.16449	6.871589999999999	6.41161	5.72724	3.01531	7.13906	4.05269	3.87062	3.54272	3.74817	8.11777	3.76965	3.20327	8.423680000000001	0.7885700000000001	0.0	0.0	0.0
Node 178		7.992159999999999	2.871	2.98048	8.15402	5.77516	3.9194899999999997	3.47159	6.15933	4.8469	7.75074	3.8903399999999997	2.82474	9.77432	8.33511	9.29987	5.15096	6.09195	5.36936	5.39106	1.3967200000000002	0.0	0.0	0.0
Node 154		2.8569299999999997	2.71311	8.74349	7.7076400000000005	9.43733	2.83326	9.401900000000001	4.33148	0.5907199999999999	6.747319999999999	7.460859999999999	3.32292	5.32654	5.54103	2.5927700000000002	4.92646	5.35872	3.3646599999999998	5.68311	1.71893	0.0	0.0	0.0
Node 55		4.64045	6.81548	6.26095	5.46078	8.204039999999999	3.23793	4.17387	5.65745	6.19008	4.1451	8.25266	5.34403	3.4488199999999996	4.9835400000000005	8.52884	4.43712	2.1605499999999997	6.2473399999999994	6.16276	0.9303600000000001	0.0	0.0	0.0
Node 110		6.15859	4.33679	4.09462	6.98029	8.13855	3.20815	8.26299	6.11539	5.92204	9.41586	4.59393	1.51236	5.34202	4.33204	6.67278	7.57682	5.22558	6.16015	5.01352	0.0	0.0	0.0	0.0
Node 13		6.3291200000000005	5.930549999999999	6.69912	3.16524	4.5556	2.16963	4.522869999999999	7.3977699999999995	4.180960000000001	11.36491	10.95107	5.36332	5.20373	2.8893999999999997	4.853890000000001	3.0120999999999998	10.08307	4.48947	5.26736	1.3967200000000002	0.0	0.0	0.0
Node 53		2.36172	4.209510000000001	6.00872	6.76594	9.07653	4.5886700000000005	4.4284799999999995	2.69653	7.12415	2.4874899999999998	4.89172	3.95606	1.89007	3.5313999999999997	10.79483	5.46605	3.02359	8.53896	6.34511	0.7885700000000001	0.0	0.0	0.0
Node 177		6.544129999999999	4.8639399999999995	5.6328499999999995	8.55736	9.06546	4.41439	6.17078	7.99296	3.57421	8.17305	5.63067	3.61955	8.79632	5.86606	4.05913	4.7041699999999995	6.99136	4.91619	7.76366	1.51708	0.0	0.0	0.0
Node 150		7.191409999999999	2.3841	3.22519	3.2175299999999996	5.50704	6.8262100000000006	3.64622	2.38877	5.45261	7.90642	5.73179	5.75574	4.7629600000000005	5.09905	12.7462	5.2452	7.13129	7.00744	7.02714	1.5985699999999998	0.0	0.0	0.0
Node 84		5.257	3.40351	8.53582	7.617939999999999	6.23029	3.48106	8.25641	4.8717999999999995	3.7967099999999996	9.75723	6.05187	4.404170000000001	6.14015	7.91737	5.25078	7.80202	5.18925	12.15504	4.7532499999999995	3.2365	0.0	0.0	0.0
Node 129		3.4904900000000003	6.03118	6.58146	5.312589999999999	8.25325	5.84382	4.46327	5.69754	5.51422	6.8739099999999995	3.5969300000000004	3.54731	6.45049	5.04059	6.7683800000000005	3.0628200000000003	8.268749999999999	9.76332	5.55424	1.71942	0.0	0.0	0.0
Node 107		5.70634	1.11788	4.90085	5.66147	4.93566	5.3175300000000005	8.42232	3.5014700000000003	5.84552	8.947180000000001	4.66423	8.3215	4.678439999999999	4.58237	8.90114	5.87103	7.1364399999999995	6.285540000000001	6.60212	0.9303600000000001	0.0	0.0	0.0
Node 80		1.9499099999999998	7.80971	5.2039599999999995	5.591539999999999	4.6764399999999995	5.15265	6.29354	3.7222	2.30002	7.77403	2.98985	6.58832	5.26345	3.32204	6.71568	3.70037	2.55979	6.736079999999999	6.1532	2.52893	0.0	0.0	0.0
Node 190		3.68901	4.3695699999999995	3.4371199999999997	5.87036	7.9511899999999995	3.3098099999999997	5.11606	2.5814500000000002	2.65957	6.747319999999999	4.15438	8.14699	6.03431	5.0764499999999995	6.337619999999999	2.7876600000000002	5.96032	6.20996	7.47664	1.51757	0.0	0.0	0.0
Node 35		3.8520600000000003	1.42844	7.66236	5.29537	2.9139399999999998	5.2066099999999995	5.743390000000001	8.110430000000001	5.21743	9.01149	5.64353	4.21635	5.38222	4.38253	5.708060000000001	5.386839999999999	2.10008	7.46854	7.7784	0.0	0.0	0.0	0.0
Node 106		6.787039999999999	4.16883	8.29168	5.03453	4.7658	4.7196	4.11413	5.04441	3.9481599999999997	10.540470000000001	8.63946	1.6346699999999998	8.92928	1.75604	5.77417	3.03998	6.69493	6.981529999999999	6.70161	1.71893	0.0	0.0	0.0
Node 76		2.61599	5.815250000000001	9.34062	5.53805	7.7317800000000005	4.77581	4.97831	5.873670000000001	5.901590000000001	5.62796	1.63184	4.18642	5.11967	6.619800000000001	3.7945800000000003	3.66208	5.14097	7.326059999999999	7.56277	0.0	0.0	0.0	0.0
Node 19		2.8316999999999997	8.12346	5.20075	6.34266	5.70156	5.87428	3.6632100000000003	1.75007	3.6872000000000003	7.775459999999999	5.7850600000000005	3.3769899999999997	7.09954	3.1866499999999998	8.04776	4.31733	6.43005	5.15468	4.42735	0.9303600000000001	0.0	0.0	0.0
Node 189		5.3181899999999995	5.61422	5.0780400000000006	6.45519	8.862960000000001	4.59646	5.74545	0.77479	4.07578	8.45909	4.66774	3.99179	5.102679999999999	5.09884	7.72009	2.6639199999999996	6.16374	5.11372	5.38047	3.2365	0.0	0.0	0.0
Node 73		4.50334	1.7026199999999998	9.21659	7.98835	8.85793	5.18177	6.46181	5.70575	2.19119	5.85375	5.71003	4.53585	4.1996899999999995	4.97175	7.03062	5.43725	4.476929999999999	5.66091	3.2959	2.44793	0.0	0.0	0.0
Node 179		4.84519	8.53852	5.80039	6.96213	7.6956	3.73554	7.53063	6.49444	3.92507	6.18699	5.51253	3.63674	5.95503	5.48453	7.34722	5.89565	7.10137	6.09414	5.30964	1.5985699999999998	0.0	0.0	0.0
Node 198		5.32572	4.07984	5.7857199999999995	2.864	7.131079999999999	4.99298	6.264119999999999	7.06987	4.66096	9.11686	5.636159999999999	5.14622	4.72083	4.5376	3.9688099999999995	8.18833	0.76916	7.6335299999999995	6.5495399999999995	0.0	0.0	0.0	0.0
Node 118		4.40725	5.16965	8.27417	5.27438	10.95701	3.73056	7.18364	6.9561399999999995	4.29238	7.01849	3.77792	3.5576999999999996	4.71125	3.26063	2.262	6.78892	0.0	4.46065	5.12146	0.7885700000000001	0.0	0.0	0.0
Node 52		2.00833	4.85501	4.99245	7.124460000000001	6.0158000000000005	3.7691799999999995	3.9272099999999996	4.151210000000001	6.24458	6.37542	6.33923	4.6805	5.44261	6.461500000000001	6.03814	5.98503	7.56239	6.67818	8.19169	2.32757	0.0	0.0	0.0
Node 69		9.43552	4.749280000000001	8.30575	8.96261	7.858859999999999	3.22196	5.50096	4.03098	3.84843	3.811	7.324450000000001	3.40301	7.887320000000001	3.42898	8.94616	2.17197	6.926209999999999	7.86439	5.52281	1.5985699999999998	0.0	0.0	0.0
Node 109		4.97639	4.17788	5.84676	3.55196	9.00793	5.47604	4.21526	2.28036	4.35361	8.605459999999999	7.6197	6.72892	5.63681	7.532360000000001	4.59007	6.0031099999999995	4.300820000000001	6.25272	2.27435	0.7885700000000001	0.0	0.0	0.0
Node 166		4.5844000000000005	7.7982499999999995	3.7035400000000003	8.96012	9.85805	2.27088	5.666	7.97551	5.518540000000001	4.27841	6.1239	2.59103	6.24291	4.72333	5.24446	0.52705	4.41538	7.49377	7.28833	1.71893	0.0	0.0	0.0
Node 142		5.40922	9.27215	3.89539	5.83157	8.87808	4.74304	4.0144	6.07252	2.34617	7.28395	4.9399	1.5472299999999999	8.19046	5.63438	6.09812	4.04855	5.38422	4.17813	7.774290000000001	0.0	0.0	0.0	0.0
Node 66		2.80175	6.8740499999999995	8.56939	7.15214	7.7933900000000005	4.30573	6.02239	5.493399999999999	6.427960000000001	7.823099999999999	7.61375	4.33193	3.04031	5.42276	6.86846	6.027480000000001	6.447070000000001	6.717370000000001	6.564839999999999	1.5985699999999998	0.0	0.0	0.0
Node 47		5.7463	6.2183399999999995	4.96051	5.99737	9.0795	4.86858	3.6703	0.0	3.1748899999999995	5.6715	6.35716	4.355379999999999	6.08975	4.08005	7.233280000000001	0.9975100000000001	4.00087	6.50532	5.47848	0.9303600000000001	0.0	0.0	0.0
Node 96		6.80268	3.7256699999999996	4.99918	7.82061	9.49243	6.41409	6.72224	4.03754	5.4859100000000005	6.65467	6.9868500000000004	4.66913	7.21941	5.1754500000000005	7.19701	3.15973	6.30686	3.4887099999999998	7.8944600000000005	0.9308500000000001	0.0	0.0	0.0
Node 51		3.5018399999999996	6.278060000000001	6.03456	5.46395	8.10331	3.39447	2.63041	3.53937	4.02028	6.36586	2.83367	4.5513900000000005	7.12686	2.69442	8.73062	4.23131	0.76916	5.91282	4.9149199999999995	0.0	0.0	0.0	0.0
Node 39		7.50458	2.04832	4.28656	2.93666	6.731579999999999	2.96401	3.0136	4.424440000000001	7.16591	4.46345	8.61344	5.04466	6.65858	4.42954	6.9525500000000005	0.0	6.351579999999999	5.01133	6.45698	0.58672	0.0	0.0	0.0
Node 108		5.074540000000001	1.8272199999999998	7.63992	6.52704	6.11842	4.49965	6.045310000000001	6.01015	4.700950000000001	7.02454	2.43085	3.13515	6.103129999999999	4.6349	2.47843	1.88876	7.241599999999999	3.98097	4.3491599999999995	1.3967200000000002	0.0	0.0	0.0
Node 174		5.64642	5.59987	4.94222	10.51938	12.06104	3.17413	2.30903	8.86598	6.02325	10.27153	4.9834499999999995	1.9085999999999999	6.54179	3.4812299999999996	8.28849	0.0	3.7330799999999997	5.33883	3.97504	2.30565	0.0	0.0	0.0
Node 139		7.128410000000001	4.27049	8.5573	3.84397	8.79786	2.98067	2.7613499999999997	5.14389	6.19038	4.93102	5.10724	6.233219999999999	4.2929	4.64303	1.8126900000000001	6.82329	5.7828	5.61808	7.65927	1.3752900000000001	0.0	0.0	0.0
Node 151		3.37151	4.28381	8.96139	4.29321	2.20491	7.6788	3.36293	5.76092	1.9879799999999999	8.08388	6.3734399999999996	6.013	4.41214	6.16009	7.76359	3.72385	6.76687	5.569579999999999	7.397670000000001	0.7885700000000001	0.0	0.0	0.0
Node 20		4.59347	5.13923	4.94032	5.6521799999999995	4.6718	4.54177	6.75056	5.88754	5.232889999999999	4.24347	8.36135	3.89003	5.83565	7.1732000000000005	6.87291	5.28533	5.35625	5.0591	3.9867399999999997	0.9308500000000001	0.0	0.0	0.0
Node 0		6.751930000000001	5.78944	3.46558	3.59425	7.058490000000001	4.57132	5.88871	6.49285	4.64596	4.94797	8.44138	0.5887800000000001	6.58797	2.31698	5.11154	6.00924	5.21139	5.591340000000001	7.09201	0.0	0.0	0.0	0.0
Node 8		7.228619999999999	4.97269	2.4451400000000003	8.30183	9.711599999999999	4.81104	7.44958	3.55691	3.5247300000000004	4.94895	7.33082	6.019080000000001	6.976970000000001	5.653169999999999	6.950380000000001	6.88966	6.448320000000001	3.00589	6.889130000000001	0.58672	0.0	0.0	0.0
Node 63		3.80066	2.67488	6.30737	5.96092	8.340359999999999	2.26021	7.14166	4.97354	7.1364	6.0084800000000005	5.43808	4.74398	4.1285099999999995	4.2501299999999995	5.34899	2.86796	5.17771	5.64391	3.7372500000000004	2.32757	0.0	0.0	0.0
Node 184		3.67071	6.69348	5.5867	4.55628	6.83327	4.57454	4.52315	4.735	5.96162	8.2172	1.7149	6.946230000000001	6.2736	3.1668000000000003	4.91562	1.90624	6.15295	3.50399	5.1901	0.7885700000000001	0.0	0.0	0.0
Node 188		5.7745999999999995	2.18033	6.955369999999999	3.26869	7.01087	5.97058	2.83152	9.11048	3.42326	5.94256	4.9470600000000005	2.3656	5.24607	4.03017	6.324380000000001	6.32448	5.82303	3.56985	6.582050000000001	1.3967200000000002	0.0	0.0	0.0
Node 59		5.63355	2.0058200000000004	4.27156	7.07948	4.950410000000001	2.50594	6.40136	6.680809999999999	5.81411	9.37501	6.3734399999999996	6.03623	7.21267	4.8646	8.07989	6.23233	6.13519	10.38904	6.2849	1.51708	0.0	0.0	0.0
Node 157		4.49861	4.92514	8.03411	7.75253	7.865850000000001	4.98388	3.27246	4.26933	4.60501	9.24561	4.79918	5.6531199999999995	8.17882	6.86871	5.17751	2.16072	3.1643200000000005	5.83211	6.28411	0.0	0.0	0.0	0.0
Node 120		5.19805	7.291250000000001	5.1456599999999995	7.6807799999999995	6.42151	4.60861	2.33845	4.37952	6.576890000000001	4.813429999999999	6.58114	8.620800000000001	7.16329	6.17436	6.77154	3.88106	7.14742	6.94406	7.7727	1.86121	0.0	0.0	0.0
Node 116		4.8728	2.04296	2.3483400000000003	5.571149999999999	9.15016	4.541110000000001	2.3907000000000003	4.0764700000000005	0.9997499999999999	8.29414	7.5181499999999994	7.7805	6.988379999999999	2.39229	6.24378	6.3505400000000005	4.74546	3.11615	5.39657	0.8099999999999999	0.0	0.0	0.0
Node 153		4.26525	9.81377	8.29252	4.9578999999999995	8.915040000000001	1.60269	8.94795	5.05124	7.058300000000001	4.9507900000000005	4.31321	4.8911999999999995	7.01073	8.15219	4.59715	5.56052	3.99384	6.33288	5.61572	0.9308500000000001	0.0	0.0	0.0
Node 159		9.05275	3.41925	2.71629	4.97097	7.20568	2.15062	6.79726	4.47196	3.74156	6.21321	2.0684500000000003	5.2953	9.427900000000001	5.94259	9.98648	5.5297	5.11488	6.02074	6.15924	1.3752900000000001	0.0	0.0	0.0
Node 26		2.12595	10.28333	6.14508	6.819179999999999	3.7615299999999996	8.854579999999999	6.94632	1.4086400000000001	5.52206	5.91203	9.86204	7.500500000000001	5.4022	7.8238900000000005	8.025549999999999	2.7211	4.49416	4.22382	7.192610000000001	2.52893	0.0	0.0	0.0
Node 180		3.36207	4.26742	4.005199999999999	6.728280000000001	8.915470000000001	3.28304	7.063619999999999	3.77294	4.77225	4.38622	5.89672	0.7427600000000001	6.32077	3.7240200000000003	7.4124300000000005	1.82511	5.56874	2.86668	5.56313	0.7885700000000001	0.0	0.0	0.0
Node 199		8.673409999999999	3.53817	3.6692099999999996	4.25509	8.22508	2.33394	2.05301	8.93041	4.51039	10.14353	4.95387	7.07556	7.2565599999999995	6.16709	6.452869999999999	6.68001	7.9050400000000005	3.7602900000000004	3.3558600000000003	0.0	0.0	0.0	0.0
Node 98		5.46293	3.44854	8.7571	6.85482	8.03344	4.62674	5.12743	6.72242	5.60709	7.031429999999999	6.76237	3.5948700000000002	3.68604	5.7715000000000005	0.0	5.83451	4.03965	4.722160000000001	7.090789999999999	0.9308500000000001	0.0	0.0	0.0
Node 187		2.22504	5.30567	5.43854	2.74094	9.43133	2.21136	2.28233	5.65596	4.46334	5.7737	3.7486400000000004	3.2927699999999995	6.1270299999999995	3.66926	6.4517299999999995	4.10455	6.73137	2.44044	6.391959999999999	1.5985699999999998	0.0	0.0	0.0
