Node 360		0.330476	0.0	0.0	0.0	0.0	0.0	0.0	0.0	0.37736200000000003	0.0	0.12175599999999999	0.0	0.0	0.45011599999999996	0.175866	0.14499	0.135038	0.125242	0.440684	0.0	0.191358	0.0	0.0
Node 81		0.180444	0.193358	0.144882	0.19554	0.335038	0.132496	0.0	0.132748	0.0	0.107036	0.173808	0.155576	0.0	0.152428	0.0	0.15438	0.0	0.344882	0.191306	0.0	0.29564999999999997	0.0	0.0
Node 132		0.490556	0.15458	0.17845	0.35120799999999996	0.1939	0.285618	0.0	0.15287	0.0	0.0	0.0	0.155576	0.172638	0.17857	0.0	0.139514	0.17424599999999998	0.0	0.129446	0.328766	0.0	0.0	0.0
Node 37		0.363238	0.0	0.17845	0.0	0.252316	0.0	0.0	0.0	0.0	0.31768799999999997	0.0	0.155576	0.0	0.152428	0.190888	0.0	0.0	0.153394	0.18533	0.139744	0.191358	0.0	0.0
Node 92		0.18279399999999998	0.0	0.32119800000000004	0.16737	0.129468	0.0	0.170044	0.0	0.18173	0.246226	0.141302	0.179242	0.0	0.0	0.0	0.14499	0.17424599999999998	0.33341	0.18533	0.138626	0.0	0.0	0.0
Node 102		0.0	0.0	0.17845	0.16737	0.343258	0.287414	0.0	0.13877799999999998	0.129702	0.18076	0.141302	0.0	0.31641400000000003	0.0	0.0	0.0	0.0	0.0	0.283878	0.139744	0.487008	0.0	0.0
Node 137		0.340524	0.0	0.35476599999999997	0.0	0.15654200000000001	0.0	0.0	0.132748	0.0	0.0	0.0	0.155576	0.0	0.3241	0.0	0.0	0.309284	0.195932	0.191306	0.0	0.410516	0.0	0.0
Node 224		0.181034	0.0	0.16783	0.19554	0.0	0.15183200000000002	0.15514999999999998	0.0	0.37736200000000003	0.33349999999999996	0.0	0.342078	0.31641400000000003	0.0	0.0	0.0	0.0	0.0	0.119932	0.199068	0.298896	0.0	0.0
Node 211		0.16008	0.0	0.19342199999999998	0.0	0.0	0.15183200000000002	0.14753	0.0	0.18173	0.18076	0.0	0.114182	0.0	0.0	0.0	0.172404	0.0	0.314992	0.0	0.129698	0.287976	0.0	0.0
Node 71		0.0	0.15458	0.0	0.183838	0.0	0.0	0.33110599999999996	0.0	0.19617400000000002	0.15274	0.0	0.18544	0.0	0.17857	0.125756	0.10215199999999999	0.0	0.0	0.129446	0.129698	0.107538	0.0	0.0
Node 95		0.138602	0.17918599999999998	0.0	0.19554	0.0	0.0	0.0	0.0	0.0	0.337618	0.0	0.299622	0.323538	0.0	0.290038	0.172404	0.309284	0.0	0.32075200000000004	0.129698	0.0	0.0	0.0
Node 434		0.0	0.0	0.0	0.19554	0.0	0.135582	0.10149799999999999	0.0	0.0	0.107036	0.0	0.155576	0.0	0.0	0.0	0.284504	0.0	0.465904	0.24937800000000002	0.180492	0.36879399999999996	0.0	0.0
Node 269		0.0	0.197282	0.17845	0.16737	0.141138	0.0	0.0	0.0	0.125378	0.18076	0.173808	0.0	0.176936	0.17857	0.175866	0.14499	0.17424599999999998	0.0	0.37663599999999997	0.0	0.191358	0.0	0.0
Node 76		0.4882	0.333766	0.19745000000000001	0.0	0.0	0.0	0.0	0.335016	0.0	0.18076	0.263058	0.179242	0.0	0.534112	0.62539	0.181156	0.0	0.349326	0.129446	0.0	0.0	0.0	0.0
Node 16		0.150032	0.197282	0.0	0.16737	0.335038	0.283044	0.325194	0.0	0.0	0.18076	0.0	0.0	0.0	0.46907	0.175866	0.0	0.17424599999999998	0.0	0.129446	0.0	0.0	0.0	0.0
Node 321		0.0	0.33643599999999996	0.144882	0.532294	0.0	0.0	0.0	0.329932	0.18173	0.10325200000000001	0.173808	0.179242	0.12392	0.0	0.285242	0.0	0.0	0.0	0.119932	0.129698	0.0	0.0	0.0
Node 486		0.307166	0.197282	0.0	0.16737	0.149358	0.15183200000000002	0.170044	0.0	0.37736200000000003	0.18076	0.12175599999999999	0.299622	0.0	0.0	0.0	0.317394	0.0	0.153394	0.0	0.129698	0.0	0.0	0.0
Node 23		0.150032	0.34793799999999997	0.16783	0.0	0.0	0.15183200000000002	0.0	0.0	0.18173	0.391048	0.0	0.155576	0.12392	0.152428	0.0	0.181156	0.17424599999999998	0.153394	0.283878	0.0	0.191358	0.0	0.0
Node 120		0.310112	0.0	0.176316	0.16737	0.0	0.132496	0.10149799999999999	0.0	0.0	0.0	0.0	0.179242	0.12392	0.48582000000000003	0.175866	0.139514	0.11679800000000001	0.0	0.18533	0.0	0.191358	0.0	0.0
Node 25		0.330476	0.360622	0.0	0.0	0.450872	0.133786	0.0	0.191154	0.182078	0.0	0.0	0.29342399999999996	0.176936	0.0	0.301622	0.14499	0.251836	0.125242	0.0	0.0	0.107538	0.0	0.0
Node 261		0.0	0.35453199999999996	0.16783	0.0	0.343258	0.133786	0.0	0.15287	0.37736200000000003	0.136928	0.12175599999999999	0.0	0.0	0.152428	0.0	0.14499	0.135038	0.125242	0.129446	0.328766	0.298896	0.0	0.0
Node 32		0.0	0.197282	0.19745000000000001	0.19554	0.141138	0.0	0.10149799999999999	0.191154	0.0	0.18076	0.173808	0.16283599999999998	0.0	0.3241	0.301622	0.0	0.0	0.0	0.191306	0.285564	0.361342	0.0	0.0
Node 89		0.16008	0.0	0.175076	0.19554	0.141138	0.0	0.0	0.0	0.129702	0.0	0.0	0.179242	0.176936	0.0	0.0	0.0	0.0	0.0	0.283878	0.0	0.333416	0.0	0.0
Node 128		0.181034	0.333766	0.19745000000000001	0.183838	0.129468	0.0	0.15514999999999998	0.32026	0.0	0.18076	0.159278	0.18544	0.139478	0.152104	0.0	0.0	0.0	0.195932	0.191306	0.129698	0.14530400000000002	0.0	0.0
Node 356		0.0	0.0	0.342332	0.0	0.270606	0.0	0.0	0.0	0.18173	0.0	0.12175599999999999	0.155576	0.0	0.17857	0.2637	0.0	0.122404	0.125242	0.110836	0.31502800000000003	0.169984	0.0	0.0
Node 18		0.16008	0.197282	0.16783	0.16737	0.0	0.485408	0.10149799999999999	0.187512	0.127268	0.0	0.23689000000000002	0.342078	0.46367200000000003	0.152428	0.0	0.14499	0.0	0.195932	0.0	0.199068	0.0	0.0	0.0
Node 323		0.180444	0.0	0.373766	0.19554	0.0	0.285618	0.170044	0.0	0.0	0.18076	0.0	0.35460600000000003	0.0	0.0	0.175866	0.10215199999999999	0.0	0.153394	0.0	0.0	0.0	0.0	0.0
Node 462		0.46907800000000005	0.115476	0.0	0.11197399999999999	0.0	0.0	0.170044	0.0	0.195632	0.0	0.185772	0.155576	0.139478	0.17857	0.125756	0.0	0.11679800000000001	0.153394	0.119932	0.0	0.191358	0.0	0.0
Node 13		0.0	0.11102	0.17845	0.0	0.290496	0.132496	0.0	0.323902	0.0	0.0	0.12175599999999999	0.114182	0.28815199999999996	0.0	0.465904	0.326784	0.0	0.153394	0.119932	0.129698	0.14530400000000002	0.0	0.0
Node 365		0.181034	0.17918599999999998	0.36528	0.16737	0.0	0.0	0.325194	0.0	0.0	0.0	0.173808	0.18544	0.0	0.0	0.0	0.0	0.135038	0.0	0.191306	0.0	0.191358	0.0	0.0
Node 245		0.490556	0.0	0.522596	0.16737	0.0	0.0	0.15514999999999998	0.15287	0.0	0.0	0.185772	0.155576	0.176936	0.152104	0.0	0.14499	0.0	0.0	0.339762	0.29561000000000004	0.0	0.0	0.0
Node 266		0.0	0.0	0.16783	0.16737	0.0	0.132496	0.15514999999999998	0.191154	0.0	0.0	0.12175599999999999	0.0	0.0	0.17857	0.0	0.0	0.0	0.32117399999999996	0.32075200000000004	0.0	0.107538	0.0	0.0
Node 10		0.180444	0.517872	0.17845	0.0	0.450872	0.0	0.10149799999999999	0.0	0.0	0.0	0.173808	0.0	0.0	0.297958	0.136918	0.0	0.309284	0.137478	0.129446	0.191184	0.107538	0.0	0.0
Node 286		0.330476	0.15458	0.373766	0.16737	0.141138	0.0	0.0	0.5114139999999999	0.171778	0.136928	0.173808	0.179242	0.172638	0.330998	0.175866	0.0	0.268826	0.0	0.0	0.0	0.0	0.0	0.0
Node 296		0.0	0.17918599999999998	0.312712	0.0	0.19855599999999998	0.41991	0.14753	0.14386200000000002	0.0	0.18076	0.0	0.151452	0.0	0.152428	0.301622	0.0	0.0	0.0	0.119932	0.129698	0.361342	0.0	0.0
Node 7		0.310112	0.17918599999999998	0.176316	0.169726	0.335038	0.0	0.15514999999999998	0.0	0.353508	0.0	0.185772	0.179242	0.191568	0.330998	0.109914	0.139514	0.239202	0.125242	0.191306	0.0	0.14530400000000002	0.0	0.0
Node 231		0.340524	0.0	0.0	0.0	0.0	0.0	0.0	0.0	0.0	0.15274	0.0	0.155576	0.43881	0.0	0.0	0.15438	0.49536800000000003	0.153394	0.0	0.0	0.14530400000000002	0.0	0.0
Node 254		0.16008	0.15458	0.0	0.16737	0.1939	0.0	0.0	0.0	0.0	0.18076	0.0	0.0	0.176936	0.0	0.0	0.0	0.0	0.47456800000000005	0.16069999999999998	0.0	0.495726	0.0	0.0
Node 352		0.0	0.197282	0.17845	0.16737	0.347914	0.15183200000000002	0.0	0.0	0.18173	0.0	0.0	0.0	0.176936	0.152428	0.35517	0.497296	0.135038	0.0	0.434708	0.0	0.14530400000000002	0.0	0.0
Node 270		0.34111400000000003	0.17918599999999998	0.19342199999999998	0.169726	0.335038	0.0	0.0	0.187512	0.0	0.18076	0.12175599999999999	0.18544	0.12392	0.34188399999999997	0.175866	0.417654	0.0	0.0	0.37663599999999997	0.0	0.0	0.0	0.0
Node 399		0.4882	0.197282	0.373766	0.16737	0.0	0.266282	0.0	0.0	0.0	0.210288	0.0	0.0	0.172638	0.0	0.0	0.139514	0.29104399999999997	0.18975	0.119932	0.269442	0.14530400000000002	0.0	0.0
Node 489		0.16008	0.197282	0.0	0.16737	0.0	0.132496	0.0	0.191154	0.182078	0.0	0.0	0.0	0.176936	0.152428	0.104214	0.0	0.0	0.0	0.345738	0.0	0.19881000000000001	0.0	0.0
Node 175		0.0	0.17918599999999998	0.176316	0.0	0.0	0.266282	0.10149799999999999	0.0	0.0	0.18076	0.0	0.0	0.172638	0.0	0.465904	0.0	0.0	0.0	0.0	0.0	0.0	0.0	0.0
Node 179		0.51151	0.0	0.0	0.35120799999999996	0.125516	0.26679400000000003	0.0	0.15287	0.171778	0.10929799999999999	0.307528	0.0	0.176936	0.0	0.175866	0.274556	0.37424	0.0	0.0	0.129698	0.191358	0.0	0.0
Node 498		0.0	0.47517000000000004	0.342332	0.0	0.141138	0.15183200000000002	0.0	0.323902	0.0	0.0	0.173808	0.0	0.312772	0.0	0.0	0.14499	0.0	0.0	0.129446	0.199068	0.19881000000000001	0.0	0.0
Node 353		0.33106599999999997	0.17918599999999998	0.19745000000000001	0.136148	0.17522	0.0	0.14753	0.191154	0.0	0.0	0.159278	0.0	0.172638	0.0	0.0	0.317394	0.122404	0.0	0.0	0.0	0.191358	0.0	0.0
Node 189		0.16008	0.0	0.344146	0.16737	0.129468	0.0	0.0	0.0	0.18173	0.0	0.12175599999999999	0.0	0.172638	0.0	0.0	0.0	0.135038	0.137478	0.0	0.129698	0.107538	0.0	0.0
Node 359		0.0	0.197282	0.35476599999999997	0.0	0.335038	0.15183200000000002	0.10149799999999999	0.132748	0.3229	0.18076	0.173808	0.155576	0.176936	0.17857	0.175866	0.14499	0.0	0.308134	0.110836	0.139744	0.107538	0.0	0.0
Node 2		0.0	0.0	0.0	0.0	0.129468	0.15183200000000002	0.10149799999999999	0.187512	0.0	0.0	0.12175599999999999	0.18544	0.0	0.0	0.198634	0.0	0.0	0.195932	0.24937800000000002	0.0	0.39016799999999996	0.13533799999999999	0.0
Node 199		0.0	0.491016	0.0	0.0	0.343258	0.133786	0.0	0.0	0.129702	0.0	0.128338	0.179242	0.0	0.17857	0.22997	0.0	0.0	0.0	0.0	0.0	0.107538	0.13533799999999999	0.0
Node 330		0.16008	0.15458	0.176316	0.0	0.0	0.15183200000000002	0.15514999999999998	0.0	0.0	0.287796	0.173808	0.0	0.0	0.17857	0.290038	0.335536	0.0	0.32117399999999996	0.274364	0.199068	0.391682	0.0	0.0
Node 463		0.147086	0.0	0.0	0.183838	0.0	0.0	0.170044	0.0	0.129702	0.0	0.12175599999999999	0.0	0.31641400000000003	0.302984	0.16428199999999998	0.15438	0.0	0.18975	0.0	0.199068	0.0	0.0	0.0
Node 121		0.0	0.0	0.0	0.0	0.0	0.0	0.256648	0.271526	0.0	0.0	0.0	0.0	0.0	0.163314	0.0	0.0	0.0	0.125242	0.0	0.328766	0.0	0.0	0.0
Node 346		0.0	0.15458	0.176316	0.19554	0.19855599999999998	0.0	0.170044	0.175876	0.195632	0.0	0.0	0.342078	0.0	0.152428	0.15948600000000002	0.14499	0.309284	0.0	0.191306	0.199068	0.0	0.0	0.0
Node 119		0.310112	0.15458	0.34628	0.19554	0.149358	0.135582	0.0	0.0	0.0	0.0	0.0	0.155576	0.0	0.152428	0.16428199999999998	0.14499	0.0	0.195932	0.0	0.0	0.14530400000000002	0.0	0.0
Node 329		0.18279399999999998	0.17918599999999998	0.34628	0.0	0.347914	0.132496	0.0	0.0	0.37736200000000003	0.18076	0.0	0.0	0.176936	0.0	0.175866	0.0	0.135038	0.125242	0.119932	0.138626	0.0	0.0	0.0
Node 43		0.363238	0.35453199999999996	0.697098	0.35120799999999996	0.129468	0.15183200000000002	0.22445199999999998	0.0	0.129702	0.0	0.185772	0.0	0.312772	0.297958	0.0	0.0	0.0	0.125242	0.24937800000000002	0.129698	0.298896	0.0	0.0
Node 306		0.0	0.15458	0.0	0.0	0.1939	0.150598	0.10149799999999999	0.0	0.0	0.0	0.0	0.155576	0.364206	0.0	0.302046	0.0	0.0	0.195932	0.0	0.199068	0.107538	0.0	0.0
Node 340		0.0	0.0	0.16783	0.183838	0.22847399999999998	0.0	0.325194	0.15287	0.0	0.107036	0.185772	0.179242	0.0	0.0	0.0	0.181156	0.0	0.314992	0.18533	0.0	0.277522	0.0	0.0
Node 274		0.147086	0.463414	0.17845	0.183838	0.0	0.284328	0.15514999999999998	0.323902	0.18173	0.0	0.173808	0.179242	0.12392	0.17857	0.0	0.0	0.0	0.125242	0.37663599999999997	0.139744	0.0	0.0	0.0
Node 281		0.181034	0.33643599999999996	0.0	0.35120799999999996	0.125516	0.0	0.0	0.132748	0.195632	0.0	0.173808	0.0	0.139478	0.152428	0.15948600000000002	0.0	0.11679800000000001	0.304306	0.5060819999999999	0.199068	0.39016799999999996	0.0	0.0
Node 382		0.150032	0.517872	0.49116200000000004	0.0	0.141138	0.15183200000000002	0.14753	0.296732	0.0	0.0	0.0	0.155576	0.345932	0.152104	0.175866	0.15438	0.0	0.195932	0.311238	0.0	0.0	0.0	0.0
Node 383		0.147086	0.509112	0.0	0.183838	0.141138	0.0	0.0	0.0	0.129702	0.0	0.12175599999999999	0.0	0.0	0.17857	0.16428199999999998	0.172404	0.0	0.314992	0.119932	0.0	0.191358	0.0	0.0
Node 107		0.0	0.0	0.0	0.35120799999999996	0.1939	0.41991	0.0	0.13877799999999998	0.0	0.0	0.12488600000000001	0.0	0.0	0.152428	0.15948600000000002	0.139514	0.0	0.0	0.314776	0.129698	0.0	0.0	0.0
Node 414		0.147086	0.15458	0.0	0.183838	0.1939	0.132496	0.0	0.191154	0.0	0.0	0.173808	0.155576	0.139478	0.0	0.0	0.0	0.0	0.0	0.129446	0.139744	0.0	0.0	0.0
Node 114		0.0	0.15458	0.0	0.16737	0.0	0.135582	0.0	0.15287	0.0	0.0	0.0	0.0	0.0	0.10546	0.335352	0.14499	0.0	0.0	0.0	0.199068	0.33666199999999996	0.0	0.0
Node 454		0.16008	0.15725	0.144882	0.0	0.0	0.0	0.0	0.0	0.0	0.10325200000000001	0.0	0.0	0.0	0.0	0.290038	0.15438	0.49536800000000003	0.0	0.110836	0.0	0.0	0.0	0.0
Node 15		0.0	0.0	0.0	0.36291	0.0	0.0	0.0	0.191154	0.0	0.0	0.378192	0.179242	0.0	0.0	0.0	0.181156	0.0	0.0	0.129446	0.129698	0.252842	0.0	0.0
Node 31		0.0	0.308834	0.19745000000000001	0.19554	0.129468	0.287414	0.14753	0.0	0.3229	0.0	0.35958	0.0	0.191568	0.0	0.0	0.0	0.0	0.125242	0.283878	0.191184	0.0	0.0	0.0
Node 88		0.0	0.0	0.17845	0.16737	0.0	0.269368	0.0	0.459038	0.311432	0.0	0.295564	0.155576	0.31641400000000003	0.0	0.0	0.139514	0.0	0.0	0.129446	0.139744	0.0	0.0	0.0
Node 115		0.147086	0.0	0.47163400000000005	0.0	0.129468	0.0	0.0	0.0	0.18173	0.0	0.0	0.0	0.172638	0.0	0.0	0.0	0.0	0.125242	0.440684	0.0	0.107538	0.0	0.0
Node 246		0.0	0.31183	0.0	0.35120799999999996	0.0	0.0	0.15514999999999998	0.0	0.18173	0.0	0.0	0.478864	0.12392	0.0	0.0	0.0	0.122404	0.195932	0.0	0.0	0.0	0.0	0.0
Node 272		0.18279399999999998	0.197282	0.3759	0.16737	0.266654	0.135582	0.0	0.132748	0.127268	0.0	0.185772	0.0	0.0	0.0	0.340148	0.0	0.17424599999999998	0.0	0.119932	0.199068	0.0	0.0	0.0
Node 393		0.0	0.115476	0.0	0.35339	0.0	0.15183200000000002	0.170044	0.0	0.0	0.18076	0.269866	0.155576	0.0	0.17857	0.290038	0.274556	0.135038	0.18975	0.0	0.0	0.14530400000000002	0.0	0.0
Node 310		0.0	0.533718	0.0	0.16737	0.369612	0.0	0.0	0.132748	0.18173	0.107036	0.0	0.18544	0.0	0.0	0.175866	0.0	0.122404	0.0	0.119932	0.0	0.14530400000000002	0.0	0.0
Node 91		0.0	0.0	0.0	0.434616	0.335038	0.15183200000000002	0.0	0.0	0.18173	0.31768799999999997	0.112004	0.0	0.0	0.17857	0.175866	0.0	0.0	0.137478	0.0	0.191184	0.191358	0.0	0.0
Node 279		0.0	0.0	0.17845	0.0	0.0	0.132496	0.0	0.187512	0.125378	0.0	0.173808	0.0	0.176936	0.0	0.340148	0.14499	0.122404	0.195932	0.129446	0.0	0.0	0.0	0.0
Node 367		0.0	0.15725	0.312712	0.19554	0.129468	0.284328	0.0	0.0	0.129702	0.136928	0.0	0.0	0.0	0.152428	0.15948600000000002	0.0	0.0	0.18975	0.110836	0.0	0.107538	0.0	0.0
Node 252		0.0	0.351862	0.16783	0.35120799999999996	0.0	0.0	0.0	0.0	0.18173	0.0	0.12175599999999999	0.179242	0.11097399999999999	0.152428	0.0	0.0	0.135038	0.137478	0.18533	0.269442	0.0	0.0	0.0
Node 430		0.33106599999999997	0.197282	0.176316	0.0	0.1939	0.0	0.10149799999999999	0.0	0.0	0.0	0.185772	0.155576	0.173294	0.19222799999999998	0.175866	0.0	0.0	0.195932	0.0	0.338812	0.4442	0.0	0.0
Node 142		0.181034	0.0	0.0	0.183838	0.18057399999999998	0.150598	0.0	0.5114139999999999	0.195632	0.0	0.0	0.0	0.331046	0.163314	0.175866	0.317394	0.135038	0.195932	0.129446	0.0	0.107538	0.0	0.0
Node 219		0.340524	0.0	0.0	0.35120799999999996	0.0	0.0	0.0	0.0	0.0	0.18076	0.0	0.0	0.0	0.287728	0.301622	0.0	0.32112199999999996	0.0	0.32075200000000004	0.0	0.0	0.0	0.0
Node 477		0.0	0.0	0.19745000000000001	0.0	0.129468	0.0	0.0	0.0	0.0	0.0	0.185772	0.0	0.139478	0.0	0.0	0.14499	0.45055399999999995	0.278636	0.154432	0.191184	0.191358	0.0	0.0
Node 187		0.0	0.5310480000000001	0.506134	0.0	0.0	0.41991	0.170044	0.187512	0.18173	0.0	0.0	0.34101600000000004	0.44811399999999996	0.0	0.16428199999999998	0.0	0.0	0.153394	0.0	0.0	0.107538	0.0	0.0
Node 67		0.0	0.197282	0.0	0.35120799999999996	0.0	0.132496	0.0	0.0	0.18173	0.0	0.0	0.155576	0.0	0.19222799999999998	0.0	0.0	0.0	0.195932	0.0	0.0	0.14530400000000002	0.0	0.0
Node 39		0.147086	0.33643599999999996	0.176316	0.11197399999999999	0.0	0.0	0.0	0.323902	0.18173	0.0	0.141302	0.18544	0.0	0.14553000000000002	0.125756	0.0	0.122404	0.137478	0.32075200000000004	0.199068	0.19881000000000001	0.13533799999999999	0.0
Node 208		0.0	0.46608400000000005	0.144882	0.35120799999999996	0.47343	0.15183200000000002	0.316198	0.0	0.0	0.107036	0.173808	0.155576	0.139478	0.163314	0.3745	0.14499	0.0	0.195932	0.129446	0.0	0.0	0.0	0.0
Node 223		0.150032	0.15725	0.17845	0.16737	0.270606	0.330864	0.0	0.15287	0.195632	0.31768799999999997	0.173808	0.29342399999999996	0.0	0.330998	0.175866	0.0	0.0	0.0	0.129446	0.139744	0.330198	0.0	0.0
Node 17		0.0	0.15725	0.17845	0.0	0.141138	0.0	0.15514999999999998	0.187512	0.0	0.0	0.307528	0.114182	0.31641400000000003	0.344656	0.15948600000000002	0.0	0.135038	0.498276	0.129446	0.0	0.298896	0.0	0.0
Node 63		0.297118	0.333766	0.17845	0.152916	0.0	0.135582	0.0	0.191154	0.0	0.0	0.185772	0.18544	0.0	0.0	0.125756	0.0	0.19871799999999998	0.153394	0.119932	0.0	0.298896	0.0	0.0
Node 429		0.6376419999999999	0.37646799999999997	0.0	0.0	0.17522	0.44460999999999995	0.15514999999999998	0.132748	0.0	0.18076	0.0	0.0	0.191568	0.0	0.104214	0.0	0.0	0.153394	0.0	0.0	0.0	0.0	0.0
Node 145		0.0	0.197282	0.0	0.183838	0.0	0.135582	0.0	0.0	0.0	0.0	0.141302	0.114182	0.0	0.297688	0.0	0.0	0.0	0.0	0.0	0.328766	0.298896	0.0	0.0
Node 96		0.330476	0.0	0.176316	0.183838	0.129468	0.0	0.14753	0.0	0.0	0.0	0.0	0.0	0.172638	0.27684200000000003	0.465904	0.0	0.341532	0.278636	0.129446	0.0	0.188112	0.0	0.0
Node 268		0.332826	0.0	0.0	0.35188200000000003	0.141138	0.15183200000000002	0.15514999999999998	0.0	0.18173	0.0	0.141302	0.179242	0.176936	0.14553000000000002	0.175866	0.172404	0.135038	0.0	0.129446	0.0	0.277522	0.0	0.0
Node 247		0.0	0.46733800000000003	0.0	0.0	0.149358	0.15183200000000002	0.0	0.0	0.0	0.0	0.173808	0.0	0.0	0.0	0.125756	0.0	0.0	0.0	0.129446	0.139744	0.14530400000000002	0.0	0.0
Node 243		0.180444	0.0	0.344146	0.16737	0.102958	0.0	0.14753	0.46268000000000004	0.0	0.14868399999999998	0.12488600000000001	0.114182	0.176936	0.19222799999999998	0.16428199999999998	0.15438	0.29104399999999997	0.0	0.129446	0.129698	0.0	0.0	0.0
Node 299		0.0	0.49710600000000005	0.518648	0.19554	0.0	0.285618	0.170044	0.132748	0.0	0.0	0.0	0.179242	0.139478	0.152428	0.0	0.139514	0.122404	0.125242	0.129446	0.0	0.36879399999999996	0.0	0.0
Node 361		0.0	0.5310480000000001	0.0	0.16737	0.129468	0.0	0.10149799999999999	0.0	0.195632	0.0	0.0	0.18544	0.0	0.0	0.290038	0.0	0.0	0.0	0.154432	0.0	0.107538	0.0	0.0
Node 494		0.0	0.0	0.17845	0.16737	0.1939	0.133786	0.0	0.28676999999999997	0.0	0.0	0.173808	0.18544	0.139478	0.0	0.0	0.14499	0.135038	0.0	0.119932	0.0	0.14530400000000002	0.0	0.0
Node 209		0.0	0.0	0.16783	0.0	0.36446999999999996	0.132496	0.33110599999999996	0.0	0.18173	0.134306	0.12175599999999999	0.0	0.254336	0.17857	0.125756	0.0	0.0	0.125242	0.129446	0.0	0.191358	0.0	0.0
Node 242		0.33106599999999997	0.0	0.34628	0.16737	0.0	0.132496	0.0	0.0	0.0	0.18076	0.141302	0.0	0.176936	0.315742	0.197832	0.15438	0.0	0.125242	0.18533	0.361806	0.191358	0.0	0.0
Node 438		0.46907800000000005	0.193358	0.16783	0.0	0.141138	0.41991	0.0	0.0	0.18173	0.0	0.0	0.16283599999999998	0.0	0.0	0.125756	0.0	0.0	0.278636	0.0	0.320882	0.298896	0.13533799999999999	0.0
Node 257		0.0	0.536966	0.0	0.0	0.0	0.0	0.10149799999999999	0.15287	0.18173	0.0	0.0	0.0	0.176936	0.0	0.0	0.0	0.0	0.125242	0.0	0.0	0.0	0.0	0.0
Node 217		0.16008	0.6882980000000001	0.361252	0.0	0.0	0.0	0.0	0.0	0.18173	0.10325200000000001	0.141302	0.0	0.139478	0.0	0.0	0.0	0.135038	0.195932	0.110836	0.328766	0.169984	0.0	0.0
Node 47		0.0	0.351862	0.342332	0.0	0.0	0.132496	0.10149799999999999	0.0	0.0	0.0	0.12175599999999999	0.16283599999999998	0.0	0.302984	0.125756	0.0	0.11679800000000001	0.32117399999999996	0.119932	0.199068	0.0	0.0	0.0
Node 334		0.16008	0.34793799999999997	0.176316	0.0	0.274874	0.41991	0.0	0.132748	0.0	0.0	0.0	0.114182	0.0	0.0	0.0	0.14499	0.0	0.125242	0.110836	0.199068	0.0	0.0	0.0
Node 357		0.150032	0.15725	0.3759	0.0	0.1939	0.0	0.0	0.344024	0.125378	0.134306	0.12488600000000001	0.28149199999999996	0.0	0.152428	0.175866	0.172404	0.0	0.314992	0.0	0.269442	0.758718	0.0	0.0
Node 5		0.330476	0.35453199999999996	0.17845	0.0	0.0	0.0	0.0	0.132748	0.0	0.0	0.0	0.34101600000000004	0.0	0.0	0.175866	0.0	0.0	0.195932	0.0	0.328766	0.0	0.0	0.0
Node 459		0.0	0.0	0.19745000000000001	0.16737	0.0	0.0	0.170044	0.0	0.37736200000000003	0.0	0.0	0.18544	0.15089999999999998	0.0	0.125756	0.14499	0.0	0.32117399999999996	0.311238	0.43217999999999995	0.0	0.0	0.0
Node 389		0.181034	0.0	0.342906	0.19554	0.1939	0.0	0.30268	0.0	0.0	0.0	0.0	0.0	0.11097399999999999	0.152428	0.0	0.335536	0.17424599999999998	0.0	0.37663599999999997	0.0	0.252842	0.0	0.0
Node 222		0.0	0.0	0.0	0.19554	0.0	0.133786	0.15514999999999998	0.13877799999999998	0.0	0.10929799999999999	0.12175599999999999	0.18544	0.312116	0.0	0.125756	0.0	0.122404	0.32117399999999996	0.129446	0.0	0.191358	0.0	0.0
Node 303		0.181034	0.37646799999999997	0.864928	0.183838	0.22847399999999998	0.180266	0.15514999999999998	0.0	0.0	0.0	0.23376	0.0	0.12392	0.17857	0.175866	0.284504	0.135038	0.0	0.18533	0.191184	0.298896	0.0	0.0
Node 70		0.180444	0.33643599999999996	0.17845	0.19554	0.0	0.0	0.0	0.0	0.18173	0.243964	0.23689000000000002	0.155576	0.312116	0.0	0.15948600000000002	0.284504	0.135038	0.314992	0.129446	0.0	0.14530400000000002	0.0	0.0
Node 226		0.44862399999999997	0.31183	0.35476599999999997	0.16737	0.129468	0.0	0.10149799999999999	0.175876	0.0	0.0	0.173808	0.0	0.0	0.0	0.0	0.0	0.17424599999999998	0.0	0.0	0.328766	0.39016799999999996	0.0	0.0
Node 156		0.361478	0.0	0.0	0.183838	0.1939	0.438012	0.0	0.132748	0.18173	0.0	0.173808	0.179242	0.176936	0.14553000000000002	0.125756	0.14499	0.122404	0.343144	0.129446	0.0	0.14530400000000002	0.0	0.0
Node 290		0.16008	0.0	0.0	0.0	0.141138	0.0	0.325194	0.335016	0.129702	0.18076	0.159278	0.18544	0.12392	0.0	0.175866	0.172404	0.251836	0.125242	0.129446	0.0	0.31528799999999996	0.0	0.0
Node 307		0.0	0.197282	0.0	0.152916	0.149358	0.0	0.10149799999999999	0.14386200000000002	0.0	0.18076	0.173808	0.12175599999999999	0.0	0.370798	0.175866	0.15438	0.0	0.18975	0.0	0.191184	0.0	0.0	0.0
Node 213		0.0	0.35453199999999996	0.144882	0.183838	0.0	0.135582	0.14753	0.0	0.0	0.0	0.0	0.0	0.12392	0.330998	0.340148	0.153094	0.135038	0.133048	0.0	0.0	0.0	0.0	0.0
Node 122		0.340524	0.197282	0.344146	0.16737	0.129468	0.15183200000000002	0.14753	0.191154	0.0	0.0	0.0	0.0	0.172638	0.403418	0.0	0.284504	0.0	0.125242	0.119932	0.0	0.107538	0.0	0.0
Node 200		0.0	0.0	0.373766	0.26489	0.141138	0.133786	0.325194	0.308624	0.0	0.10929799999999999	0.12175599999999999	0.0	0.124414	0.0	0.0	0.0	0.372688	0.0	0.0	0.0	0.0	0.0	0.0
Node 65		0.490556	0.17918599999999998	0.344146	0.183838	0.323368	0.287414	0.14753	0.15287	0.0	0.18076	0.0	0.364682	0.11097399999999999	0.0	0.175866	0.0	0.0	0.0	0.110836	0.0	0.361342	0.0	0.0
Node 433		0.150032	0.333766	0.552216	0.16737	0.0	0.0	0.15514999999999998	0.323902	0.18173	0.0	0.173808	0.179242	0.0	0.330998	0.0	0.0	0.0	0.0	0.0	0.139744	0.191358	0.0	0.0
Node 1		0.181034	0.197282	0.312712	0.183838	0.0	0.0	0.22445199999999998	0.0	0.0	0.0	0.173808	0.0	0.176936	0.523226	0.0	0.0	0.239202	0.125242	0.0	0.0	0.0	0.0	0.0
Node 464		0.180444	0.193358	0.144882	0.515826	0.0	0.0	0.0	0.132748	0.0	0.21633400000000003	0.14811	0.0	0.0	0.370798	0.0	0.284504	0.0	0.32117399999999996	0.0	0.0	0.39016799999999996	0.0	0.0
Node 250		0.0	0.15458	0.144882	0.183838	0.0	0.0	0.0	0.0	0.182078	0.0	0.0	0.155576	0.312116	0.152428	0.175866	0.0	0.0	0.153394	0.32075200000000004	0.0	0.191358	0.0	0.0
Node 418		0.0	0.193358	0.0	0.19554	0.0	0.135582	0.0	0.323902	0.0	0.0	0.0	0.155576	0.176936	0.152428	0.0	0.14499	0.431688	0.0	0.234682	0.0	0.361342	0.0	0.0
Node 205		0.16008	0.0	0.0	0.0	0.141138	0.132496	0.15514999999999998	0.132748	0.127268	0.315066	0.35958	0.299622	0.315488	0.19222799999999998	0.0	0.139514	0.135038	0.0	0.24937800000000002	0.337694	0.36879399999999996	0.0	0.0
Node 386		0.181034	0.0	0.344146	0.183838	0.141138	0.438012	0.10149799999999999	0.15287	0.0	0.0	0.44367399999999996	0.0	0.0	0.10546	0.0	0.0	0.0	0.18975	0.0	0.199068	0.495726	0.0	0.0
Node 455		0.18279399999999998	0.15458	0.34628	0.0	0.0	0.0	0.0	0.0	0.18173	0.0	0.0	0.155576	0.0	0.0	0.364236	0.0	0.135038	0.15091200000000002	0.42561200000000005	0.0	0.298896	0.0	0.0
Node 108		0.180444	0.0	0.45947999999999994	0.183838	0.1939	0.0	0.0	0.132748	0.18173	0.0	0.0	0.478864	0.435168	0.0	0.16428199999999998	0.0	0.17424599999999998	0.0	0.191306	0.199068	0.0	0.0	0.0
Node 53		0.332826	0.35453199999999996	0.19745000000000001	0.11197399999999999	0.141138	0.15183200000000002	0.0	0.0	0.18173	0.107036	0.285812	0.0	0.0	0.0	0.0	0.139514	0.0	0.195932	0.314776	0.199068	0.325742	0.0	0.0
Node 332		0.16008	0.372544	0.0	0.0	0.0	0.42119999999999996	0.140242	0.606542	0.32101	0.107036	0.185772	0.0	0.173294	0.268774	0.175866	0.0	0.257442	0.153394	0.119932	0.199068	0.14530400000000002	0.0	0.0
Node 474		0.0	0.0	0.17845	0.16737	0.0	0.285618	0.0	0.0	0.0	0.0	0.173808	0.179242	0.12392	0.152428	0.16428199999999998	0.139514	0.122404	0.290872	0.110836	0.0	0.0	0.0	0.0
Node 75		0.0	0.6524420000000001	0.19745000000000001	0.0	0.0	0.0	0.0	0.0	0.18173	0.0	0.0	0.0	0.0	0.344656	0.16428199999999998	0.14499	0.11679800000000001	0.0	0.0	0.0	0.14530400000000002	0.0	0.0
Node 333		0.18279399999999998	0.351862	0.19342199999999998	0.0	0.141138	0.287414	0.0	0.132748	0.0	0.0	0.298694	0.18544	0.0	0.17857	0.16428199999999998	0.14499	0.0	0.195932	0.32075200000000004	0.0	0.0	0.0	0.0
Node 210		0.0	0.0	0.17845	0.0	0.290496	0.0	0.15514999999999998	0.378666	0.0	0.10929799999999999	0.185772	0.114182	0.0	0.10546	0.0	0.0	0.0	0.0	0.311238	0.0	0.0	0.0	0.0
Node 183		0.147086	0.197282	0.0	0.183838	0.129468	0.284328	0.0	0.0	0.325334	0.10929799999999999	0.0	0.0	0.0	0.330998	0.0	0.181156	0.309284	0.153394	0.191306	0.0	0.188112	0.0	0.0
Node 326		0.180444	0.15725	0.144882	0.336754	0.141138	0.283044	0.0	0.15287	0.195632	0.10929799999999999	0.0	0.0	0.364206	0.0	0.0	0.14499	0.0	0.125242	0.32075200000000004	0.0	0.191358	0.0	0.0
Node 344		0.0	0.193358	0.342332	0.0	0.0	0.133786	0.15514999999999998	0.0	0.37736200000000003	0.18076	0.173808	0.0	0.172638	0.0	0.0	0.0	0.135038	0.153394	0.129446	0.0	0.0	0.0	0.0
Node 355		0.0	0.5310480000000001	0.17845	0.365266	0.0	0.0	0.15514999999999998	0.15287	0.18173	0.0	0.5008819999999999	0.179242	0.312116	0.17857	0.0	0.172404	0.25619200000000003	0.0	0.18533	0.129698	0.49770600000000004	0.0	0.0
Node 460		0.479716	0.33643599999999996	0.0	0.0	0.129468	0.0	0.0	0.14386200000000002	0.0	0.0	0.0	0.0	0.0	0.0	0.16428199999999998	0.0	0.0	0.125242	0.191306	0.0	0.191358	0.0	0.0
Node 239		0.180444	0.0	0.0	0.0	0.0	0.15183200000000002	0.0	0.0	0.0	0.107036	0.0	0.0	0.0	0.152428	0.16428199999999998	0.326146	0.13378800000000002	0.153394	0.0	0.0	0.0	0.0	0.0
Node 427		0.180444	0.0	0.0	0.16737	0.125516	0.269368	0.0	0.28676999999999997	0.18173	0.18076	0.0	0.0	0.0	0.0	0.316644	0.0	0.0	0.0	0.129446	0.0	0.14530400000000002	0.0	0.0
Node 87		0.0	0.272726	0.17845	0.183838	0.141138	0.315848	0.0	0.0	0.195632	0.0	0.321918	0.0	0.368504	0.152428	0.198634	0.0	0.0	0.125242	0.0	0.139744	0.0	0.0	0.0
Node 146		0.180444	0.15458	0.36528	0.16737	0.0	0.0	0.0	0.0	0.37736200000000003	0.0	0.12175599999999999	0.155576	0.172638	0.152428	0.0	0.256532	0.25619200000000003	0.0	0.0	0.139744	0.0	0.0	0.0
Node 342		0.0	0.509112	0.344146	0.10652800000000001	0.0	0.0	0.292998	0.323902	0.0	0.107036	0.112004	0.0	0.172638	0.0	0.0	0.0	0.0	0.125242	0.119932	0.139744	0.277522	0.0	0.0
Node 391		0.16008	0.0	0.0	0.0	0.0	0.285618	0.0	0.15287	0.0	0.0	0.0	0.0	0.0	0.17857	0.15948600000000002	0.0	0.0	0.18975	0.191306	0.199068	0.298896	0.0	0.0
Node 177		0.33106599999999997	0.35453199999999996	0.17845	0.0	0.141138	0.135582	0.162352	0.5114139999999999	0.0	0.0	0.112004	0.179242	0.176936	0.163314	0.104214	0.15438	0.0	0.0	0.191306	0.199068	0.277522	0.0	0.0
Node 159		0.340524	0.33643599999999996	0.0	0.302068	0.0	0.0	0.0	0.378666	0.18173	0.0	0.26618800000000004	0.364682	0.0	0.0	0.0	0.139514	0.0	0.153394	0.0	0.0	0.180438	0.0	0.0
Node 260		0.4882	0.17918599999999998	0.0	0.16737	0.19855599999999998	0.268078	0.10149799999999999	0.15287	0.0	0.18076	0.173808	0.114182	0.0	0.152428	0.0	0.0	0.0	0.195932	0.129446	0.129698	0.169984	0.0	0.0
Node 94		0.0	0.115476	0.35476599999999997	0.0	0.0	0.132496	0.0	0.0	0.182078	0.18076	0.141302	0.34101600000000004	0.0	0.0	0.0	0.0	0.0	0.195932	0.129446	0.0	0.14530400000000002	0.0	0.0
Node 309		0.0	0.0	0.0	0.183838	0.0	0.42119999999999996	0.170044	0.0	0.18173	0.18076	0.285812	0.114182	0.0	0.14553000000000002	0.125756	0.0	0.0	0.15091200000000002	0.24937800000000002	0.0	0.191358	0.0	0.0
Node 85		0.33106599999999997	0.15458	0.0	0.16737	0.374474	0.0	0.0	0.187512	0.311432	0.0	0.0	0.179242	0.0	0.0	0.335352	0.317394	0.135038	0.15091200000000002	0.129446	0.0	0.560152	0.0	0.0
Node 77		0.0	0.0	0.0	0.0	0.0	0.0	0.0	0.132748	0.195632	0.0	0.0	0.0	0.0	0.0	0.0	0.284504	0.135038	0.195932	0.0	0.0	0.107538	0.0	0.0
Node 86		0.0	0.33643599999999996	0.0	0.183838	0.165914	0.132496	0.33110599999999996	0.15287	0.0	0.0	0.31511	0.0	0.172638	0.17857	0.125756	0.29937	0.17424599999999998	0.195932	0.119932	0.129698	0.39016799999999996	0.0	0.0
Node 153		0.0	0.0	0.0	0.0	0.0	0.15183200000000002	0.31757399999999997	0.15287	0.18173	0.0	0.141302	0.18544	0.0	0.493988	0.0	0.181156	0.0	0.125242	0.129446	0.199068	0.107538	0.0	0.0
Node 203		0.307166	0.197282	0.0	0.19554	0.129468	0.15183200000000002	0.0	0.187512	0.18173	0.18076	0.173808	0.16283599999999998	0.176936	0.34188399999999997	0.16428199999999998	0.0	0.0	0.0	0.129446	0.0	0.0	0.0	0.0
Node 204		0.0	0.15458	0.17845	0.11197399999999999	0.141138	0.15183200000000002	0.10149799999999999	0.0	0.0	0.18076	0.173808	0.16283599999999998	0.176936	0.0	0.0	0.0	0.0	0.0	0.110836	0.155866	0.0	0.0	0.0
Node 421		0.180444	0.0	0.0	0.379378	0.0	0.0	0.10149799999999999	0.0	0.0	0.0	0.295564	0.18544	0.172638	0.0	0.301622	0.0	0.17424599999999998	0.278636	0.0	0.0	0.0	0.0	0.0
Node 42		0.0	0.0	0.0	0.183838	0.129468	0.132496	0.10149799999999999	0.0	0.195632	0.210288	0.13022999999999998	0.0	0.176936	0.0	0.0	0.0	0.135038	0.45422199999999996	0.0	0.0	0.169984	0.0	0.0
Node 380		0.361478	0.197282	0.0	0.0	0.17522	0.132496	0.0	0.132748	0.0	0.18076	0.173808	0.17536400000000002	0.0	0.124414	0.0	0.139514	0.0	0.308134	0.129446	0.0	0.476332	0.0	0.0
Node 184		0.16008	0.0	0.312712	0.16737	0.141138	0.0	0.0	0.0	0.0	0.136928	0.185772	0.29342399999999996	0.139478	0.0	0.0	0.15438	0.0	0.18975	0.0	0.139744	0.0	0.0	0.0
Node 368		0.180444	0.0	0.17845	0.35120799999999996	0.252316	0.0	0.15514999999999998	0.344024	0.171778	0.31768799999999997	0.173808	0.155576	0.0	0.344656	0.0	0.0	0.19871799999999998	0.0	0.191306	0.0	0.0	0.0	0.0
Node 271		0.491146	0.0	0.176316	0.35120799999999996	0.0	0.0	0.170044	0.0	0.195632	0.18076	0.185772	0.155576	0.263398	0.370798	0.0	0.0	0.25619200000000003	0.153394	0.191306	0.0	0.374562	0.0	0.0
Node 186		0.0	0.0	0.0	0.16737	0.19855599999999998	0.0	0.15514999999999998	0.0	0.0	0.18076	0.185772	0.364682	0.176936	0.0	0.0	0.14499	0.122404	0.0	0.24937800000000002	0.0	0.0	0.0	0.0
Node 297		0.0	0.16333999999999999	0.49964800000000004	0.0	0.339694	0.132496	0.162352	0.0	0.18173	0.0	0.112004	0.0	0.0	0.0	0.0	0.0	0.0	0.18975	0.119932	0.0	0.0	0.0	0.0
Node 109		0.0	0.35453199999999996	0.16783	0.183838	0.19855599999999998	0.28438399999999997	0.0	0.0	0.0	0.0	0.0	0.16283599999999998	0.0	0.0	0.439566	0.14499	0.315516	0.0	0.287544	0.0	0.107538	0.0	0.0
Node 396		0.147086	0.0	0.323332	0.19554	0.1939	0.132496	0.271542	0.0	0.311432	0.107036	0.12175599999999999	0.114182	0.176936	0.0	0.0	0.0	0.0	0.195932	0.24937800000000002	0.0	0.19881000000000001	0.0	0.0
Node 126		0.180444	0.15458	0.839628	0.0	0.254984	0.135582	0.0	0.0	0.18173	0.0	0.295564	0.155576	0.0	0.523226	0.0	0.0	0.0	0.153394	0.0	0.0	0.0	0.0	0.0
Node 228		0.0	0.0	0.0	0.0	0.0	0.135582	0.14753	0.323902	0.37736200000000003	0.18076	0.0	0.179242	0.364206	0.163314	0.0	0.293894	0.0	0.33341	0.0	0.138626	0.4442	0.0	0.0
Node 288		0.147086	0.193358	0.0	0.0	0.1939	0.41991	0.0	0.0	0.0	0.10929799999999999	0.0	0.0	0.0	0.17857	0.0	0.0	0.135038	0.0	0.0	0.0	0.4442	0.0	0.0
Node 337		0.0	0.17918599999999998	0.176316	0.0	0.0	0.0	0.30268	0.15287	0.0	0.18076	0.12175599999999999	0.0	0.139478	0.0	0.0	0.0	0.17424599999999998	0.349326	0.0	0.0	0.0	0.0	0.0
Node 311		0.0	0.15458	0.0	0.0	0.0	0.0	0.0	0.0	0.0	0.0	0.30403800000000003	0.0	0.0	0.0	0.290038	0.0	0.11679800000000001	0.278636	0.283878	0.13427	0.14530400000000002	0.0	0.0
Node 181		0.0	0.0	0.17845	0.16737	0.0	0.266282	0.30268	0.0	0.311432	0.329444	0.269866	0.0	0.0	0.0	0.0	0.0	0.0	0.0	0.37663599999999997	0.269442	0.107538	0.0	0.0
Node 172		0.16008	0.15725	0.0	0.546748	0.0	0.0	0.0	0.0	0.182078	0.0	0.269866	0.0	0.0	0.163314	0.285242	0.15438	0.13378800000000002	0.278636	0.0	0.129698	0.14530400000000002	0.0	0.0
Node 168		0.180444	0.333766	0.510162	0.0	0.1939	0.0	0.0	0.14386200000000002	0.0	0.10929799999999999	0.12488600000000001	0.0	0.0	0.14553000000000002	0.0	0.14499	0.0	0.195932	0.47518400000000005	0.0	0.13884	0.0	0.0
Node 84		0.0	0.0	0.0	0.19554	0.129468	0.15183200000000002	0.14753	0.0	0.18173	0.0	0.173808	0.18544	0.0	0.330998	0.0	0.14499	0.25619200000000003	0.0	0.0	0.269442	0.191358	0.0	0.0
Node 237		0.150032	0.15458	0.0	0.0	0.19855599999999998	0.315848	0.287772	0.132748	0.0	0.0	0.295564	0.0	0.0	0.0	0.0	0.0	0.123554	0.0	0.0	0.0	0.0	0.0	0.0
Node 280		0.147086	0.35778	0.0	0.35120799999999996	0.0	0.0	0.170044	0.0	0.0	0.18076	0.13022999999999998	0.16283599999999998	0.0	0.0	0.125756	0.0	0.0	0.125242	0.129446	0.0	0.107538	0.0	0.0
Node 347		0.0	0.0	0.0	0.19554	0.141138	0.0	0.0	0.0	0.0	0.0	0.12175599999999999	0.0	0.176936	0.0	0.0	0.0	0.135038	0.195932	0.0	0.0	0.191358	0.0	0.0
Node 220		0.0	0.15725	0.49964800000000004	0.156342	0.232426	0.268078	0.0	0.15287	0.0	0.0	0.12175599999999999	0.0	0.0	0.152104	0.0	0.256532	0.135038	0.34477399999999997	0.154432	0.199068	0.0	0.0	0.0
Node 164		0.180444	0.15725	0.312712	0.136148	0.129468	0.132496	0.30268	0.132748	0.0	0.136928	0.0	0.0	0.176936	0.163314	0.0	0.0	0.135038	0.0	0.0	0.0	0.0	0.0	0.0
Node 336		0.0	0.0	0.144882	0.19554	0.0	0.132496	0.14753	0.191154	0.0	0.0	0.185772	0.334818	0.12392	0.17857	0.0	0.0	0.122404	0.0	0.37663599999999997	0.328766	0.277522	0.0	0.0
Node 188		0.0	0.0	0.17845	0.0	0.141138	0.0	0.0	0.191154	0.18173	0.18076	0.173808	0.18544	0.0	0.152104	0.0	0.139514	0.0	0.0	0.32075200000000004	0.659694	0.35809599999999997	0.0	0.0
Node 136		0.180444	0.17918599999999998	0.326752	0.183838	0.0	0.132496	0.15514999999999998	0.323902	0.353508	0.0	0.0	0.0	0.0	0.17857	0.0	0.0	0.135038	0.278636	0.0	0.0	0.0	0.133618	0.0
Node 201		0.0	0.351862	0.19745000000000001	0.0	0.270606	0.0	0.10149799999999999	0.132748	0.129702	0.18076	0.26618800000000004	0.114182	0.312116	0.297958	0.175866	0.293894	0.0	0.0	0.129446	0.129698	0.0	0.0	0.0
Node 289		0.0	0.193358	0.35476599999999997	0.0	0.0	0.0	0.0	0.32026	0.18173	0.136928	0.12175599999999999	0.364682	0.349574	0.0	0.175866	0.0	0.0	0.125242	0.110836	0.199068	0.361342	0.0	0.0
Node 319		0.0	0.6426000000000001	0.176316	0.35120799999999996	0.0	0.180266	0.0	0.0	0.0	0.18076	0.12175599999999999	0.155576	0.0	0.152428	0.15948600000000002	0.0	0.0	0.18975	0.18533	0.16273800000000002	0.0	0.0	0.0
Node 235		0.180444	0.0	0.176316	0.35120799999999996	0.129468	0.0	0.271542	0.323902	0.0	0.18076	0.0	0.0	0.312116	0.297958	0.0	0.0	0.0	0.153394	0.274364	0.0	0.361342	0.0	0.0
Node 236		0.0	0.0	0.342332	0.0	0.1939	0.0	0.170044	0.0	0.0	0.18076	0.185772	0.0	0.176936	0.19222799999999998	0.340148	0.0	0.0	0.125242	0.119932	0.659694	0.14530400000000002	0.0	0.0
Node 314		0.180444	0.0	0.0	0.26489	0.0	0.133786	0.14753	0.15287	0.0	0.0	0.295564	0.0	0.349574	0.17857	0.16428199999999998	0.326146	0.0	0.278636	0.0	0.0	0.107538	0.0	0.0
Node 363		0.0	0.34793799999999997	0.0	0.35120799999999996	0.0	0.133786	0.15514999999999998	0.0	0.0	0.0	0.13022999999999998	0.0	0.176936	0.0	0.0	0.0	0.0	0.125242	0.191306	0.199068	0.0	0.0	0.0
Node 238		0.33106599999999997	0.15458	0.312712	0.0	0.0	0.0	0.14753	0.0	0.0	0.0	0.12175599999999999	0.0	0.176936	0.0	0.0	0.326784	0.49536800000000003	0.308134	0.24937800000000002	0.269442	0.19881000000000001	0.0	0.0
Node 405		0.310112	0.0	0.19745000000000001	0.0	0.0	0.0	0.0	0.0	0.18173	0.0	0.295564	0.155576	0.0	0.0	0.0	0.0	0.17424599999999998	0.125242	0.129446	0.0	0.0	0.0	0.0
Node 174		0.147086	0.17918599999999998	0.686478	0.0	0.141138	0.284328	0.15514999999999998	0.0	0.0	0.18076	0.0	0.155576	0.191568	0.17857	0.0	0.0	0.122404	0.195932	0.129446	0.337694	0.0	0.0	0.0
Node 345		0.181034	0.0	0.17845	0.36291	0.0	0.15183200000000002	0.10149799999999999	0.0	0.18173	0.0	0.0	0.179242	0.172638	0.10546	0.16428199999999998	0.0	0.45833	0.278636	0.311312	0.0	0.361342	0.0	0.0
Node 68		0.181034	0.350608	0.864928	0.183838	0.0	0.132496	0.0	0.191154	0.0	0.0	0.23376	0.155576	0.0	0.163314	0.16428199999999998	0.0	0.257442	0.153394	0.0	0.191184	0.107538	0.0	0.0
Node 482		0.18279399999999998	0.0	0.16783	0.169726	0.0	0.0	0.15514999999999998	0.0	0.308998	0.18076	0.0	0.0	0.42309	0.19222799999999998	0.175866	0.139514	0.135038	0.125242	0.0	0.328766	0.19881000000000001	0.0	0.0
Node 73		0.32753	0.197282	0.552216	0.183838	0.468774	0.0	0.0	0.0	0.19617400000000002	0.0	0.12175599999999999	0.179242	0.0	0.152428	0.301622	0.0	0.0	0.0	0.119932	0.337694	0.191358	0.0	0.0
Node 74		0.490556	0.35453199999999996	0.344146	0.183838	0.102958	0.15183200000000002	0.0	0.132748	0.0	0.0	0.0	0.0	0.176936	0.124414	0.323588	0.14499	0.122404	0.0	0.129446	0.155866	0.0	0.0	0.0
Node 377		0.0	0.17918599999999998	0.144882	0.0	0.149358	0.0	0.0	0.0	0.129702	0.18076	0.173808	0.0	0.0	0.0	0.301622	0.0	0.0	0.349326	0.0	0.0	0.0	0.0	0.0
Node 388		0.0	0.0	0.32119800000000004	0.0	0.1939	0.135582	0.0	0.13877799999999998	0.0	0.0	0.0	0.0	0.172638	0.0	0.175866	0.326146	0.17424599999999998	0.133048	0.0	0.139744	0.19881000000000001	0.0	0.0
Node 317		0.0	0.333766	0.0	0.169726	0.129468	0.0	0.10149799999999999	0.0	0.18173	0.18076	0.0	0.0	0.312116	0.45011599999999996	0.0	0.0	0.17424599999999998	0.153394	0.0	0.199068	0.188112	0.0	0.0
Node 376		0.285688	0.33643599999999996	0.144882	0.0	0.0	0.285618	0.0	0.0	0.0	0.18076	0.0	0.18544	0.0	0.152428	0.44952400000000003	0.0	0.0	0.278636	0.129446	0.129698	0.0	0.0	0.0
Node 64		0.0	0.197282	0.3759	0.152916	0.0	0.0	0.10149799999999999	0.0	0.0	0.136928	0.0	0.18544	0.0	0.315742	0.0	0.0	0.0	0.153394	0.129446	0.0	0.0	0.0	0.0
Node 194		0.16008	0.31183	0.144882	0.183838	0.448884	0.0	0.0	0.132748	0.18173	0.0	0.112004	0.179242	0.12392	0.152428	0.499634	0.0	0.0	0.125242	0.16069999999999998	0.0	0.0	0.0	0.0
Node 324		0.0	0.197282	0.34628	0.16737	0.0	0.0	0.0	0.13877799999999998	0.0	0.0	0.35958	0.114182	0.12392	0.315742	0.198634	0.14499	0.0	0.0	0.0	0.0	0.36879399999999996	0.0	0.0
Node 443		0.0	0.0	0.0	0.336754	0.0	0.135582	0.10149799999999999	0.0	0.0	0.10929799999999999	0.0	0.179242	0.300856	0.163314	0.340148	0.0	0.29664999999999997	0.125242	0.0	0.269442	0.487008	0.0	0.0
Node 487		0.0	0.115476	0.17845	0.183838	0.129468	0.285618	0.0	0.15287	0.0	0.0	0.13022999999999998	0.114182	0.0	0.0	0.290038	0.0	0.0	0.32117399999999996	0.0	0.0	0.0	0.0	0.0
Node 457		0.490556	0.0	0.16783	0.16737	0.129468	0.41991	0.15514999999999998	0.0	0.36741	0.246226	0.173808	0.0	0.176936	0.0	0.125756	0.0	0.135038	0.0	0.110836	0.0	0.0	0.0	0.0
Node 34		0.0	0.517872	0.312712	0.0	0.0	0.0	0.15514999999999998	0.132748	0.0	0.0	0.0	0.0	0.0	0.330998	0.175866	0.14499	0.135038	0.0	0.18533	0.328766	0.36879399999999996	0.0	0.0
Node 169		0.32753	0.0	0.17845	0.16737	0.19855599999999998	0.0	0.0	0.0	0.18173	0.17328000000000002	0.263058	0.0	0.0	0.322506	0.0	0.0	0.17424599999999998	0.153394	0.191306	0.139744	0.14530400000000002	0.0	0.0
Node 90		0.340524	0.0	0.344146	0.183838	0.0	0.15183200000000002	0.10149799999999999	0.0	0.0	0.10325200000000001	0.0	0.299622	0.44811399999999996	0.34188399999999997	0.290038	0.0	0.309008	0.125242	0.24937800000000002	0.199068	0.191358	0.0	0.0
Node 265		0.0	0.0	0.34628	0.152916	0.270606	0.132496	0.0	0.0	0.0	0.287796	0.0	0.179242	0.172638	0.152428	0.0	0.0	0.135038	0.0	0.176708	0.199068	0.0	0.0	0.0
Node 378		0.0	0.0	0.0	0.0	0.0	0.0	0.0	0.0	0.125378	0.0	0.0	0.155576	0.12392	0.0	0.0	0.0	0.0	0.133048	0.0	0.0	0.14530400000000002	0.0	0.0
Node 425		0.0	0.15892199999999998	0.16783	0.36291	0.19855599999999998	0.287414	0.15514999999999998	0.0	0.18173	0.0	0.0	0.0	0.176936	0.0	0.335352	0.139514	0.0	0.0	0.129446	0.199068	0.19881000000000001	0.0	0.0
Node 52		0.330476	0.33643599999999996	0.0	0.19554	0.343258	0.15183200000000002	0.0	0.0	0.127268	0.0	0.295564	0.0	0.0	0.17857	0.0	0.14499	0.0	0.125242	0.119932	0.191184	0.188112	0.0	0.0
Node 49		0.361478	0.0	0.0	0.0	0.468774	0.135582	0.0	0.191154	0.18173	0.290058	0.0	0.179242	0.176936	0.0	0.0	0.181156	0.135038	0.0	0.191306	0.199068	0.361342	0.0	0.0
Node 105		0.18279399999999998	0.0	0.144882	0.0	0.129468	0.135582	0.14753	0.14386200000000002	0.195632	0.0	0.13022999999999998	0.341268	0.176936	0.17857	0.0	0.14499	0.0	0.0	0.110836	0.139744	0.191358	0.0	0.0
Node 192		0.0	0.0	0.16783	0.183838	0.129468	0.0	0.0	0.0	0.195632	0.31768799999999997	0.112004	0.0	0.139478	0.152428	0.125756	0.14499	0.135038	0.153394	0.0	0.0	0.14530400000000002	0.0	0.0
Node 166		0.361478	0.0	0.17845	0.0	0.270606	0.287414	0.175956	0.0	0.0	0.18076	0.12175599999999999	0.0	0.31641400000000003	0.17857	0.16428199999999998	0.315502	0.0	0.195932	0.24937800000000002	0.0	0.529008	0.0	0.0
Node 480		0.490556	0.115476	0.0	0.0	0.125516	0.135582	0.0	0.14386200000000002	0.0	0.107036	0.0	0.364682	0.312116	0.330998	0.0	0.15438	0.19871799999999998	0.0	0.0	0.0	0.0	0.0	0.0
Node 41		0.0	0.17918599999999998	0.0	0.35120799999999996	0.0	0.0	0.30268	0.0	0.18173	0.164338	0.173808	0.114182	0.0	0.0	0.335352	0.14499	0.0	0.0	0.129446	0.0	0.0	0.0	0.0
Node 127		0.0	0.0	0.0	0.19554	0.0	0.0	0.14753	0.323902	0.129702	0.14868399999999998	0.0	0.16283599999999998	0.139478	0.0	0.16428199999999998	0.284504	0.0	0.314992	0.129446	0.338812	0.107538	0.0	0.0
Node 301		0.0	0.0	0.35476599999999997	0.183838	0.0	0.15183200000000002	0.170044	0.5114139999999999	0.125378	0.0	0.12175599999999999	0.0	0.0	0.17857	0.0	0.0	0.17424599999999998	0.153394	0.440684	0.129698	0.0	0.0	0.0
Node 379		0.34111400000000003	0.0	0.0	0.11197399999999999	0.141138	0.133786	0.15514999999999998	0.0	0.353508	0.0	0.285812	0.0	0.0	0.330998	0.0	0.14499	0.0	0.195932	0.311238	0.659694	0.191358	0.0	0.0
Node 488		0.0	0.115476	0.19745000000000001	0.152916	0.0	0.0	0.15514999999999998	0.0	0.50274	0.0	0.12175599999999999	0.0	0.191568	0.370798	0.0	0.0	0.0	0.0	0.154432	0.199068	0.19881000000000001	0.0	0.0
Node 147		0.0	0.0	0.0	0.0	0.252316	0.0	0.0	0.32629	0.195632	0.18076	0.0	0.0	0.12392	0.0	0.39995200000000003	0.0	0.0	0.0	0.0	0.0	0.33666199999999996	0.0	0.0
Node 417		0.0	0.333766	0.0	0.0	0.141138	0.132496	0.0	0.0	0.0	0.0	0.14811	0.0	0.368504	0.17857	0.0	0.14499	0.0	0.0	0.0	0.0	0.0	0.0	0.0
Node 253		0.180444	0.0	0.323332	0.0	0.0	0.135582	0.0	0.132748	0.37736200000000003	0.0	0.321918	0.0	0.0	0.152428	0.0	0.15438	0.135038	0.18975	0.119932	0.0	0.107538	0.0	0.0
Node 173		0.0	0.197282	0.3759	0.183838	0.0	0.287414	0.256648	0.0	0.0	0.0	0.0	0.0	0.315488	0.0	0.0	0.170512	0.0	0.32117399999999996	0.129446	0.129698	0.107538	0.0	0.0
Node 401		0.181034	0.0	0.312712	0.16737	0.129468	0.135582	0.33110599999999996	0.191154	0.0	0.18076	0.0	0.179242	0.176936	0.0	0.0	0.14499	0.25619200000000003	0.153394	0.0	0.337694	0.19881000000000001	0.0	0.0
Node 241		0.150032	0.35453199999999996	0.3759	0.16737	0.0	0.133786	0.0	0.187512	0.0	0.18076	0.141302	0.155576	0.176936	0.0	0.175866	0.0	0.0	0.0	0.0	0.330928	0.191358	0.0	0.0
Node 293		0.181034	0.35453199999999996	0.344146	0.35188200000000003	0.0	0.15183200000000002	0.30268	0.554542	0.18173	0.0	0.173808	0.0	0.176936	0.476528	0.16428199999999998	0.497296	0.309284	0.278636	0.129446	0.155866	0.19881000000000001	0.0	0.0
Node 155		0.147086	0.115476	0.17845	0.0	0.477382	0.133786	0.0	0.0	0.18173	0.10325200000000001	0.0	0.0	0.16221	0.0	0.16428199999999998	0.293894	0.0	0.278636	0.0	0.129698	0.180438	0.0	0.0
Node 66		0.181034	0.15458	0.35476599999999997	0.10652800000000001	0.335038	0.0	0.15514999999999998	0.15287	0.0	0.345098	0.185772	0.18544	0.172638	0.355542	0.125756	0.14499	0.0	0.195932	0.119932	0.0	0.107538	0.0	0.0
Node 227		0.181034	0.333766	0.35476599999999997	0.16737	0.0	0.135582	0.0	0.0	0.129702	0.18076	0.0	0.0	0.0	0.46907	0.125756	0.172404	0.122404	0.0	0.0	0.139744	0.107538	0.0	0.0
Node 4		0.18279399999999998	0.0	0.0	0.0	0.0	0.132496	0.0	0.0	0.37736200000000003	0.0	0.173808	0.16283599999999998	0.0	0.0	0.125756	0.326146	0.284084	0.314992	0.0	0.0	0.0	0.0	0.0
Node 104		0.147086	0.0	0.342332	0.19554	0.129468	0.15183200000000002	0.0	0.291648	0.0	0.18076	0.173808	0.277018	0.0	0.17857	0.0	0.14499	0.257442	0.0	0.119932	0.129698	0.333416	0.0	0.0
Node 402		0.0	0.0	0.0	0.0	0.270606	0.15183200000000002	0.256648	0.187512	0.0	0.18076	0.26618800000000004	0.155576	0.0	0.0	0.125756	0.0	0.17424599999999998	0.0	0.0	0.337694	0.107538	0.0	0.0
Node 197		0.0	0.0	0.17845	0.44872799999999996	0.102958	0.0	0.0	0.0	0.311432	0.10325200000000001	0.0	0.0	0.0	0.0	0.290038	0.0	0.17397	0.343144	0.0	0.0	0.0	0.0	0.0
Node 185		0.48761000000000004	0.0	0.0	0.183838	0.1939	0.0	0.0	0.0	0.18173	0.0	0.0	0.155576	0.496832	0.0	0.16428199999999998	0.172404	0.0	0.0	0.191306	0.139744	0.0	0.0	0.0
Node 277		0.147086	0.33643599999999996	0.0	0.19554	0.0	0.132496	0.27810399999999996	0.329932	0.0	0.107036	0.30403800000000003	0.0	0.0	0.0	0.0	0.0	0.0	0.0	0.339762	0.129698	0.191358	0.0	0.0
Node 143		0.0	0.115476	0.344146	0.16737	0.15654200000000001	0.0	0.0	0.15287	0.0	0.136928	0.12175599999999999	0.0	0.0	0.34188399999999997	0.0	0.0	0.135038	0.153394	0.129446	0.0	0.107538	0.0	0.0
Node 426		0.0	0.115476	0.17845	0.16737	0.254984	0.0	0.10149799999999999	0.187512	0.36741	0.0	0.0	0.0	0.263398	0.155934	0.0	0.284504	0.29104399999999997	0.409202	0.0	0.139744	0.560152	0.0	0.0
Node 432		0.141868	0.33643599999999996	0.17845	0.0	0.0	0.135582	0.0	0.0	0.171778	0.0	0.173808	0.18544	0.172638	0.152428	0.15948600000000002	0.139514	0.309284	0.0	0.311238	0.129698	0.29564999999999997	0.0	0.0
Node 284		0.32988	0.0	0.144882	0.152916	0.141138	0.254252	0.175956	0.15287	0.0	0.0	0.26618800000000004	0.155576	0.0	0.17857	0.0	0.0	0.426082	0.153394	0.514646	0.129698	0.191358	0.0	0.0
Node 369		0.0	0.0	0.0	0.16737	0.24409599999999998	0.269368	0.0	0.335016	0.171778	0.18076	0.0	0.0	0.12392	0.14553000000000002	0.109914	0.0	0.0	0.125242	0.274364	0.129698	0.0	0.0	0.0
Node 408		0.340524	0.0	0.293352	0.19554	0.0	0.132496	0.0	0.476772	0.0	0.0	0.0	0.0	0.0	0.17857	0.0	0.14499	0.19871799999999998	0.0	0.0	0.46851000000000004	0.191358	0.0	0.0
Node 80		0.0	0.197282	0.0	0.0	0.1939	0.132496	0.170044	0.191154	0.18173	0.18076	0.173808	0.155576	0.0	0.152428	0.340148	0.280218	0.19871799999999998	0.0	0.110836	0.0	0.0	0.0	0.0
Node 130		0.34111400000000003	0.0	0.144882	0.16737	0.46450600000000003	0.132496	0.256648	0.0	0.0	0.18076	0.173808	0.18544	0.176936	0.0	0.125756	0.0	0.0	0.0	0.191306	0.139744	0.36879399999999996	0.0	0.0
Node 134		0.0	0.0	0.16783	0.0	0.0	0.135582	0.10149799999999999	0.191154	0.19617400000000002	0.18076	0.12488600000000001	0.0	0.176936	0.315742	0.285242	0.326784	0.0	0.0	0.55152	0.0	0.350422	0.0	0.0
Node 410		0.0	0.351862	0.144882	0.0	0.0	0.0	0.0	0.0	0.0	0.18076	0.378192	0.0	0.139478	0.302984	0.175866	0.0	0.0	0.278636	0.191306	0.199068	0.107538	0.0	0.0
Node 230		0.16008	0.15725	0.17845	0.35120799999999996	0.0	0.332098	0.10149799999999999	0.0	0.0	0.10325200000000001	0.0	0.114182	0.176936	0.0	0.0	0.0	0.17424599999999998	0.125242	0.110836	0.191184	0.14530400000000002	0.0	0.0
Node 171		0.0	0.0	0.144882	0.0	0.19855599999999998	0.0	0.0	0.285618	0.18173	0.18076	0.0	0.0	0.0	0.0	0.175866	0.0	0.29104399999999997	0.0	0.129446	0.0	0.298896	0.0	0.0
Node 412		0.147086	0.0	0.0	0.0	0.0	0.132496	0.10149799999999999	0.132748	0.0	0.136928	0.0	0.28954599999999997	0.29655800000000004	0.10546	0.0	0.0	0.17424599999999998	0.0	0.129446	0.0	0.191358	0.0	0.0
Node 366		0.16008	0.17918599999999998	0.323332	0.2817	0.141138	0.0	0.0	0.191154	0.18173	0.0	0.0	0.0	0.12392	0.17857	0.0	0.14499	0.135038	0.0	0.0	0.191184	0.107538	0.0	0.0
Node 234		0.181034	0.197282	0.323332	0.0	0.0	0.287414	0.33110599999999996	0.132748	0.18173	0.0	0.0	0.155576	0.139478	0.235738	0.0	0.0	0.0	0.32117399999999996	0.311238	0.199068	0.0	0.0	0.0
Node 278		0.147086	0.34793799999999997	0.16783	0.0	0.0	0.0	0.15514999999999998	0.0	0.195632	0.33349999999999996	0.185772	0.0	0.0	0.461002	0.0	0.15438	0.19871799999999998	0.195932	0.119932	0.139744	0.0	0.0	0.0
Node 255		0.34111400000000003	0.17918599999999998	0.19342199999999998	0.35120799999999996	0.0	0.315848	0.0	0.0	0.0	0.18076	0.0	0.0	0.0	0.0	0.175866	0.0	0.309008	0.153394	0.191306	0.0	0.169984	0.0	0.0
Node 413		0.33106599999999997	0.15725	0.17845	0.0	0.0	0.44460999999999995	0.15514999999999998	0.323902	0.0	0.46107600000000004	0.141302	0.155576	0.176936	0.0	0.0	0.0	0.0	0.153394	0.0	0.0	0.0	0.0	0.0
Node 436		0.180444	0.33643599999999996	0.0	0.0	0.102958	0.0	0.0	0.0	0.0	0.287796	0.321918	0.0	0.139478	0.0	0.109914	0.280218	0.135038	0.0	0.32075200000000004	0.0	0.0	0.0	0.0
Node 485		0.330476	0.0	0.176316	0.152916	0.0	0.135582	0.0	0.14386200000000002	0.195632	0.164338	0.173808	0.155576	0.0	0.0	0.35517	0.0	0.19871799999999998	0.0	0.119932	0.0	0.107538	0.0	0.0
Node 305		0.0	0.17918599999999998	0.176316	0.11197399999999999	0.24409599999999998	0.0	0.0	0.0	0.0	0.18076	0.173808	0.0	0.312116	0.152428	0.175866	0.317394	0.135038	0.0	0.0	0.297008	0.180438	0.0	0.0
Node 364		0.0	0.197282	0.0	0.11197399999999999	0.0	0.0	0.270484	0.14386200000000002	0.0	0.10929799999999999	0.295564	0.0	0.176936	0.0	0.125756	0.0	0.32112199999999996	0.278636	0.0	0.0	0.107538	0.0	0.0
Node 484		0.16008	0.0	0.344146	0.0	0.102958	0.0	0.0	0.132748	0.0	0.42900000000000005	0.173808	0.155576	0.0	0.0	0.125756	0.170512	0.0	0.18975	0.40381	0.199068	0.0	0.0	0.0
Node 140		0.0	0.15458	0.17845	0.35120799999999996	0.0	0.292124	0.0	0.0	0.0	0.0	0.295564	0.179242	0.0	0.0	0.0	0.0	0.0	0.0	0.0	0.0	0.0	0.0	0.0
Node 439		0.16008	0.17918599999999998	0.17845	0.336754	0.0	0.541666	0.170044	0.132748	0.0	0.18076	0.0	0.0	0.0	0.10546	0.0	0.0	0.17424599999999998	0.125242	0.24937800000000002	0.0	0.0	0.0	0.0
Node 285		0.181034	0.15725	0.0	0.16737	0.1939	0.26679400000000003	0.14753	0.0	0.0	0.18076	0.173808	0.0	0.0	0.0	0.0	0.14499	0.25619200000000003	0.133048	0.0	0.199068	0.0	0.0	0.0
Node 196		0.0	0.17918599999999998	0.0	0.515826	0.0	0.135582	0.14753	0.285618	0.18173	0.0	0.185772	0.0	0.176936	0.0	0.16428199999999998	0.0	0.135038	0.0	0.129446	0.297008	0.0	0.0	0.0
Node 218		0.0	0.0	0.19745000000000001	0.16737	0.270606	0.0	0.0	0.0	0.127268	0.18076	0.0	0.16283599999999998	0.172638	0.403418	0.0	0.0	0.0	0.195932	0.49746	0.0	0.107538	0.0	0.0
Node 98		0.138602	0.33643599999999996	0.0	0.0	0.165914	0.135582	0.0	0.32026	0.127268	0.0	0.0	0.114182	0.31641400000000003	0.0	0.125756	0.0	0.17424599999999998	0.0	0.119932	0.0	0.191358	0.0	0.0
Node 478		0.0	0.15725	0.17845	0.0	0.0	0.0	0.170044	0.0	0.311432	0.0	0.12488600000000001	0.114182	0.0	0.0	0.175866	0.15438	0.0	0.153394	0.416474	0.0	0.298896	0.0	0.0
Node 131		0.0	0.509112	0.34628	0.183838	0.141138	0.0	0.10149799999999999	0.0	0.18173	0.0	0.425466	0.0	0.176936	0.19222799999999998	0.290038	0.0	0.309284	0.0	0.0	0.0	0.333416	0.0	0.0
Node 11		0.330476	0.0	0.16783	0.0	0.125516	0.0	0.0	0.15287	0.192802	0.0	0.173808	0.0	0.0	0.19222799999999998	0.198634	0.0	0.0	0.349326	0.110836	0.0	0.107538	0.0	0.0
Node 110		0.34111400000000003	0.115476	0.0	0.0	0.252316	0.0	0.170044	0.132748	0.18173	0.329444	0.396168	0.0	0.172638	0.0	0.0	0.0	0.19871799999999998	0.153394	0.440684	0.129698	0.191358	0.0	0.0
Node 229		0.0	0.193358	0.0	0.16737	0.0	0.0	0.170044	0.335016	0.0	0.42900000000000005	0.0	0.0	0.0	0.330998	0.125756	0.315502	0.0	0.0	0.37663599999999997	0.199068	0.191358	0.0	0.0
Node 479		0.0	0.115476	0.344146	0.46043000000000006	0.0	0.0	0.170044	0.335016	0.18173	0.136928	0.298694	0.0	0.139478	0.297958	0.15948600000000002	0.0	0.135038	0.0	0.191306	0.191184	0.33666199999999996	0.0	0.0
Node 26		0.33106599999999997	0.197282	0.361252	0.19554	0.129468	0.0	0.10149799999999999	0.187512	0.32101	0.0	0.0	0.0	0.0	0.17857	0.0	0.0	0.0	0.153394	0.32075200000000004	0.0	0.191358	0.0	0.0
Node 472		0.0	0.17918599999999998	0.17845	0.183838	0.270606	0.0	0.170044	0.32026	0.18173	0.0	0.31511	0.155576	0.0	0.152428	0.340148	0.0	0.0	0.0	0.24937800000000002	0.0	0.0	0.0	0.0
Node 12		0.150032	0.372544	0.0	0.16737	0.270606	0.132496	0.0	0.132748	0.18173	0.0	0.0	0.155576	0.176936	0.0	0.16428199999999998	0.172404	0.0	0.0	0.0	0.0	0.107538	0.0	0.0
Node 232		0.180444	0.193358	0.541596	0.183838	0.0	0.132496	0.170044	0.0	0.32101	0.0	0.12175599999999999	0.18544	0.12392	0.461002	0.285242	0.14499	0.122404	0.18975	0.176708	0.0	0.5354720000000001	0.0	0.0
Node 151		0.0	0.193358	0.0	0.0	0.323368	0.0	0.15514999999999998	0.323902	0.0	0.210288	0.0	0.179242	0.0	0.0	0.0	0.0	0.135038	0.0	0.0	0.129698	0.191358	0.0	0.0
Node 101		0.0	0.15458	0.16783	0.0	0.129468	0.133786	0.0	0.15287	0.18173	0.0	0.12175599999999999	0.0	0.43881	0.0	0.0	0.139514	0.0	0.153394	0.0	0.0	0.298896	0.0	0.0
Node 165		0.0	0.197282	0.17845	0.2817	0.0	0.132496	0.0	0.132748	0.0	0.18076	0.12488600000000001	0.33094	0.0	0.19222799999999998	0.0	0.0	0.135038	0.18975	0.0	0.129698	0.0	0.0	0.0
Node 139		0.16008	0.0	0.0	0.0	0.1939	0.0	0.140242	0.0	0.195632	0.10929799999999999	0.173808	0.18544	0.172638	0.152428	0.0	0.10215199999999999	0.0	0.153394	0.0	0.129698	0.19881000000000001	0.0	0.0
Node 161		0.0	0.197282	0.34628	0.183838	0.19855599999999998	0.0	0.0	0.15287	0.0	0.18076	0.295564	0.0	0.312116	0.152104	0.0	0.27266399999999996	0.0	0.125242	0.119932	0.138626	0.46887999999999996	0.0	0.0
Node 331		0.180444	0.15458	0.17845	0.0	0.17522	0.0	0.0	0.187512	0.195632	0.0	0.295564	0.0	0.0	0.17857	0.0	0.0	0.135038	0.0	0.0	0.0	0.306348	0.0	0.0
Node 0		0.363238	0.0	0.176316	0.0	0.149358	0.133786	0.31757399999999997	0.335016	0.18173	0.107036	0.13022999999999998	0.0	0.0	0.534112	0.125756	0.14499	0.43792	0.0	0.311238	0.139744	0.33666199999999996	0.0	0.0
Node 51		0.0	0.197282	0.189544	0.0	0.323368	0.132496	0.114834	0.15287	0.18173	0.0	0.173808	0.364682	0.12392	0.369406	0.0	0.14499	0.17424599999999998	0.195932	0.311238	0.199068	0.191358	0.0	0.0
Node 99		0.0	0.0	0.144882	0.0	0.0	0.15183200000000002	0.10149799999999999	0.14386200000000002	0.129702	0.18076	0.0	0.462458	0.0	0.19222799999999998	0.125756	0.0	0.0	0.0	0.0	0.138626	0.298896	0.0	0.0
Node 212		0.33106599999999997	0.17918599999999998	0.518648	0.0	0.0	0.132496	0.14753	0.0	0.0	0.136928	0.173808	0.0	0.0	0.534112	0.190888	0.0	0.0	0.15091200000000002	0.119932	0.129698	0.14530400000000002	0.0	0.0
Node 215		0.0	0.15458	0.17845	0.0	0.254984	0.132496	0.0	0.13877799999999998	0.0	0.0	0.13022999999999998	0.155576	0.0	0.0	0.15948600000000002	0.15438	0.0	0.195932	0.345738	0.0	0.14530400000000002	0.0	0.0
Node 335		0.16008	0.0	0.0	0.16737	0.0	0.15183200000000002	0.0	0.187512	0.0	0.18076	0.0	0.0	0.312116	0.59128	0.0	0.0	0.17424599999999998	0.195932	0.0	0.139744	0.0	0.0	0.0
Node 302		0.0	0.27005599999999996	0.0	0.183838	0.129468	0.0	0.0	0.0	0.50463	0.164338	0.0	0.0	0.0	0.0	0.323588	0.172404	0.0	0.0	0.0	0.0	0.0	0.0	0.0
Node 100		0.0	0.0	0.144882	0.152916	0.0	0.0	0.0	0.0	0.0	0.0	0.0	0.18544	0.0	0.17857	0.16428199999999998	0.0	0.25619200000000003	0.0	0.0	0.0	0.0	0.0	0.0
Node 141		0.330476	0.15725	0.0	0.0	0.0	0.0	0.0	0.132748	0.32101	0.0	0.0	0.0	0.176936	0.0	0.175866	0.139514	0.0	0.153394	0.119932	0.0	0.33666199999999996	0.0	0.0
Node 467		0.0	0.0	0.176316	0.183838	0.335038	0.0	0.0	0.0	0.0	0.0	0.0	0.0	0.176936	0.0	0.0	0.0	0.0	0.133048	0.154432	0.0	0.80653	0.0	0.0
Node 149		0.16008	0.0	0.16783	0.169726	0.129468	0.0	0.15514999999999998	0.0	0.18173	0.136928	0.173808	0.0	0.0	0.152428	0.16428199999999998	0.326146	0.17424599999999998	0.0	0.0	0.129698	0.0	0.0	0.0
Node 325		0.0	0.197282	0.0	0.0	0.129468	0.0	0.0	0.335016	0.0	0.0	0.173808	0.0	0.12392	0.0	0.0	0.14499	0.0	0.0	0.129446	0.129698	0.191358	0.0	0.0
Node 152		0.0	0.0	0.49116200000000004	0.0	0.19855599999999998	0.131212	0.0	0.0	0.0	0.0	0.295564	0.16283599999999998	0.0	0.0	0.0	0.0	0.0	0.0	0.129446	0.0	0.361342	0.0	0.0
Node 328		0.34111400000000003	0.0	0.175076	0.0	0.19855599999999998	0.135582	0.170044	0.285618	0.18173	0.0	0.12175599999999999	0.334818	0.176936	0.152428	0.16428199999999998	0.0	0.0	0.0	0.0	0.0	0.19881000000000001	0.0	0.0
Node 435		0.33106599999999997	0.342526	0.144882	0.302068	0.232426	0.0	0.0	0.323902	0.325334	0.10929799999999999	0.173808	0.0	0.176936	0.0	0.0	0.0	0.0	0.195932	0.0	0.199068	0.298896	0.0	0.0
Node 27		0.0	0.17918599999999998	0.176316	0.19554	0.141138	0.256048	0.0	0.0	0.323442	0.0	0.285812	0.114182	0.176936	0.152428	0.0	0.0	0.135038	0.153394	0.119932	0.139744	0.0	0.0	0.0
Node 424		0.16008	0.15458	0.144882	0.10652800000000001	0.448884	0.268078	0.0	0.191154	0.307108	0.18076	0.173808	0.0	0.12392	0.19222799999999998	0.125756	0.14499	0.0	0.153394	0.24937800000000002	0.0	0.19881000000000001	0.0	0.0
Node 244		0.0	0.17918599999999998	0.176316	0.10652800000000001	0.141138	0.135582	0.0	0.0	0.0	0.287796	0.12488600000000001	0.155576	0.0	0.163314	0.0	0.14499	0.32112199999999996	0.153394	0.0	0.199068	0.0	0.0	0.0
Node 202		0.180444	0.0	0.19342199999999998	0.34018	0.129468	0.314052	0.0	0.0	0.18173	0.18076	0.0	0.0	0.0	0.17857	0.62539	0.497296	0.135038	0.195932	0.129446	0.139744	0.107538	0.0	0.0
Node 154		0.16008	0.197282	0.176316	0.19554	0.129468	0.15183200000000002	0.27810399999999996	0.191154	0.0	0.18076	0.0	0.114182	0.0	0.534112	0.290038	0.0	0.135038	0.153394	0.0	0.269442	0.298896	0.0	0.0
Node 322		0.181034	0.0	0.176316	0.19554	0.0	0.15183200000000002	0.170044	0.15287	0.0	0.107036	0.12175599999999999	0.0	0.12392	0.0	0.16428199999999998	0.0	0.0	0.153394	0.0	0.0	0.0	0.0	0.0
Node 29		0.0	0.0	0.0	0.0	0.141138	0.42119999999999996	0.256648	0.14386200000000002	0.31178	0.0	0.295564	0.0	0.172638	0.17857	0.0	0.284504	0.0	0.0	0.0	0.30248200000000003	0.107538	0.0	0.0
Node 395		0.181034	0.15458	0.32119800000000004	0.183838	0.468774	0.0	0.323486	0.0	0.31178	0.0	0.0	0.0	0.176936	0.355542	0.0	0.0	0.135038	0.195932	0.129446	0.139744	0.0	0.0	0.0
Node 195		0.34111400000000003	0.333766	0.0	0.16737	0.290496	0.0	0.0	0.187512	0.129702	0.0	0.173808	0.155576	0.0	0.0	0.125756	0.14499	0.0	0.278636	0.0	0.0	0.14530400000000002	0.0	0.0
Node 308		0.0	0.17918599999999998	0.0	0.19554	0.323368	0.0	0.0	0.14386200000000002	0.0	0.0	0.0	0.12738	0.0	0.152428	0.125756	0.0	0.135038	0.125242	0.5060819999999999	0.191184	0.0	0.0	0.0
Node 38		0.16008	0.193358	0.19745000000000001	0.0	0.0	0.30243000000000003	0.0	0.0	0.0	0.18076	0.35958	0.18544	0.0	0.0	0.0	0.10215199999999999	0.135038	0.0	0.0	0.129698	0.14530400000000002	0.0	0.0
Node 349		0.138602	0.35453199999999996	0.0	0.0	0.0	0.0	0.0	0.5114139999999999	0.18173	0.21633400000000003	0.173808	0.179242	0.0	0.19222799999999998	0.362114	0.14499	0.0	0.0	0.0	0.199068	0.191358	0.0	0.0
Node 112		0.330476	0.193358	0.0	0.0	0.0	0.180266	0.170044	0.0	0.18173	0.0	0.14811	0.0	0.0	0.0	0.0	0.0	0.309284	0.0	0.287544	0.0	0.107538	0.0	0.0
Node 370		0.18279399999999998	0.17918599999999998	0.0	0.10652800000000001	0.0	0.0	0.170044	0.15287	0.0	0.0	0.173808	0.0	0.0	0.0	0.0	0.335536	0.11679800000000001	0.153394	0.119932	0.0	0.0	0.0	0.0
Node 398		0.0	0.15458	0.0	0.0	0.0	0.0	0.170044	0.14386200000000002	0.195632	0.287796	0.159278	0.155576	0.176936	0.17857	0.16428199999999998	0.315502	0.135038	0.0	0.129446	0.0	0.0	0.0	0.0
Node 249		0.34111400000000003	0.0	0.16783	0.0	0.1939	0.285618	0.12295400000000001	0.0	0.0	0.0	0.23376	0.0	0.0	0.370798	0.22997	0.0	0.0	0.32117399999999996	0.0	0.484632	0.14530400000000002	0.0	0.0
Node 103		0.180444	0.0	0.0	0.336922	0.0	0.135582	0.0	0.14386200000000002	0.18173	0.0	0.173808	0.155576	0.0	0.0	0.285242	0.0	0.0	0.125242	0.0	0.0	0.14530400000000002	0.0	0.0
Node 36		0.181034	0.0	0.16783	0.10652800000000001	0.129468	0.0	0.15514999999999998	0.285618	0.195632	0.0	0.14811	0.155576	0.0	0.330998	0.0	0.28563	0.0	0.125242	0.129446	0.199068	0.14530400000000002	0.0	0.0
Node 338		0.0	0.0	0.176316	0.463182	0.0	0.0	0.170044	0.0	0.0	0.136928	0.185772	0.0	0.172638	0.152428	0.0	0.0	0.0	0.195932	0.0	0.199068	0.107538	0.0	0.0
Node 419		0.0	0.517872	0.0	0.156342	0.0	0.15183200000000002	0.0	0.31465400000000004	0.0	0.0	0.0	0.155576	0.0	0.0	0.175866	0.139514	0.372688	0.125242	0.0	0.0	0.14530400000000002	0.0	0.0
Node 113		0.16008	0.0	0.35476599999999997	0.0	0.141138	0.0	0.31757399999999997	0.0	0.0	0.107036	0.0	0.364682	0.0	0.152428	0.0	0.284504	0.0	0.137478	0.0	0.0	0.0	0.0	0.0
Node 316		0.180444	0.333766	0.17845	0.0	0.18057399999999998	0.132496	0.0	0.0	0.182078	0.243964	0.0	0.0	0.522868	0.0	0.0	0.0	0.0	0.0	0.440684	0.139744	0.46887999999999996	0.0	0.0
Node 216		0.181034	0.27005599999999996	0.3759	0.35120799999999996	0.129468	0.0	0.270484	0.191154	0.18173	0.10929799999999999	0.0	0.0	0.35023	0.14553000000000002	0.0	0.14499	0.122404	0.476192	0.0	0.0	0.180438	0.0	0.0
Node 475		0.0	0.0	0.0	0.183838	0.125516	0.272298	0.170044	0.0	0.0	0.0	0.0	0.531992	0.0	0.0	0.175866	0.14499	0.0	0.125242	0.154432	0.139744	0.14530400000000002	0.0	0.0
Node 158		0.0	0.35453199999999996	0.176316	0.35120799999999996	0.1939	0.133786	0.10149799999999999	0.0	0.0	0.287796	0.0	0.34101600000000004	0.0	0.0	0.0	0.14499	0.122404	0.0	0.129446	0.0	0.34411400000000003	0.0	0.0
Node 291		0.0	0.15458	0.19745000000000001	0.0	0.0	0.132496	0.10149799999999999	0.132748	0.0	0.18076	0.12175599999999999	0.114182	0.0	0.0	0.340148	0.0	0.0	0.0	0.0	0.0	0.14530400000000002	0.0	0.0
Node 135		0.0	0.35453199999999996	0.17845	0.169726	0.129468	0.268078	0.0	0.132748	0.129702	0.0	0.0	0.0	0.176936	0.0	0.0	0.14499	0.257442	0.0	0.119932	0.0	0.169984	0.0	0.0
Node 111		0.0	0.0	0.16783	0.0	0.141138	0.272298	0.0	0.15287	0.0	0.18076	0.0	0.0	0.0	0.17857	0.0	0.324892	0.17424599999999998	0.125242	0.311238	0.431062	0.107538	0.0	0.0
Node 170		0.0	0.308834	0.35476599999999997	0.0	0.1939	0.132496	0.0	0.344024	0.0	0.0	0.0	0.0	0.139478	0.0	0.0	0.0	0.426082	0.0	0.119932	0.129698	0.0	0.0	0.0
Node 458		0.0	0.197282	0.36528	0.36291	0.129468	0.132496	0.10149799999999999	0.187512	0.0	0.0	0.12175599999999999	0.18544	0.31641400000000003	0.370798	0.136918	0.0	0.0	0.0	0.129446	0.269442	0.107538	0.0	0.0
Node 446		0.0	0.17918599999999998	0.17845	0.183838	0.270606	0.0	0.170044	0.0	0.125378	0.0	0.0	0.155576	0.12392	0.0	0.16428199999999998	0.139514	0.135038	0.349326	0.0	0.0	0.0	0.0	0.0
Node 198		0.6376419999999999	0.333766	0.0	0.16737	0.141138	0.0	0.0	0.0	0.0	0.0	0.246642	0.269758	0.0	0.17857	0.3745	0.0	0.0	0.45422199999999996	0.265268	0.0	0.0	0.0	0.0
Node 19		0.361478	0.351862	0.19745000000000001	0.658722	0.270606	0.0	0.0	0.0	0.18173	0.0	0.141302	0.155576	0.0	0.163314	0.175866	0.14499	0.17397	0.0	0.129446	0.0	0.191358	0.0	0.0
Node 394		0.0	0.0	0.144882	0.16737	0.0	0.15183200000000002	0.15514999999999998	0.0	0.0	0.107036	0.141302	0.0	0.0	0.370798	0.0	0.170512	0.0	0.0	0.234682	0.0	0.0	0.0	0.0
Node 62		0.0	0.0	0.17845	0.0	0.141138	0.133786	0.175956	0.132748	0.0	0.107036	0.0	0.114182	0.312116	0.0	0.0	0.0	0.122404	0.195932	0.24937800000000002	0.0	0.191358	0.0	0.0
Node 450		0.285688	0.0	0.0	0.152916	0.270606	0.132496	0.0	0.191154	0.0	0.18076	0.0	0.155576	0.312116	0.461002	0.0	0.0	0.135038	0.0	0.0	0.0	0.0	0.0	0.0
Node 144		0.180444	0.47517000000000004	0.35476599999999997	0.16737	0.270606	0.135582	0.0	0.132748	0.0	0.14868399999999998	0.141302	0.155576	0.172638	0.152428	0.15948600000000002	0.0	0.11679800000000001	0.0	0.0	0.0	0.374562	0.0	0.0
Node 59		0.138602	0.0	0.17845	0.183838	0.1939	0.256048	0.0	0.0	0.37736200000000003	0.0	0.0	0.43259400000000003	0.312116	0.0	0.0	0.496658	0.135038	0.15091200000000002	0.0	0.199068	0.49770600000000004	0.0	0.0
Node 78		0.32753	0.0	0.19342199999999998	0.169726	0.0	0.0	0.10149799999999999	0.132748	0.50463	0.21633400000000003	0.185772	0.155576	0.0	0.152428	0.0	0.0	0.0	0.125242	0.0	0.0	0.39016799999999996	0.0	0.0
Node 298		0.0	0.0	0.16783	0.16737	0.0	0.0	0.170044	0.0	0.0	0.0	0.0	0.179242	0.176936	0.152428	0.125756	0.14499	0.135038	0.0	0.0	0.0	0.0	0.0	0.0
Node 61		0.0	0.0	0.0	0.16737	0.0	0.120466	0.0	0.0	0.127268	0.18076	0.12175599999999999	0.114182	0.0	0.0	0.0	0.14499	0.0	0.46838599999999997	0.18533	0.0	0.107538	0.0	0.0
Node 441		0.0	0.333766	0.0	0.0	0.0	0.132496	0.0	0.15287	0.127268	0.10929799999999999	0.173808	0.0	0.139478	0.370798	0.0	0.14499	0.135038	0.0	0.191306	0.0	0.180438	0.0	0.0
Node 148		0.0	0.15458	0.17845	0.0	0.149358	0.315848	0.14753	0.32629	0.0	0.25572	0.285812	0.179242	0.0	0.17857	0.0	0.0	0.0	0.195932	0.274364	0.129698	0.0	0.0	0.0
Node 483		0.180444	0.0	0.144882	0.183838	0.0	0.42119999999999996	0.170044	0.0	0.125378	0.0	0.0	0.334818	0.176936	0.152428	0.290038	0.0	0.0	0.195932	0.0	0.0	0.0	0.0	0.0
Node 320		0.0	0.31183	0.144882	0.0	0.19855599999999998	0.0	0.271542	0.0	0.0	0.18076	0.0	0.155576	0.0	0.0	0.0	0.0	0.17424599999999998	0.278636	0.129446	0.0	0.191358	0.0	0.0
Node 21		0.0	0.17918599999999998	0.0	0.11197399999999999	0.0	0.285618	0.15514999999999998	0.285618	0.192802	0.18076	0.0	0.0	0.0	0.344656	0.0	0.29937	0.0	0.0	0.129446	0.0	0.14530400000000002	0.0	0.0
Node 116		0.0	0.197282	0.144882	0.26489	0.141138	0.0	0.0	0.14386200000000002	0.0	0.0	0.185772	0.0	0.0	0.17857	0.190888	0.0	0.135038	0.0	0.129446	0.0	0.371796	0.0	0.0
Node 300		0.0	0.0	0.49116200000000004	0.0	0.323368	0.0	0.0	0.0	0.18173	0.287796	0.246642	0.179242	0.0	0.0	0.0	0.15438	0.0	0.18975	0.110836	0.0	0.107538	0.0	0.0
Node 442		0.0	0.193358	0.19745000000000001	0.19554	0.1939	0.132496	0.15514999999999998	0.187512	0.18173	0.0	0.0	0.0	0.312116	0.0	0.15948600000000002	0.342916	0.11679800000000001	0.38568199999999997	0.0	0.467392	0.14530400000000002	0.0	0.0
Node 45		0.0	0.197282	0.19745000000000001	0.16737	0.125516	0.0	0.0	0.0	0.30148	0.0	0.0	0.155576	0.312116	0.17857	0.290038	0.0	0.19871799999999998	0.0	0.0	0.199068	0.0	0.0	0.0
Node 445		0.180444	0.31183	0.522596	0.0	0.141138	0.0	0.0	0.0	0.18173	0.0	0.141302	0.18544	0.172638	0.0	0.125756	0.0	0.0	0.0	0.311238	0.268324	0.487008	0.0	0.0
Node 387		0.0	0.509112	0.176316	0.11197399999999999	0.0	0.0	0.0	0.132748	0.0	0.0	0.173808	0.0	0.0	0.130278	0.0	0.0	0.32112199999999996	0.0	0.0	0.139744	0.14530400000000002	0.0	0.0
Node 46		0.147086	0.17918599999999998	0.0	0.156342	0.129468	0.0	0.0	0.0	0.195632	0.17328000000000002	0.173808	0.155576	0.0	0.152104	0.0	0.14499	0.0	0.175086	0.119932	0.0	0.191358	0.0	0.0
Node 351		0.0	0.0	0.17845	0.0	0.47343	0.0	0.30268	0.0	0.353508	0.287796	0.0	0.0	0.345932	0.297958	0.0	0.14499	0.0	0.18975	0.0	0.0	0.0	0.0	0.0
Node 163		0.16008	0.0	0.0	0.19554	0.0	0.0	0.15514999999999998	0.0	0.127268	0.18076	0.173808	0.155576	0.0	0.0	0.340148	0.0	0.0	0.0	0.129446	0.129698	0.0	0.0	0.0
Node 182		0.33106599999999997	0.17918599999999998	0.34628	0.16737	0.0	0.0	0.15514999999999998	0.390542	0.0	0.0	0.251986	0.179242	0.31641400000000003	0.0	0.0	0.14499	0.0	0.0	0.0	0.0	0.0	0.0	0.0
Node 416		0.147086	0.0	0.32119800000000004	0.35120799999999996	0.0	0.135582	0.170044	0.323902	0.0	0.0	0.295564	0.179242	0.139478	0.152428	0.0	0.0	0.333756	0.0	0.191306	0.0	0.333416	0.0	0.0
Node 375		0.363238	0.0	0.16783	0.546748	0.19855599999999998	0.283044	0.0	0.15287	0.18173	0.0	0.185772	0.364682	0.172638	0.330998	0.125756	0.172404	0.0	0.153394	0.129446	0.129698	0.14530400000000002	0.0	0.0
Node 448		0.180444	0.17918599999999998	0.34628	0.19554	0.0	0.15183200000000002	0.14753	0.0	0.307108	0.31768799999999997	0.0	0.0	0.0	0.0	0.0	0.14499	0.0	0.0	0.119932	0.0	0.0	0.0	0.0
Node 358		0.363238	0.0	0.17845	0.16737	0.19855599999999998	0.42119999999999996	0.0	0.14386200000000002	0.0	0.0	0.12175599999999999	0.0	0.0	0.17857	0.335352	0.0	0.13378800000000002	0.0	0.119932	0.0	0.0	0.0	0.0
Node 176		0.0	0.0	0.35476599999999997	0.152916	0.125516	0.268078	0.170044	0.0	0.0	0.18076	0.12175599999999999	0.0	0.0	0.0	0.175866	0.0	0.17424599999999998	0.0	0.0	0.0	0.361342	0.0	0.0
Node 206		0.180444	0.17918599999999998	0.344146	0.19554	0.129468	0.0	0.0	0.0	0.18173	0.0	0.0	0.155576	0.139478	0.0	0.125756	0.14499	0.17424599999999998	0.153394	0.0	0.0	0.14530400000000002	0.0	0.0
Node 123		0.0	0.0	0.0	0.183838	0.0	0.0	0.0	0.0	0.18173	0.0	0.0	0.341268	0.312116	0.0	0.0	0.0	0.309284	0.0	0.18533	0.0	0.0	0.0	0.0
Node 225		0.18279399999999998	0.6882980000000001	0.344146	0.0	0.129468	0.6112000000000001	0.170044	0.0	0.0	0.353262	0.0	0.179242	0.489052	0.0	0.0	0.0	0.17424599999999998	0.278636	0.129446	0.0	0.191358	0.0	0.0
Node 264		0.34111400000000003	0.193358	0.16783	0.0	0.0	0.312762	0.170044	0.0	0.18173	0.0	0.263058	0.17536400000000002	0.31641400000000003	0.297958	0.0	0.172404	0.135038	0.125242	0.129446	0.129698	0.0	0.0	0.0
Node 490		0.33106599999999997	0.333766	0.323332	0.19554	0.0	0.314052	0.14753	0.0	0.0	0.18076	0.263058	0.0	0.0	0.152428	0.0	0.0	0.135038	0.15091200000000002	0.0	0.0	0.0	0.0	0.0
Node 193		0.307166	0.115476	0.0	0.0	0.1939	0.15183200000000002	0.0	0.0	0.0	0.0	0.12175599999999999	0.364682	0.0	0.0	0.290038	0.0	0.0	0.153394	0.230768	0.0	0.47296200000000005	0.0	0.0
Node 423		0.34111400000000003	0.197282	0.16783	0.0	0.129468	0.132496	0.0	0.14386200000000002	0.30148	0.136928	0.0	0.179242	0.12392	0.0	0.0	0.139514	0.0	0.0	0.0	0.0	0.191358	0.0	0.0
Node 267		0.51728	0.15458	0.342332	0.0	0.0	0.15183200000000002	0.0	0.191154	0.0	0.246226	0.173808	0.0	0.176936	0.0	0.0	0.326784	0.0	0.274192	0.129446	0.139744	0.14530400000000002	0.0	0.0
Node 492		0.342874	0.115476	0.176316	0.183838	0.129468	0.284328	0.0	0.191154	0.0	0.0	0.0	0.0	0.0	0.0	0.0	0.15438	0.0	0.0	0.0	0.0	0.107538	0.0	0.0
Node 304		0.0	0.10809999999999999	0.176316	0.16737	0.0	0.0	0.0	0.132748	0.195632	0.0	0.0	0.0	0.176936	0.0	0.0	0.0	0.0	0.0	0.0	0.155866	0.191358	0.0	0.0
Node 106		0.181034	0.197282	0.176316	0.0	0.129468	0.0	0.0	0.191154	0.18173	0.18076	0.14811	0.299622	0.0	0.0	0.125756	0.0	0.0	0.278636	0.24937800000000002	0.199068	0.287976	0.0	0.0
Node 150		0.16008	0.15725	0.0	0.35120799999999996	0.347914	0.132496	0.0	0.0	0.125378	0.0	0.0	0.0	0.176936	0.152428	0.0	0.14499	0.0	0.153394	0.0	0.139744	0.298896	0.0	0.0
Node 447		0.544272	0.193358	0.17845	0.307514	0.0	0.0	0.0	0.0	0.18173	0.0	0.295564	0.0	0.0	0.0	0.125756	0.0	0.135038	0.278636	0.345738	0.199068	0.169984	0.0	0.0
Node 191		0.180444	0.17918599999999998	0.0	0.183838	0.301514	0.15183200000000002	0.0	0.0	0.192802	0.0	0.0	0.114182	0.0	0.19222799999999998	0.175866	0.172404	0.135038	0.0	0.311238	0.0	0.14530400000000002	0.13533799999999999	0.0
Node 343		0.0	0.15458	0.0	0.183838	0.0	0.133786	0.30268	0.191154	0.18173	0.0	0.173808	0.0	0.0	0.330998	0.125756	0.0	0.0	0.153394	0.274364	0.0	0.19881000000000001	0.0	0.0
Node 362		0.0	0.0	0.17845	0.0	0.296858	0.300732	0.12295400000000001	0.0	0.182078	0.107036	0.12175599999999999	0.0	0.0	0.0	0.0	0.0	0.0	0.0	0.18533	0.0	0.0	0.0	0.0
Node 468		0.181034	0.15458	0.686478	0.336754	0.19855599999999998	0.269368	0.170044	0.15287	0.195632	0.0	0.185772	0.179242	0.0	0.152104	0.465904	0.0	0.309284	0.153394	0.119932	0.199068	0.24542000000000003	0.0	0.0
Node 129		0.16008	0.0	0.144882	0.36291	0.335038	0.180266	0.15514999999999998	0.0	0.0	0.18076	0.141302	0.0	0.176936	0.152428	0.104214	0.14499	0.17424599999999998	0.25829	0.129446	0.199068	0.0	0.0	0.0
Node 262		0.147086	0.17918599999999998	0.335238	0.152916	0.18057399999999998	0.292124	0.394496	0.323902	0.252646	0.0	0.0	0.0	0.323538	0.0	0.465904	0.0	0.0	0.125242	0.5060819999999999	0.0	0.191358	0.0	0.0
Node 400		0.147086	0.0	0.0	0.16737	0.129468	0.0	0.170044	0.0	0.325334	0.21633400000000003	0.14811	0.364682	0.172638	0.0	0.175866	0.0	0.0	0.46838599999999997	0.0	0.43217999999999995	0.252842	0.0	0.0
Node 83		0.180444	0.11102	0.0	0.16737	0.129468	0.135582	0.0	0.0	0.0	0.0	0.173808	0.155576	0.12392	0.152428	0.125756	0.0	0.29664999999999997	0.137478	0.0	0.191184	0.287976	0.0	0.0
Node 276		0.181034	0.0	0.34628	0.0	0.270606	0.132496	0.0	0.0	0.0	0.18076	0.12175599999999999	0.179242	0.0	0.17857	0.0	0.139514	0.0	0.0	0.129446	0.35493399999999997	0.0	0.0	0.0
Node 372		0.0	0.0	0.35476599999999997	0.0	0.0	0.135582	0.0	0.0	0.381118	0.136928	0.0	0.18544	0.0	0.19222799999999998	0.0	0.0	0.0	0.562596	0.129446	0.191184	0.0	0.0	0.0
Node 248		0.0	0.0	0.35476599999999997	0.0	0.141138	0.15183200000000002	0.0	0.15287	0.125378	0.0	0.112004	0.364682	0.173294	0.163314	0.0	0.0	0.33903	0.175086	0.129446	0.199068	0.0	0.0	0.0
Node 327		0.297118	0.15458	0.5375679999999999	0.16737	0.141138	0.0	0.0	0.467764	0.0	0.0	0.0	0.0	0.176936	0.0	0.16428199999999998	0.0	0.135038	0.0	0.0	0.0	0.169984	0.0	0.0
Node 390		0.0	0.333766	0.541596	0.0	0.0	0.0	0.14753	0.15287	0.49991	0.0	0.393038	0.0	0.139478	0.495212	0.0	0.172404	0.122404	0.0	0.0	0.129698	0.169984	0.0	0.0
Node 162		0.330476	0.0	0.373766	0.16737	0.1939	0.314052	0.0	0.0	0.381118	0.18076	0.0	0.35275	0.0	0.59128	0.125756	0.14499	0.0	0.125242	0.311238	0.139744	0.0	0.0	0.0
Node 160		0.0	0.115476	0.35476599999999997	0.19554	0.0	0.133786	0.30268	0.15287	0.195632	0.0	0.141302	0.0	0.0	0.27684200000000003	0.335352	0.0	0.135038	0.0	0.0	0.199068	0.169984	0.0	0.0
Node 24		0.181034	0.0	0.34628	0.16737	0.0	0.135582	0.0	0.0	0.127268	0.0	0.23689000000000002	0.18544	0.12392	0.17857	0.125756	0.0	0.251836	0.0	0.0	0.28060799999999997	0.191358	0.0	0.0
Node 3		0.0	0.35453199999999996	0.49964800000000004	0.183838	0.254984	0.287414	0.0	0.191154	0.0	0.18076	0.0	0.18544	0.0	0.0	0.340148	0.14499	0.17424599999999998	0.32279800000000003	0.0	0.129698	0.14530400000000002	0.0	0.0
Node 124		0.0	0.0	0.0	0.19554	0.427148	0.0	0.170044	0.132748	0.18173	0.0	0.141302	0.0	0.176936	0.0	0.125756	0.0	0.0	0.125242	0.0	0.129698	0.0	0.0	0.0
Node 72		0.0	0.0	0.312712	0.152916	0.125516	0.0	0.170044	0.191154	0.0	0.0	0.14811	0.364682	0.0	0.0	0.0	0.139514	0.135038	0.153394	0.49746	0.0	0.107538	0.0	0.0
Node 348		0.16008	0.15458	0.16783	0.16737	0.0	0.287414	0.0	0.15287	0.195632	0.0	0.269866	0.16283599999999998	0.12392	0.0	0.0	0.0	0.0	0.125242	0.311238	0.0	0.191358	0.0	0.0
Node 420		0.180444	0.197282	0.144882	0.183838	0.0	0.269368	0.15514999999999998	0.0	0.195632	0.0	0.12175599999999999	0.0	0.176936	0.17857	0.175866	0.0	0.309284	0.0	0.24937800000000002	0.199068	0.36879399999999996	0.0	0.0
Node 354		0.180444	0.319002	0.34628	0.16737	0.0	0.133786	0.0	0.517444	0.18173	0.10929799999999999	0.12175599999999999	0.155576	0.139478	0.17857	0.16428199999999998	0.0	0.122404	0.153394	0.283878	0.0	0.0	0.0	0.0
Node 295		0.34111400000000003	0.17918599999999998	0.344146	0.183838	0.0	0.0	0.0	0.132748	0.127268	0.0	0.12175599999999999	0.0	0.12392	0.152428	0.0	0.15438	0.17424599999999998	0.0	0.119932	0.191184	0.47296200000000005	0.0	0.0
Node 283		0.181034	0.0	0.19745000000000001	0.11197399999999999	0.0	0.0	0.15514999999999998	0.0	0.0	0.329444	0.128338	0.0	0.0	0.0	0.335352	0.0	0.17424599999999998	0.0	0.191306	0.0	0.0	0.0	0.0
Node 481		0.0	0.0	0.0	0.0	0.125516	0.0	0.287772	0.14386200000000002	0.0	0.287796	0.0	0.0	0.12392	0.0	0.0	0.172404	0.0	0.153394	0.283878	0.191184	0.0	0.0	0.0
Node 256		0.181034	0.10809999999999999	0.144882	0.0	0.0	0.266282	0.12295400000000001	0.187512	0.0	0.0	0.185772	0.0	0.0	0.0	0.0	0.293894	0.0	0.0	0.154432	0.129698	0.0	0.0	0.0
Node 282		0.0	0.0	0.0	0.16737	0.125516	0.135582	0.10149799999999999	0.0	0.0	0.0	0.0	0.0	0.172638	0.47995599999999994	0.0	0.139514	0.0	0.195932	0.129446	0.0	0.0	0.0	0.0
Node 207		0.16008	0.0	0.16783	0.0	0.102958	0.0	0.0	0.0	0.18173	0.0	0.43392200000000003	0.0	0.0	0.152428	0.364236	0.0	0.0	0.0	0.129446	0.139744	0.0	0.0	0.0
Node 273		0.0	0.15725	0.176316	0.183838	0.141138	0.41991	0.10149799999999999	0.132748	0.0	0.0	0.26618800000000004	0.299622	0.0	0.0	0.0	0.0	0.302324	0.125242	0.311238	0.0	0.169984	0.0	0.0
Node 93		0.18279399999999998	0.33643599999999996	0.34628	0.10652800000000001	0.0	0.132496	0.10149799999999999	0.191154	0.311432	0.0	0.173808	0.0	0.172638	0.0	0.0	0.0	0.0	0.125242	0.0	0.0	0.0	0.0	0.0
Node 54		0.16008	0.0	0.0	0.0	0.141138	0.133786	0.0	0.14386200000000002	0.0	0.18076	0.260114	0.114182	0.312116	0.297958	0.0	0.0	0.426082	0.133048	0.0	0.0	0.169984	0.0	0.0
Node 22		0.0	0.350608	0.373766	0.19554	0.141138	0.132496	0.0	0.36703	0.0	0.0	0.173808	0.155576	0.0	0.0	0.0	0.172404	0.0	0.0	0.119932	0.0	0.252842	0.0	0.0
Node 437		0.0	0.0	0.144882	0.0	0.129468	0.0	0.10149799999999999	0.191154	0.0	0.18076	0.0	0.0	0.0	0.330998	0.175866	0.139514	0.0	0.0	0.119932	0.0	0.0	0.0	0.0
Node 33		0.0	0.0	0.0	0.183838	0.0	0.133786	0.0	0.0	0.0	0.0	0.141302	0.155576	0.176936	0.0	0.0	0.14499	0.135038	0.195932	0.0	0.129698	0.19881000000000001	0.0	0.0
Node 341		0.16008	0.0	0.0	0.19554	0.1939	0.135582	0.170044	0.15287	0.0	0.136928	0.289412	0.299622	0.0	0.17857	0.0	0.0	0.135038	0.153394	0.119932	0.0	0.4442	0.0	0.0
Node 60		0.0	0.0	0.369738	0.0	0.0	0.0	0.0	0.0	0.18173	0.0	0.185772	0.18544	0.0	0.0	0.136918	0.0	0.0	0.409202	0.0	0.0	0.14530400000000002	0.0	0.0
Node 470		0.180444	0.33643599999999996	0.522596	0.19554	0.141138	0.287414	0.0	0.0	0.18173	0.0	0.173808	0.0	0.191568	0.10546	0.0	0.0	0.485084	0.349326	0.0	0.0	0.33666199999999996	0.0	0.0
Node 406		0.18279399999999998	0.17918599999999998	0.0	0.0	0.129468	0.0	0.0	0.13877799999999998	0.18173	0.0	0.173808	0.16283599999999998	0.312116	0.0	0.125756	0.326146	0.0	0.153394	0.0	0.0	0.169984	0.0	0.0
Node 312		0.0	0.0	0.0	0.0	0.141138	0.285618	0.170044	0.191154	0.37736200000000003	0.14868399999999998	0.35958	0.16283599999999998	0.0	0.0	0.125756	0.0	0.333756	0.0	0.0	0.0	0.298896	0.0	0.0
Node 466		0.180444	0.35453199999999996	0.32119800000000004	0.336922	0.141138	0.0	0.0	0.132748	0.0	0.17328000000000002	0.0	0.155576	0.176936	0.0	0.125756	0.0	0.0	0.125242	0.0	0.0	0.0	0.0	0.0
Node 449		0.180444	0.17918599999999998	0.19342199999999998	0.0	0.1939	0.0	0.0	0.191154	0.195632	0.0	0.0	0.155576	0.0	0.0	0.0	0.14499	0.0	0.153394	0.0	0.138626	0.191358	0.0	0.0
Node 496		0.0	0.333766	0.373766	0.16737	0.1939	0.0	0.170044	0.323902	0.18173	0.0	0.0	0.364682	0.0	0.330998	0.0	0.14499	0.122404	0.18975	0.311238	0.129698	0.191358	0.0	0.0
Node 493		0.0	0.115476	0.144882	0.290366	0.0	0.268078	0.256648	0.0	0.0	0.0	0.0	0.155576	0.0	0.0	0.0	0.0	0.135038	0.133048	0.191306	0.0	0.107538	0.0	0.0
Node 118		0.0	0.197282	0.344146	0.152916	0.0	0.0	0.0	0.0	0.0	0.0	0.0	0.5093880000000001	0.139478	0.152428	0.0	0.0	0.372688	0.32279800000000003	0.24937800000000002	0.0	0.107538	0.0	0.0
Node 318		0.0	0.197282	0.373766	0.16737	0.125516	0.15183200000000002	0.0	0.175876	0.37736200000000003	0.0	0.0	0.0	0.0	0.163314	0.0	0.0	0.0	0.125242	0.0	0.0	0.0	0.0	0.0
Node 180		0.147086	0.35778	0.0	0.0	0.22847399999999998	0.0	0.0	0.323902	0.0	0.17328000000000002	0.112004	0.0	0.0	0.124414	0.0	0.0	0.135038	0.0	0.230768	0.0	0.107538	0.0	0.0
Node 469		0.0	0.15458	0.144882	0.183838	0.141138	0.0	0.0	0.15287	0.311432	0.18076	0.12175599999999999	0.0	0.0	0.330998	0.125756	0.0	0.17424599999999998	0.0	0.0	0.0	0.107538	0.0	0.0
Node 315		0.0	0.0	0.49964800000000004	0.19554	0.0	0.0	0.0	0.0	0.0	0.136928	0.30403800000000003	0.0	0.191568	0.152428	0.0	0.14499	0.0	0.0	0.119932	0.129698	0.0	0.0	0.0
Node 428		0.363238	0.0	0.17845	0.0	0.1939	0.15183200000000002	0.12295400000000001	0.191154	0.129702	0.0	0.185772	0.114182	0.312116	0.0	0.125756	0.15438	0.0	0.0	0.265268	0.0	0.0	0.0	0.0
Node 471		0.0	0.491016	0.342332	0.0	0.323368	0.133786	0.12295400000000001	0.132748	0.18173	0.0	0.0	0.334818	0.0	0.28403	0.125756	0.317394	0.135038	0.14895	0.154432	0.129698	0.191358	0.0	0.0
Node 456		0.0	0.193358	0.342332	0.35120799999999996	0.22847399999999998	0.0	0.325194	0.14386200000000002	0.307108	0.0	0.333086	0.179242	0.0	0.0	0.335352	0.14499	0.17424599999999998	0.314992	0.18533	0.0	0.0	0.0	0.0
Node 258		0.181034	0.115476	0.17845	0.183838	0.270606	0.0	0.15514999999999998	0.0	0.0	0.0	0.0	0.155576	0.0	0.152428	0.0	0.0	0.0	0.0	0.0	0.139744	0.0	0.0	0.0
Node 20		0.0	0.197282	0.16783	0.0	0.141138	0.0	0.10149799999999999	0.0	0.0	0.0	0.12175599999999999	0.0	0.0	0.330998	0.0	0.0	0.0	0.153394	0.0	0.0	0.0	0.0	0.0
Node 491		0.0	0.33643599999999996	0.0	0.0	0.0	0.0	0.170044	0.0	0.18173	0.0	0.173808	0.155576	0.176936	0.0	0.125756	0.0	0.135038	0.0	0.191306	0.0	0.107538	0.0	0.0
Node 499		0.0	0.197282	0.552216	0.183838	0.141138	0.0	0.175956	0.0	0.18173	0.0	0.0	0.179242	0.139478	0.0	0.125756	0.14499	0.135038	0.125242	0.119932	0.199068	0.0	0.0	0.0
Node 409		0.0	0.351862	0.34628	0.546748	0.304688	0.0	0.478636	0.132748	0.18173	0.107036	0.0	0.114182	0.172638	0.0	0.290038	0.0	0.0	0.0	0.0	0.129698	0.0	0.0	0.0
Node 461		0.0	0.0	0.0	0.183838	0.1939	0.41991	0.15514999999999998	0.0	0.0	0.0	0.25330600000000003	0.155576	0.176936	0.19222799999999998	0.0	0.139514	0.19871799999999998	0.153394	0.119932	0.129698	0.46887999999999996	0.0	0.0
Node 451		0.0	0.0	0.369738	0.19554	0.0	0.132496	0.0	0.15287	0.18173	0.0	0.0	0.12175599999999999	0.0	0.0	0.125756	0.0	0.0	0.153394	0.24937800000000002	0.0	0.0	0.0	0.0
Node 56		0.0	0.0	0.539702	0.0	0.328024	0.42119999999999996	0.14753	0.0	0.129702	0.18076	0.185772	0.0	0.0	0.0	0.32439	0.172404	0.0	0.0	0.311238	0.129698	0.298896	0.0	0.0
Node 69		0.491146	0.0	0.0	0.35120799999999996	0.0	0.0	0.249028	0.0	0.0	0.0	0.0	0.0	0.0	0.0	0.301622	0.139514	0.0	0.0	0.0	0.199068	0.0	0.0	0.0
Node 294		0.33106599999999997	0.37646799999999997	0.19745000000000001	0.0	0.51897	0.449634	0.0	0.0	0.3229	0.107036	0.0	0.0	0.0	0.0	0.175866	0.29937	0.0	0.498276	0.0	0.129698	0.0	0.0	0.0
Node 415		0.180444	0.15458	0.312712	0.11197399999999999	0.0	0.133786	0.0	0.0	0.18173	0.391048	0.173808	0.334818	0.139478	0.0	0.0	0.15438	0.122404	0.0	0.129446	0.0	0.191358	0.0	0.0
Node 178		0.180444	0.0	0.44886	0.183838	0.1939	0.31307	0.0	0.0	0.37736200000000003	0.0	0.0	0.269758	0.139478	0.19222799999999998	0.0	0.0	0.0	0.0	0.191306	0.0	0.33666199999999996	0.0	0.0
Node 40		0.0	0.193358	0.17845	0.0	0.19855599999999998	0.0	0.0	0.32026	0.18173	0.0	0.173808	0.179242	0.0	0.0	0.175866	0.0	0.0	0.0	0.0	0.15882400000000002	0.0	0.133618	0.0
Node 385		0.0	0.0	0.0	0.0	0.0	0.287414	0.394496	0.0	0.0	0.0	0.0	0.0	0.0	0.10546	0.0	0.14499	0.135038	0.153394	0.119932	0.0	0.39016799999999996	0.0	0.0
Node 431		0.16008	0.0	0.17845	0.19554	0.141138	0.132496	0.0	0.132748	0.18173	0.0	0.0	0.179242	0.172638	0.0	0.0	0.14499	0.268826	0.153394	0.440684	0.269442	0.0	0.0	0.0
Node 292		0.180444	0.0	0.19745000000000001	0.10652800000000001	0.141138	0.15183200000000002	0.0	0.476772	0.0	0.107036	0.12175599999999999	0.0	0.139478	0.0	0.0	0.284504	0.0	0.137478	0.32075200000000004	0.0	0.0	0.0	0.0
Node 422		0.34111400000000003	0.0	0.323332	0.336754	0.1939	0.135582	0.0	0.0	0.307108	0.107036	0.0	0.18544	0.0	0.330998	0.290038	0.303654	0.122404	0.32117399999999996	0.129446	0.320882	0.0	0.0	0.0
Node 440		0.138602	0.0	0.19342199999999998	0.0	0.102958	0.0	0.10149799999999999	0.15287	0.129702	0.0	0.185772	0.462458	0.139478	0.19222799999999998	0.15948600000000002	0.0	0.122404	0.0	0.110836	0.0	0.0	0.0	0.0
Node 384		0.361478	0.17918599999999998	0.16783	0.0	0.0	0.0	0.10149799999999999	0.187512	0.0	0.0	0.141302	0.364682	0.323538	0.0	0.335352	0.0	0.0	0.125242	0.311238	0.0	0.169984	0.0	0.0
Node 97		0.0	0.15458	0.19342199999999998	0.0	0.1939	0.15183200000000002	0.0	0.15287	0.18173	0.0	0.185772	0.155576	0.0	0.0	0.125756	0.0	0.0	0.0	0.191306	0.0	0.758718	0.0	0.0
Node 28		0.340524	0.351862	0.17845	0.0	0.0	0.287414	0.0	0.0	0.18173	0.0	0.26618800000000004	0.16283599999999998	0.139478	0.0	0.0	0.0	0.32734	0.125242	0.119932	0.0	0.0	0.0	0.0
Node 275		0.0	0.31183	0.0	0.0	0.0	0.135582	0.15514999999999998	0.0	0.195632	0.0	0.173808	0.0	0.172638	0.19222799999999998	0.0	0.14499	0.0	0.0	0.311238	0.199068	0.14530400000000002	0.0	0.0
Node 133		0.0	0.197282	0.386994	0.0	0.129468	0.287414	0.0	0.378666	0.43681	0.107036	0.0	0.277018	0.139478	0.14553000000000002	0.0	0.0	0.0	0.0	0.129446	0.31502800000000003	0.0	0.0	0.0
Node 403		0.33106599999999997	0.17918599999999998	0.5375679999999999	0.11197399999999999	0.0	0.0	0.10149799999999999	0.0	0.0	0.337618	0.112004	0.0	0.0	0.17857	0.316644	0.14499	0.135038	0.125242	0.230768	0.0	0.0	0.0	0.0
Node 50		0.0	0.0	0.144882	0.0	0.0	0.15183200000000002	0.0	0.15287	0.0	0.10929799999999999	0.0	0.0	0.176936	0.163314	0.0	0.0	0.0	0.349326	0.0	0.15882400000000002	0.0	0.0	0.0
Node 453		0.0	0.15458	0.176316	0.35120799999999996	0.0	0.0	0.10149799999999999	0.15287	0.182078	0.18076	0.141302	0.28149199999999996	0.176936	0.0	0.0	0.0	0.17424599999999998	0.0	0.0	0.129698	0.14530400000000002	0.0	0.0
Node 373		0.180444	0.0	0.0	0.16737	0.0	0.0	0.0	0.0	0.311432	0.0	0.295564	0.18544	0.0	0.0	0.0	0.139514	0.0	0.18975	0.0	0.0	0.0	0.0	0.0
Node 117		0.336246	0.197282	0.16783	0.0	0.141138	0.0	0.15514999999999998	0.191154	0.171778	0.15274	0.185772	0.155576	0.172638	0.34188399999999997	0.0	0.0	0.0	0.349326	0.110836	0.139744	0.298896	0.0	0.0
Node 30		0.0	0.360622	0.0	0.0	0.0	0.15183200000000002	0.10149799999999999	0.15287	0.18173	0.0	0.173808	0.18544	0.312772	0.0	0.285242	0.0	0.0	0.195932	0.24937800000000002	0.0	0.0	0.0	0.0
Node 6		0.18279399999999998	0.35453199999999996	0.0	0.0	0.0	0.0	0.0	0.187512	0.195632	0.0	0.173808	0.155576	0.0	0.19222799999999998	0.16428199999999998	0.0	0.0	0.0	0.0	0.199068	0.14530400000000002	0.0	0.0
Node 55		0.0	0.193358	0.17845	0.0	0.129468	0.0	0.15514999999999998	0.323902	0.0	0.0	0.14811	0.0	0.176936	0.0	0.290038	0.14499	0.0	0.0	0.416474	0.338812	0.0	0.0	0.0
Node 452		0.0	0.0	0.0	0.0	0.0	0.132496	0.0	0.191154	0.18173	0.0	0.26618800000000004	0.0	0.139478	0.0	0.285242	0.0	0.0	0.18975	0.129446	0.0	0.0	0.0	0.0
Node 371		0.490556	0.31183	0.17845	0.183838	0.0	0.0	0.14753	0.191154	0.195632	0.0	0.173808	0.16283599999999998	0.0	0.0	0.0	0.14499	0.0	0.278636	0.191306	0.0	0.0	0.0	0.0
Node 214		0.0	0.0	0.176316	0.19554	0.19855599999999998	0.131212	0.0	0.191154	0.0	0.18076	0.173808	0.0	0.0	0.330998	0.125756	0.14499	0.122404	0.125242	0.119932	0.138626	0.191358	0.0	0.0
Node 44		0.181034	0.37646799999999997	0.0	0.183838	0.335038	0.133786	0.0	0.0	0.125378	0.0	0.5008819999999999	0.0	0.172638	0.152428	0.125756	0.280218	0.548486	0.195932	0.0	0.0	0.19881000000000001	0.0	0.0
Node 251		0.181034	0.0	0.0	0.183838	0.165914	0.133786	0.0	0.285618	0.18173	0.0	0.12175599999999999	0.29342399999999996	0.0	0.0	0.0	0.0	0.0	0.0	0.0	0.129698	0.0	0.0	0.0
Node 473		0.0	0.17918599999999998	0.344146	0.152916	0.141138	0.45132999999999995	0.170044	0.0	0.0	0.0	0.173808	0.18544	0.0	0.355542	0.175866	0.0	0.0	0.278636	0.119932	0.139744	0.191358	0.0	0.0
Node 57		0.0	0.0	0.144882	0.0	0.1939	0.132496	0.14753	0.0	0.43681	0.0	0.12175599999999999	0.34101600000000004	0.0	0.0	0.0	0.0	0.251836	0.125242	0.129446	0.0	0.0	0.0	0.0
Node 313		0.363238	0.17918599999999998	0.312712	0.0	0.373776	0.131212	0.325194	0.0	0.18173	0.287796	0.0	0.0	0.0	0.19222799999999998	0.340148	0.15438	0.0	0.278636	0.0	0.0	0.0	0.0	0.0
Node 48		0.0	0.31183	0.0	0.279344	0.0	0.0	0.10149799999999999	0.0	0.18173	0.134306	0.12175599999999999	0.155576	0.0	0.344656	0.175866	0.0	0.122404	0.125242	0.0	0.139744	0.0	0.0	0.0
Node 58		0.0	0.509112	0.32119800000000004	0.183838	0.141138	0.150598	0.256648	0.191154	0.0	0.0	0.0	0.155576	0.173294	0.14553000000000002	0.175866	0.0	0.135038	0.195932	0.24937800000000002	0.199068	0.180438	0.0	0.0
Node 233		0.16008	0.272726	0.16783	0.183838	0.0	0.132496	0.0	0.0	0.0	0.18076	0.31511	0.0	0.0	0.152428	0.0	0.326784	0.0	0.0	0.0	0.484632	0.0	0.0	0.0
Node 495		0.16008	0.17918599999999998	0.45947999999999994	0.152916	0.18057399999999998	0.135582	0.0	0.191154	0.37736200000000003	0.0	0.0	0.179242	0.172638	0.0	0.439566	0.0	0.25619200000000003	0.125242	0.0	0.191184	0.19881000000000001	0.0	0.0
Node 8		0.16008	0.33643599999999996	0.518648	0.0	0.1939	0.15183200000000002	0.175956	0.323902	0.18173	0.18076	0.0	0.0	0.0	0.370798	0.0	0.0	0.0	0.278636	0.119932	0.0	0.361342	0.0	0.0
Node 125		0.0	0.333766	0.35476599999999997	0.0	0.270606	0.120466	0.256648	0.0	0.0	0.10325200000000001	0.12175599999999999	0.0	0.0	0.152428	0.175866	0.139514	0.0	0.314992	0.0	0.0	0.191358	0.0	0.0
Node 157		0.16008	0.372544	0.0	0.16737	0.129468	0.15183200000000002	0.0	0.0	0.0	0.0	0.141302	0.33094	0.172638	0.152428	0.125756	0.0	0.0	0.0	0.110836	0.0	0.298896	0.0	0.0
Node 167		0.361478	0.37646799999999997	0.17845	0.348456	0.129468	0.0	0.0	0.0	0.18173	0.0	0.173808	0.0	0.0	0.152428	0.125756	0.0	0.0	0.153394	0.0	0.0	0.4442	0.0	0.0
Node 497		0.150032	0.0	0.0	0.0	0.17522	0.133786	0.170044	0.14386200000000002	0.18173	0.46107600000000004	0.0	0.0	0.0	0.152428	0.16428199999999998	0.0	0.0	0.195932	0.0	0.199068	0.107538	0.0	0.0
Node 397		0.0	0.115476	0.0	0.0	0.19855599999999998	0.135582	0.0	0.323902	0.308998	0.0	0.185772	0.0	0.0	0.17857	0.175866	0.335536	0.17424599999999998	0.314992	0.18533	0.0	0.191358	0.0	0.0
Node 339		0.16008	0.115476	0.0	0.16737	0.0	0.0	0.287772	0.15287	0.37736200000000003	0.0	0.393038	0.364682	0.312116	0.14553000000000002	0.175866	0.14499	0.0	0.153394	0.129446	0.0	0.107538	0.0	0.0
Node 392		0.0	0.15458	0.144882	0.0	0.419964	0.132496	0.0	0.15287	0.18173	0.136928	0.0	0.155576	0.349574	0.534112	0.340148	0.0	0.0	0.153394	0.110836	0.0	0.0	0.0	0.0
Node 221		0.0	0.15458	0.0	0.0	0.1939	0.0	0.31757399999999997	0.0	0.18173	0.18076	0.173808	0.155576	0.489052	0.0	0.125756	0.0	0.0	0.0	0.129446	0.0	0.0	0.0	0.0
Node 79		0.0	0.197282	0.0	0.0	0.129468	0.131212	0.249028	0.0	0.30148	0.0	0.0	0.179242	0.0	0.17857	0.125756	0.0	0.419122	0.274192	0.311238	0.155866	0.24542000000000003	0.0	0.0
Node 350		0.490556	0.0	0.17845	0.0	0.266654	0.132496	0.22445199999999998	0.0	0.0	0.0	0.0	0.18544	0.176936	0.152428	0.335352	0.181156	0.315516	0.0	0.283878	0.0	0.107538	0.0	0.0
Node 465		0.34111400000000003	0.0	0.17845	0.16737	0.270606	0.15183200000000002	0.0	0.0	0.129702	0.0	0.173808	0.0	0.0	0.152428	0.125756	0.0	0.25619200000000003	0.0	0.311238	0.199068	0.191358	0.0	0.0
Node 476		0.0	0.350608	0.0	0.26489	0.141138	0.132496	0.0	0.0	0.353508	0.0	0.173808	0.0	0.349574	0.0	0.335352	0.0	0.0	0.0	0.0	0.0	0.0	0.0	0.0
Node 190		0.0	0.0	0.0	0.0	0.0	0.133786	0.170044	0.0	0.125378	0.0	0.0	0.0	0.191568	0.330998	0.0	0.29937	0.0	0.0	0.129446	0.0	0.0	0.0	0.0
Node 263		0.181034	0.33643599999999996	0.344146	0.16737	0.102958	0.135582	0.0	0.0	0.129702	0.0	0.0	0.155576	0.12392	0.0	0.125756	0.15438	0.0	0.314992	0.119932	0.0	0.14530400000000002	0.0	0.0
Node 407		0.0	0.197282	0.16783	0.0	0.0	0.135582	0.10149799999999999	0.0	0.0	0.0	0.0	0.0	0.139478	0.17857	0.290038	0.14499	0.0	0.0	0.3852	0.199068	0.0	0.0	0.0
Node 411		0.0	0.0	0.0	0.0	0.0	0.0	0.170044	0.0	0.0	0.0	0.0	0.0	0.0	0.0	0.0	0.0	0.32112199999999996	0.349326	0.283878	0.0	0.0	0.0	0.0
Node 82		0.33106599999999997	0.0	0.16783	0.0	0.0	0.0	0.12295400000000001	0.0	0.129702	0.0	0.251986	0.0	0.0	0.17857	0.125756	0.14499	0.0	0.278636	0.0	0.338812	0.0	0.0	0.0
Node 259		0.16008	0.0	0.144882	0.0	0.129468	0.135582	0.170044	0.0	0.311432	0.18076	0.0	0.179242	0.172638	0.0	0.16428199999999998	0.0	0.0	0.0	0.119932	0.0	0.14530400000000002	0.0	0.0
Node 287		0.0	0.193358	0.176316	0.0	0.102958	0.0	0.0	0.0	0.0	0.18076	0.0	0.35275	0.0	0.31664200000000003	0.0	0.0	0.0	0.153394	0.0	0.328766	0.252842	0.0	0.0
Node 444		0.147086	0.0	0.49964800000000004	0.19554	0.0	0.42119999999999996	0.0	0.0	0.125378	0.273636	0.295564	0.0	0.364206	0.0	0.0	0.139514	0.135038	0.0	0.18533	0.0	0.31528799999999996	0.0	0.0
Node 35		0.147086	0.15725	0.16783	0.0	0.141138	0.133786	0.0	0.14386200000000002	0.18173	0.0	0.12175599999999999	0.0	0.172638	0.19222799999999998	0.125756	0.14499	0.123554	0.0	0.0	0.139744	0.306348	0.0	0.0
Node 374		0.340524	0.0	0.19745000000000001	0.0	0.0	0.541666	0.170044	0.0	0.307108	0.0	0.289412	0.43259400000000003	0.0	0.0	0.0	0.0	0.135038	0.0	0.0	0.0	0.0	0.0	0.0
Node 381		0.180444	0.35453199999999996	0.0	0.0	0.149358	0.15183200000000002	0.0	0.132748	0.18173	0.0	0.0	0.0	0.139478	0.0	0.0	0.0	0.251836	0.0	0.0	0.0	0.0	0.0	0.0
Node 14		0.0	0.31183	0.176316	0.0	0.0	0.0	0.0	0.0	0.0	0.0	0.307528	0.341268	0.0	0.152428	0.290038	0.14499	0.135038	0.0	0.440684	0.0	0.191358	0.0	0.0
Node 404		0.138602	0.15725	0.0	0.0	0.1939	0.133786	0.15514999999999998	0.15287	0.311432	0.18076	0.0	0.0	0.176936	0.152428	0.175866	0.0	0.0	0.195932	0.0	0.268324	0.0	0.0	0.0
Node 9		0.0	0.15458	0.0	0.0	0.1939	0.0	0.0	0.0	0.127268	0.0	0.0	0.0	0.172638	0.17857	0.0	0.14499	0.431688	0.0	0.0	0.0	0.0	0.0	0.0
Node 138		0.0	0.197282	0.342332	0.183838	0.149358	0.135582	0.0	0.0	0.195632	0.18076	0.173808	0.179242	0.0	0.152428	0.0	0.35356	0.0	0.0	0.24937800000000002	0.129698	0.0	0.0	0.0
Node 240		0.521558	0.0	0.0	0.35120799999999996	0.125516	0.0	0.140242	0.0	0.0	0.0	0.263058	0.0	0.0	0.0	0.285242	0.0	0.0	0.153394	0.110836	0.0	0.0	0.0	0.0
