Node 167		0.63877	5.53841	9.065090000000001	7.415900000000001	0.95934	8.27043	3.6863	2.24246	5.86029	2.18429	7.433190000000001	2.09205	2.68261	6.36449	9.188369999999999	4.55229	4.56745	4.74784	6.60569	2.05065	0.0	0.0	0.0
Node 121		8.50001	7.53057	9.05411	6.23204	4.541110000000001	5.72289	4.45304	5.77615	5.03286	6.21034	7.8225299999999995	4.51115	5.28997	2.46364	6.9214	5.031879999999999	5.5258	8.29534	4.45491	0.9308500000000001	0.0	0.0	0.0
Node 85		7.73003	5.43129	8.69665	3.37695	7.12861	9.239329999999999	3.51689	4.18297	3.79846	5.77217	7.934919999999999	7.20441	2.3963	7.431989999999999	4.82473	4.476780000000001	6.53951	6.789689999999999	3.6119900000000005	0.0	0.0	0.0	0.0
Node 75		5.825480000000001	7.406509999999999	4.74184	4.30391	6.274100000000001	3.59145	8.6518	4.41615	6.12669	4.96181	9.33747	1.5624	4.06306	7.70222	5.129849999999999	6.249210000000001	3.39549	3.26143	7.807550000000001	1.71942	0.0	0.0	0.0
Node 28		8.84536	3.6307199999999997	7.1095500000000005	3.93507	7.5908500000000005	5.86725	7.2599800000000005	7.3231	3.71476	1.4988	4.7828599999999994	4.17817	4.51407	8.893460000000001	5.16445	8.72103	6.59445	6.43527	6.096080000000001	0.8099999999999999	0.0	0.0	0.0
Node 152		5.03932	2.31791	7.2723700000000004	4.590389999999999	2.38187	6.19448	3.2260700000000004	1.83261	4.71197	3.32674	5.08237	3.4781	1.68369	8.66937	3.6586399999999997	8.45758	4.36325	4.722189999999999	3.14893	0.0	0.0	0.0	0.0
Node 146		3.66695	5.0771999999999995	3.9335	4.608820000000001	3.88369	7.19231	8.46274	2.8959599999999996	5.02055	4.27088	6.958749999999999	3.7162100000000002	6.434239999999999	9.14909	2.17232	4.86885	3.5936700000000004	4.541449999999999	5.6672	0.0	0.0	0.0	0.0
Node 92		6.98559	5.992299999999999	7.40356	2.98758	4.53601	9.043700000000001	6.88883	3.76174	5.8149	5.16126	7.312390000000001	4.71546	6.76515	3.63437	6.74703	7.84667	5.398610000000001	2.80818	2.2456400000000003	0.9308500000000001	0.0	0.0	0.0
Node 94		5.09007	6.341900000000001	4.67196	6.49966	1.34659	5.200550000000001	8.91863	7.76025	4.08171	6.73565	6.46615	5.8190100000000005	3.0863	4.41226	6.0194600000000005	8.05837	5.76797	6.094	7.269889999999999	2.2525	0.0	0.0	0.0
Node 118		5.8515	5.70782	4.74263	2.26024	5.81929	9.38551	3.15434	3.7898099999999997	5.9519400000000005	2.54725	7.198010000000001	5.72674	2.8112399999999997	7.021280000000001	4.06194	8.0238	1.7809599999999999	5.14696	3.6324099999999997	2.27393	0.0	0.0	0.0
Node 7		8.34952	7.07358	5.83221	4.39904	2.3785600000000002	7.248939999999999	3.62547	5.24219	6.335109999999999	2.78445	4.873799999999999	4.28616	2.75532	7.5743599999999995	3.66327	6.2154	2.99769	6.38928	1.26834	1.32165	0.0	0.0	0.0
Node 83		5.741149999999999	5.65949	4.65349	4.6799800000000005	3.2989900000000003	7.06952	4.53375	2.83236	2.35635	7.05706	8.85569	4.0894	1.1969	2.75776	5.27974	4.5367999999999995	5.73378	5.91707	3.0273399999999997	0.0	0.0	0.0	0.0
Node 143		5.22139	6.04485	5.46411	4.38959	3.54086	2.86635	2.17212	6.61608	5.02631	0.8776	3.4357699999999998	1.62004	4.32827	4.26903	6.12461	10.56944	5.28825	5.8613800000000005	4.9909799999999995	1.1198	0.0	0.0	0.0
Node 156		7.0729299999999995	7.36319	4.21594	2.74077	7.02855	8.66846	2.61226	6.59328	7.09987	2.72953	9.426120000000001	2.8917	2.48517	7.05914	5.4627	7.0285	6.22513	2.00198	4.29452	0.8099999999999999	0.0	0.0	0.0
Node 115		7.63957	5.58852	3.28401	4.859179999999999	8.14664	10.92691	3.04651	4.50621	2.86159	5.10204	4.8144100000000005	2.86432	4.77931	7.581880000000001	2.29087	8.0012	7.782310000000001	4.9934199999999995	3.6996300000000004	0.0	0.0	0.0	0.0
Node 89		6.60443	5.78456	8.48249	4.0991100000000005	7.92148	5.40233	3.99246	4.80396	7.00825	3.28199	7.0587800000000005	3.3334099999999998	3.94961	1.92178	9.689689999999999	5.02111	5.31661	5.32547	5.90189	0.0	0.0	0.0	0.0
Node 192		3.6485999999999996	5.73215	6.23575	7.20198	7.82278	3.7856099999999997	3.5519299999999996	6.62189	5.37734	2.78794	6.73954	1.9598600000000002	4.17086	3.1713400000000003	5.38392	7.7697199999999995	7.68856	4.2411200000000004	2.76236	0.8099999999999999	0.0	0.0	0.0
Node 70		5.47954	6.5753900000000005	11.32788	3.91599	9.16749	7.57188	4.52071	6.23547	4.5361199999999995	4.2198	4.01665	3.7055499999999997	4.37227	5.72689	7.066269999999999	6.3689599999999995	4.13788	3.6868900000000004	5.98868	3.1161399999999997	0.0	0.0	0.0
Node 101		8.55577	7.273549999999999	4.21244	5.60011	2.33469	6.8746	6.57888	3.99109	3.35021	8.608590000000001	2.2819599999999998	2.56357	2.2540999999999998	7.937429999999999	7.2890999999999995	4.83033	4.49168	4.14093	5.94979	0.0	0.0	0.0	0.0
Node 134		4.90264	4.57284	4.26985	4.92465	2.54839	6.74869	4.40871	4.10613	4.82818	4.1090599999999995	7.58643	7.372660000000001	9.98556	6.7459299999999995	7.9920599999999995	7.119109999999999	3.50146	7.1922	3.1869899999999998	0.0	0.0	0.0	0.0
Node 160		1.38548	8.52178	11.83541	3.71778	6.12013	7.59474	3.47382	5.98804	6.67245	5.5975	7.53151	2.2342899999999997	4.99878	4.51041	6.44056	9.166739999999999	4.10892	1.4927	3.91169	0.7885700000000001	0.0	0.0	0.0
Node 108		6.122190000000001	4.03599	5.82144	4.64514	8.135539999999999	5.70676	7.149940000000001	3.1707600000000005	1.22719	4.73266	8.47097	7.08628	6.0511	7.20311	6.96343	7.63798	3.7315	3.52887	4.20863	0.7885700000000001	0.0	0.0	0.0
Node 45		2.55417	3.79725	10.05384	7.64644	7.5323899999999995	6.2025999999999994	4.72719	4.16007	6.184950000000001	3.84922	7.874009999999999	6.24984	6.17983	5.804200000000001	3.67004	6.518019999999999	3.74183	0.0	6.47117	0.7885700000000001	0.0	0.0	0.0
Node 130		5.64935	3.49856	8.12496	6.69439	5.39203	6.447010000000001	3.70097	7.03483	7.2890999999999995	3.45822	7.21531	6.03343	5.49286	3.82925	7.33167	7.11348	5.513529999999999	2.25494	5.03039	0.9308500000000001	0.0	0.0	0.0
Node 42		4.5305	5.10851	9.34533	7.01371	9.90663	4.8081	6.3965499999999995	5.469340000000001	5.5783	5.42867	10.438930000000001	5.84152	5.351	8.68433	8.24586	5.3102	2.9038	6.63979	6.1195	1.71942	0.0	0.0	0.0
Node 155		7.22942	5.41962	9.22809	4.01736	7.2878799999999995	5.89704	3.6491000000000002	3.1104	5.33208	3.5068099999999998	5.8716	1.82081	4.36889	3.1245100000000003	5.08974	4.664759999999999	5.68214	7.648439999999999	5.13262	0.9308500000000001	0.0	0.0	0.0
Node 67		5.23608	5.429139999999999	8.17898	4.47583	2.1732299999999998	10.335189999999999	0.9032500000000001	5.84274	4.83803	5.97351	9.14468	3.6099300000000003	3.3869200000000004	3.5296800000000004	8.46538	5.36667	3.10677	8.51479	3.8222199999999997	0.53308	0.0	0.0	0.0
Node 102		3.75923	5.94303	3.15884	4.47128	4.7651699999999995	7.98189	5.15696	5.74423	5.34856	3.9392700000000005	5.67701	5.921740000000001	5.50555	4.59064	6.07243	6.920310000000001	6.13092	3.78434	3.12184	2.52942	0.0	0.0	0.0
Node 63		5.4575499999999995	7.88543	3.06214	6.91487	3.24939	8.4107	5.2192099999999995	7.15466	4.07683	1.28241	9.412510000000001	3.34652	8.1454	4.78083	3.35704	8.294450000000001	7.82837	5.31956	3.9741	2.71837	0.0	0.0	0.0
Node 6		9.09241	6.94854	4.12896	5.505129999999999	4.09547	8.82116	2.4596799999999996	3.49061	3.02254	3.7789200000000003	6.71408	2.3011299999999997	5.22687	8.67424	3.35899	6.4624	3.09537	4.6485899999999996	6.40077	2.13165	0.0	0.0	0.0
Node 182		3.26351	6.17628	5.004630000000001	5.90215	10.79237	9.30844	4.72515	6.569659999999999	7.330509999999999	6.00783	7.315639999999999	3.34037	2.69907	7.361579999999999	7.110519999999999	7.963979999999999	3.7424399999999998	4.86658	5.59587	0.8099999999999999	0.0	0.0	0.0
Node 46		5.4605	6.4398	5.9338	5.846769999999999	9.582749999999999	8.10059	4.44776	4.66287	4.68979	2.8193699999999997	6.92897	2.72162	4.753629999999999	8.235330000000001	8.12923	6.14234	2.5618	5.71391	3.97734	0.0	0.0	0.0	0.0
Node 147		7.6683	7.05501	7.4836	5.308050000000001	2.2182299999999997	10.483979999999999	4.15514	4.970829999999999	6.46992	4.65267	7.53371	2.79509	4.30629	5.5845400000000005	4.24638	6.06581	4.21275	4.11203	7.02482	0.8099999999999999	0.0	0.0	0.0
Node 196		9.87315	3.9276999999999997	6.47113	5.03669	6.19207	10.097240000000001	5.20744	5.95583	9.1878	3.7099399999999996	5.4878	2.8372	0.0	6.67138	6.98892	5.69517	4.91704	4.10391	4.520989999999999	1.34308	0.0	0.0	0.0
Node 43		5.32122	3.12497	5.68742	5.28693	2.9374000000000002	2.3088100000000003	6.81861	2.86186	5.31725	2.0690299999999997	4.62692	4.40538	2.40688	5.30341	5.841749999999999	5.3079	5.718850000000001	4.95816	6.86672	0.0	0.0	0.0	0.0
Node 26		8.64985	4.30811	8.93623	4.1815	5.66826	4.835500000000001	6.556819999999999	4.858429999999999	1.4371800000000001	5.83954	3.7278899999999995	3.68346	0.52886	2.49153	8.575579999999999	8.00529	3.5318799999999997	1.11105	6.38496	1.9298	0.0	0.0	0.0
Node 24		9.2797	4.6821	3.80826	7.75862	4.07881	6.35072	4.72786	6.2628699999999995	7.31026	5.77695	5.48697	6.5902	3.18383	2.53114	3.80751	9.79951	4.12652	9.607709999999999	5.7255199999999995	1.46393	0.0	0.0	0.0
Node 87		6.12641	9.44862	8.18954	4.01329	9.46119	7.4458899999999995	3.46566	8.86435	4.2132700000000005	6.79934	6.7738000000000005	4.68047	2.28484	8.33839	7.551769999999999	6.6147800000000005	6.7266699999999995	4.32027	5.111079999999999	1.5985699999999998	0.0	0.0	0.0
Node 110		6.73705	6.3160099999999995	6.708060000000001	7.707	5.44717	9.18404	4.6885200000000005	4.05637	2.12667	3.87335	4.62467	3.90291	5.76867	5.3172999999999995	2.37871	9.752139999999999	7.68981	8.17015	7.30913	1.32165	0.0	0.0	0.0
Node 197		6.82498	4.5588	5.04627	5.045999999999999	4.05111	10.08434	2.50135	6.61475	5.43596	5.98324	7.856539999999999	3.9169799999999997	2.432	8.03566	6.33204	6.9442	6.62103	3.83716	6.51409	1.5985699999999998	0.0	0.0	0.0
Node 55		7.9415	4.56207	5.01229	6.17416	6.9502	8.75232	5.664219999999999	6.22403	5.64842	2.49057	10.55133	4.59306	3.5372099999999995	6.08719	5.71713	8.81155	2.40088	3.2760499999999997	3.9099000000000004	1.74085	0.0	0.0	0.0
Node 41		5.12721	8.432789999999999	12.50874	4.27274	7.94978	6.40174	3.7067099999999997	4.26105	3.2642900000000004	6.85577	8.67908	4.73528	3.04035	6.04511	5.41822	6.13864	4.04679	2.37532	8.030719999999999	0.8099999999999999	0.0	0.0	0.0
Node 9		3.64595	7.41291	4.57967	6.14388	5.71047	9.65381	1.89514	2.83325	5.99417	6.2659	4.58228	6.43033	3.02254	6.9369700000000005	5.35168	8.57634	7.3148599999999995	7.9857	6.00973	1.90837	0.0	0.0	0.0
Node 23		3.66695	9.60454	3.62951	6.4830499999999995	9.53339	8.72608	4.14606	5.03505	6.195930000000001	5.58819	6.03131	1.42428	2.20181	6.80302	8.49775	6.38453	4.79722	2.69848	2.21389	0.53308	0.0	0.0	0.0
Node 76		7.18459	7.120120000000001	2.3699399999999997	0.0	8.15995	5.16325	5.85404	7.50093	6.8960099999999995	6.10672	9.60446	5.24625	4.42443	10.85161	5.1109599999999995	10.839	7.9688099999999995	4.37799	3.93601	1.5985699999999998	0.0	0.0	0.0
Node 2		7.54017	9.41196	6.282509999999999	2.86218	3.51759	3.9394199999999997	4.06663	2.97464	5.30635	6.24191	2.2786	4.82196	5.6184199999999995	6.473339999999999	2.86149	11.556750000000001	5.98386	3.8723599999999996	4.2199599999999995	0.0	0.0	0.0	0.0
Node 44		3.41372	7.85154	6.516719999999999	5.44902	10.93211	5.02897	4.10053	5.43339	7.34543	3.1517999999999997	8.05531	3.99328	7.63664	6.06371	6.08022	3.30332	5.01713	4.08605	5.08592	0.58672	0.0	0.0	0.0
Node 140		5.80206	7.08371	12.457329999999999	6.00358	8.27348	3.7815300000000005	5.89293	4.68194	5.381749999999999	5.07742	10.0998	3.67115	4.1754	6.58883	6.512320000000001	5.24497	6.2538	5.98797	2.28654	0.7885700000000001	0.0	0.0	0.0
Node 54		7.72901	4.32092	5.17983	6.34822	5.2119800000000005	8.7202	6.1346	6.13977	8.65592	3.0488399999999998	8.93452	2.15681	6.00451	6.11323	1.23807	6.22057	0.76916	5.2584	5.03385	0.0	0.0	0.0	0.0
Node 60		3.0507	4.27907	6.66018	6.27362	5.99286	7.67225	6.42215	4.3807	2.88672	6.4291100000000005	9.00892	3.06513	7.5893299999999995	3.07573	4.37157	10.47659	4.80325	2.8717	3.08287	0.0	0.0	0.0	0.0
Node 99		8.594980000000001	7.81345	11.42137	2.70712	10.44918	9.39565	3.5489	2.54677	2.55746	3.30717	8.90665	4.95078	5.50566	5.52899	7.708520000000001	9.53137	3.07651	3.75559	3.94863	0.9308500000000001	0.0	0.0	0.0
Node 103		6.358210000000001	5.56738	3.0865199999999997	4.82825	6.21041	5.4417	7.014349999999999	5.098310000000001	5.74392	4.10178	7.47266	5.17818	5.68676	4.0926	4.29957	7.7963000000000005	3.6652299999999998	7.671169999999999	4.87647	0.0	0.0	0.0	0.0
Node 72		4.48213	10.00564	7.15483	3.9759200000000003	4.75577	9.87323	5.02853	2.81056	4.2643	2.15201	5.46252	5.68055	1.69763	3.2595300000000003	4.93583	6.7825	5.06558	4.05203	4.68231	0.58672	0.0	0.0	0.0
Node 21		6.02975	6.590749999999999	4.23764	8.15147	4.34705	2.89192	6.5967899999999995	5.07963	6.9592600000000004	3.7110999999999996	6.10587	5.67217	6.660539999999999	5.90138	2.61153	9.38751	4.88048	2.92198	6.87043	0.9308500000000001	0.0	0.0	0.0
Node 173		6.633640000000001	8.32048	7.19126	4.43239	7.61585	6.20899	0.0	4.20071	5.60478	3.82379	7.42552	4.21828	3.5754300000000003	3.99415	0.53181	5.62234	5.892329999999999	3.1693399999999996	5.28734	0.7885700000000001	0.0	0.0	0.0
Node 39		5.7646999999999995	4.12559	6.5805299999999995	8.25084	4.52494	7.97922	2.19909	2.27889	6.60498	5.644	3.1295900000000003	1.17638	3.1283	5.69239	5.02358	6.75843	4.84323	6.12958	6.711390000000001	0.58672	0.0	0.0	0.0
Node 58		5.11852	7.59837	7.52341	0.89225	9.04226	8.696629999999999	5.84565	3.12582	7.06112	2.2195	7.32367	2.79821	5.67805	8.54911	9.2619	8.11565	6.83373	4.44358	2.80976	1.34308	0.0	0.0	0.0
Node 105		5.13109	7.1609300000000005	2.98578	4.73343	6.41704	8.73985	3.2434200000000004	5.187	2.7707800000000002	4.7258700000000005	4.60554	5.93507	3.63461	10.86462	5.8509	6.06217	4.54772	1.2615100000000001	5.3954	2.27393	0.0	0.0	0.0
Node 139		6.44075	9.51484	3.23355	4.60512	4.17171	8.663	5.2447	3.12867	3.8022899999999997	1.5567199999999999	10.338379999999999	0.59592	6.4172199999999995	4.450699999999999	6.865690000000001	7.24453	6.46673	2.69082	3.4879100000000003	1.5985699999999998	0.0	0.0	0.0
Node 50		7.725160000000001	6.7326999999999995	9.21149	2.3666300000000002	7.89933	11.03041	2.9578699999999998	5.950740000000001	4.32174	4.216670000000001	9.44096	3.3758000000000004	1.96219	5.9046899999999996	8.60608	5.7691300000000005	3.9158900000000005	4.50411	2.9647099999999997	0.53308	0.0	0.0	0.0
Node 86		3.4039399999999995	7.539319999999999	9.32559	6.61047	9.664860000000001	11.58985	4.81045	7.0758399999999995	6.7623299999999995	6.24609	5.4403500000000005	3.1170799999999996	1.9764199999999998	3.0920799999999997	7.63997	5.90377	5.17606	4.53901	4.22546	0.58672	0.0	0.0	0.0
Node 163		7.73289	5.25922	6.3418600000000005	3.7652900000000002	5.17033	1.4187999999999998	5.075410000000001	6.30795	5.99107	7.801030000000001	5.05952	3.00606	1.4143299999999999	5.9663	5.940589999999999	5.815440000000001	3.8077	5.3917600000000006	3.69421	1.5985699999999998	0.0	0.0	0.0
Node 159		8.26861	3.20144	8.421470000000001	7.753749999999999	4.03983	7.55832	3.90666	7.29397	3.56949	3.0933200000000003	5.71517	3.6355600000000003	5.9616299999999995	6.98608	4.91405	6.62706	4.4767	2.48204	4.7495	1.32165	0.0	0.0	0.0
Node 100		6.548769999999999	6.89081	6.16347	3.44618	3.7309799999999997	10.68211	5.86158	6.38188	4.73308	5.15399	5.70908	6.099489999999999	6.02106	9.29204	3.2922	8.8158	6.47094	4.72121	5.81424	0.0	0.0	0.0	0.0
Node 133		5.85874	7.03943	8.58616	7.488549999999999	7.424060000000001	5.33232	5.48169	6.966219999999999	5.02948	8.21687	7.1975	2.88078	1.45509	8.477030000000001	9.89154	6.12256	0.98504	6.82419	4.16047	0.9308500000000001	0.0	0.0	0.0
Node 180		3.6103799999999997	3.22451	11.56525	5.34906	8.417489999999999	7.726470000000001	4.4044300000000005	5.75113	2.7973600000000003	3.2515500000000004	7.23158	1.9660199999999999	7.046760000000001	8.51373	6.5036700000000005	4.884320000000001	6.00621	1.09511	3.09255	0.0	0.0	0.0	0.0
Node 168		7.38727	9.70581	6.13793	4.5605899999999995	9.00727	9.36341	1.61467	3.8224	5.108	4.84975	5.88168	4.35835	2.07281	4.85119	6.03023	6.0460199999999995	1.8069700000000002	5.417120000000001	7.97595	0.9308500000000001	0.0	0.0	0.0
Node 172		4.52299	7.41911	4.58724	7.983210000000001	4.9653599999999996	7.62574	5.327649999999999	5.848260000000001	5.020779999999999	0.8776	5.80324	5.05153	7.01327	2.60221	5.13213	6.39344	4.12343	7.26677	3.91371	2.52942	0.0	0.0	0.0
Node 113		7.885000000000001	6.807340000000001	4.21587	6.16904	6.92445	4.57915	7.147259999999999	8.13025	2.4206600000000003	4.49622	7.18176	1.53939	5.11501	6.05295	2.9102200000000003	4.591880000000001	6.03646	6.5081	7.371179999999999	0.0	0.0	0.0	0.0
Node 175		6.940109999999999	6.05044	10.631870000000001	7.99684	2.50686	8.54072	2.9703	7.0854	5.32716	1.6806999999999999	5.68315	3.79763	6.5654699999999995	7.33437	6.058800000000001	6.05717	4.93538	3.78188	4.48587	0.0	0.0	0.0	0.0
Node 47		6.53904	5.43875	6.22078	7.25702	2.25565	8.53051	2.26027	4.18596	7.878019999999999	5.56993	3.00995	2.82389	2.432	4.02759	9.25344	8.06726	4.14231	1.8816800000000002	6.6324	2.18529	0.0	0.0	0.0
Node 38		6.01703	9.10398	8.24168	7.94212	6.9906	7.50387	8.11191	3.79605	7.0001	6.3084299999999995	6.25376	3.29934	5.17164	8.69022	5.300479999999999	7.0795200000000005	7.227600000000001	6.13615	3.4008499999999997	1.3752900000000001	0.0	0.0	0.0
Node 171		2.85762	7.65407	12.690399999999999	5.93588	5.31294	6.08022	6.3910800000000005	8.22697	2.60938	3.05333	8.929170000000001	2.95002	4.3112900000000005	5.42288	7.15447	6.01914	5.36465	4.160699999999999	2.83334	1.32165	0.0	0.0	0.0
Node 81		8.81437	4.02811	2.38604	3.3561199999999998	8.469949999999999	7.062830000000001	8.43624	5.40635	6.558509999999999	2.3611199999999997	9.654409999999999	1.6931100000000001	3.89273	9.91559	7.66925	7.893809999999999	8.2375	6.2560400000000005	4.92825	0.0	0.0	0.0	0.0
Node 169		5.825480000000001	4.12371	11.63787	2.17843	4.67612	8.447799999999999	4.67074	5.0477	4.75707	4.5415	9.95982	2.63723	6.573759999999999	9.69988	3.97719	4.833620000000001	4.174569999999999	3.25699	2.36229	0.53308	0.0	0.0	0.0
Node 56		7.3226700000000005	6.179860000000001	11.87725	3.60745	1.69367	6.926010000000001	3.62735	2.11919	6.36673	5.52861	8.66522	5.6354	6.986330000000001	6.49114	5.86128	8.67878	2.34719	5.61268	2.44612	0.7885700000000001	0.0	0.0	0.0
Node 71		5.46595	6.10742	13.18579	3.65102	7.58435	4.46176	4.90265	2.99685	6.66539	2.6895700000000002	5.55518	2.83893	5.22042	8.908389999999999	5.55541	6.96745	3.7382400000000002	3.3500500000000004	4.16757	2.13165	0.0	0.0	0.0
Node 145		6.0952399999999995	7.32216	7.5519	6.9059	10.257299999999999	4.62523	2.92575	7.57447	4.24741	3.5207	5.18809	2.80269	5.43349	6.9283	7.07531	6.803190000000001	6.942629999999999	5.54545	2.91618	1.5985699999999998	0.0	0.0	0.0
Node 91		7.26066	7.229080000000001	5.53134	4.9183900000000005	3.8405500000000004	7.18116	7.03987	11.054509999999999	5.13245	1.4800900000000001	8.07078	1.1944	5.627730000000001	10.09568	0.77135	4.99675	4.3709999999999996	3.6503599999999996	2.31994	0.9308500000000001	0.0	0.0	0.0
Node 96		5.66078	2.6183	8.4981	3.25632	6.522310000000001	6.64677	7.04475	5.09138	4.58082	2.83465	7.676379999999999	2.67492	6.352589999999999	5.94689	4.76171	13.21624	6.127409999999999	5.64668	3.72872	0.0	0.0	0.0	0.0
Node 158		6.34579	7.31983	6.67016	6.81385	2.21783	6.13401	7.70289	5.27134	3.95352	4.445410000000001	6.55299	1.55362	4.043	6.627619999999999	5.20219	6.11232	3.34895	2.01012	4.50605	0.7885700000000001	0.0	0.0	0.0
Node 35		6.18562	2.85461	8.82958	5.38321	6.52039	8.93138	5.70595	5.03388	4.30805	4.88083	3.96837	3.79839	2.71854	7.48987	4.80152	5.88702	0.9756	7.997	3.22082	0.0	0.0	0.0	0.0
Node 157		2.14439	1.45732	6.279450000000001	6.23701	3.2580400000000003	7.314170000000001	4.69306	6.31714	2.74669	5.42843	10.622950000000001	5.4761	0.76578	9.16291	5.131419999999999	4.11428	3.84035	1.91745	5.67648	0.7885700000000001	0.0	0.0	0.0
Node 4		5.1613	5.22988	7.30826	8.28219	1.7883099999999998	9.021740000000001	4.959820000000001	3.89751	9.52475	6.97777	8.86207	1.14151	3.17266	4.38862	8.24506	7.18053	5.38529	6.999809999999999	4.6693	0.8099999999999999	0.0	0.0	0.0
Node 122		4.34098	6.37849	11.32035	3.7891800000000004	9.23518	9.19183	5.7367	5.1026	3.4397200000000003	3.7528699999999997	6.43421	6.1837	6.41229	3.20495	6.88555	7.62998	2.67642	6.56005	3.62644	0.7885700000000001	0.0	0.0	0.0
Node 162		6.05685	0.8004000000000001	5.818890000000001	4.11186	3.06976	8.44605	5.545669999999999	5.71757	4.26852	5.4627799999999995	5.19406	6.621720000000001	3.42362	5.37458	3.83873	1.2631	6.895759999999999	1.4864499999999998	5.10276	0.0	0.0	0.0	0.0
Node 5		2.9433000000000002	7.26912	4.82117	2.74094	7.5221800000000005	11.70755	6.42957	2.96356	3.29087	3.38397	4.0609	2.3586099999999997	4.92661	6.07461	7.2633	6.12317	4.03687	2.96919	5.6765099999999995	0.0	0.0	0.0	0.0
Node 97		5.21842	10.766829999999999	1.39408	7.5598600000000005	10.355780000000001	10.50113	4.47242	5.27678	3.37049	2.97276	11.426590000000001	2.18824	2.86436	5.14989	6.71954	5.919309999999999	2.64297	5.011970000000001	2.73393	0.0	0.0	0.0	0.0
Node 109		4.32721	5.57871	9.50442	4.2253300000000005	6.67846	6.35101	5.69497	3.6956	6.01041	4.83896	5.5870299999999995	4.11471	7.7101500000000005	7.50974	3.33151	5.17076	4.91948	3.98894	3.4646299999999997	0.58672	0.0	0.0	0.0
Node 124		6.41279	4.61936	6.84702	5.95443	6.421830000000001	7.21381	3.81467	6.4935599999999996	7.071959999999999	3.44514	7.81704	2.07232	2.78047	4.18235	6.7815	9.15861	4.92637	5.46165	4.22022	2.18529	0.0	0.0	0.0
Node 183		6.13777	8.61433	3.2367100000000004	6.44452	2.4328499999999997	6.468	7.24669	3.3255399999999997	3.21293	10.29345	5.935	2.5273	3.31168	5.76884	8.38092	7.05075	1.50365	4.29806	2.23766	0.0	0.0	0.0	0.0
Node 161		7.46759	8.09514	4.60592	7.40972	7.320550000000001	7.898610000000001	4.68368	4.32069	6.383039999999999	4.13443	8.91859	3.74619	6.491779999999999	0.76578	6.653630000000001	7.37733	3.28585	8.5158	2.9588099999999997	0.7885700000000001	0.0	0.0	0.0
Node 36		5.07877	5.30942	7.132579999999999	4.84339	6.4198699999999995	8.39163	5.55032	3.99899	6.9137699999999995	2.74958	6.24362	3.3352600000000003	2.1486899999999998	8.9156	2.09014	8.313329999999999	7.73437	3.6816799999999996	3.7421200000000003	1.1198	0.0	0.0	0.0
Node 154		6.54912	8.60705	2.3038	6.28205	4.31233	5.57214	4.93986	3.84638	3.0886299999999998	5.41829	5.3084	4.79247	3.27203	6.55468	5.04652	9.311819999999999	5.364660000000001	2.64124	6.97416	1.9298	0.0	0.0	0.0
Node 22		4.86337	1.15239	12.30934	5.965129999999999	6.21101	5.211650000000001	7.90821	2.12607	7.665959999999999	2.3048699999999998	5.20756	2.06244	4.42894	7.00912	6.06182	6.93675	6.10096	3.63464	8.07882	1.5985699999999998	0.0	0.0	0.0
Node 170		4.71371	5.84702	10.779	3.592	6.38881	3.03397	2.26484	5.9391300000000005	4.42846	4.48999	3.12444	2.55658	3.05045	9.07053	6.87935	5.0825000000000005	6.517779999999999	2.9631000000000003	5.616079999999999	0.7885700000000001	0.0	0.0	0.0
Node 13		4.41188	4.648569999999999	9.43929	3.5781599999999996	8.01108	7.32911	6.18184	4.24897	7.2653	6.13192	7.80982	3.7157000000000004	5.33394	4.43962	6.40987	10.05344	3.2931000000000004	4.759440000000001	4.9919400000000005	0.8099999999999999	0.0	0.0	0.0
Node 150		9.10747	5.97755	3.17487	6.412610000000001	4.47858	8.93737	6.36983	4.1926499999999995	4.8245000000000005	2.65503	3.65895	0.0	4.55615	6.03367	6.29063	5.6565900000000005	3.1613599999999997	6.20805	4.399970000000001	0.0	0.0	0.0	0.0
Node 106		3.5101	7.209029999999999	10.85367	3.7046200000000002	3.12305	6.1537	3.06252	2.11404	5.07974	3.05899	5.11429	3.4298299999999995	3.01142	6.894590000000001	5.68821	7.29857	1.5595299999999999	4.96091	3.97106	0.0	0.0	0.0	0.0
Node 25		9.922830000000001	7.979089999999999	8.27155	5.8677	5.7017999999999995	6.9002099999999995	5.34161	5.025919999999999	7.10835	5.007099999999999	6.07973	4.56419	5.66633	2.45895	4.008579999999999	9.13698	2.4948	4.66842	2.01916	0.7885700000000001	0.0	0.0	0.0
Node 177		6.25578	3.75609	10.27898	7.4262999999999995	5.42178	8.74273	5.47687	6.2154300000000005	5.87004	3.77298	8.76073	1.97868	6.46484	5.80448	6.44154	8.768239999999999	5.89685	5.27997	7.81417	0.7885700000000001	0.0	0.0	0.0
Node 181		7.01277	8.20888	5.59513	8.370800000000001	3.1851900000000004	6.9320699999999995	4.50917	5.42802	5.49304	5.52895	7.441649999999999	2.63723	4.75675	4.01844	4.84372	9.22332	2.84141	7.470400000000001	1.74549	1.71942	0.0	0.0	0.0
Node 198		0.68834	4.52368	5.59329	8.45124	2.19306	3.81996	6.3756699999999995	4.5475200000000005	6.733790000000001	4.93145	9.7474	2.74802	4.96628	7.3604199999999995	5.3775900000000005	7.017619999999999	6.50414	5.76585	5.23358	0.9308500000000001	0.0	0.0	0.0
Node 116		3.37222	7.1162600000000005	2.56174	5.132359999999999	2.79341	6.0858099999999995	7.38825	3.99068	4.93241	0.86232	7.88013	3.3284300000000004	4.69053	4.12478	6.07102	6.24028	2.08251	9.53197	4.36578	0.7885700000000001	0.0	0.0	0.0
Node 82		8.19473	7.4793899999999995	10.51901	3.84994	5.32047	5.24918	5.23911	7.06742	3.29623	4.72299	3.5230699999999997	7.270989999999999	5.63344	7.59995	7.13929	8.3483	6.942130000000001	6.42656	6.74436	0.0	0.0	0.0	0.0
Node 27		6.918620000000001	4.90125	6.93219	7.48221	5.40859	8.76679	4.07904	6.778530000000001	9.411669999999999	3.15178	2.2761400000000003	3.8331700000000004	2.9095	8.20603	2.27418	8.84409	7.66657	4.34631	4.002809999999999	0.0	0.0	0.0	0.0
Node 61		8.32122	7.300579999999999	8.61806	4.29924	5.3192	6.770320000000001	3.91342	7.41624	5.60909	3.44022	11.131739999999999	5.1873000000000005	1.57498	6.52543	2.79151	7.99234	3.45909	4.50545	2.0691	0.0	0.0	0.0	0.0
Node 129		7.74206	4.60231	4.2923	0.0	6.10994	4.348380000000001	4.06311	5.52437	4.9368	3.1766500000000004	6.7802299999999995	2.77908	9.50552	2.7077400000000003	6.68082	3.1747699999999996	2.32869	6.765980000000001	4.05232	1.5985699999999998	0.0	0.0	0.0
Node 188		4.35412	5.47169	10.3774	3.6322	7.60328	8.63345	3.3295199999999996	5.8086199999999995	5.10589	4.24629	8.58188	1.82523	2.08163	6.01952	4.15683	10.08417	4.57306	6.1230199999999995	5.88609	0.9308500000000001	0.0	0.0	0.0
Node 40		5.981990000000001	4.67466	3.88325	4.42256	8.069410000000001	7.876710000000001	2.63005	3.08955	4.97444	7.967580000000001	7.01469	1.9787800000000002	4.45028	7.731630000000001	7.68273	9.33259	5.24197	4.02266	4.2821	1.32165	0.0	0.0	0.0
Node 10		8.917079999999999	2.7757	7.89382	4.38439	6.3662399999999995	4.55667	3.52798	6.84696	3.48421	5.426489999999999	5.20913	4.07632	3.90209	2.7315099999999997	3.23417	7.64286	7.59125	5.6930700000000005	4.04992	2.52942	0.0	0.0	0.0
Node 114		5.03469	6.59775	5.43104	5.0544199999999995	2.72483	9.337900000000001	6.542009999999999	3.9596600000000004	6.3557500000000005	2.2346	1.28495	4.4883	1.86798	9.760290000000001	4.94801	7.003760000000001	6.877949999999999	3.4154999999999998	5.5926	0.58672	0.0	0.0	0.0
Node 107		5.45894	3.1444	8.15939	7.098889999999999	5.0587800000000005	9.58263	6.48061	7.577399999999999	2.83229	3.0964	6.32263	1.79036	2.99728	7.2488399999999995	1.14459	7.211720000000001	7.39387	2.0859099999999997	5.287929999999999	1.1198	0.0	0.0	0.0
Node 137		5.77439	5.55452	6.623600000000001	2.46632	5.97385	5.1650599999999995	3.78772	5.236190000000001	5.10372	1.8723400000000001	6.6238	3.7458	5.73607	6.75577	6.01083	6.89659	6.77536	5.5527	3.77053	0.0	0.0	0.0	0.0
Node 84		5.97487	11.672	7.50717	5.51208	6.994540000000001	6.990749999999999	5.548220000000001	4.12215	5.670059999999999	4.60846	11.10597	0.60562	2.4154999999999998	8.30896	4.90551	8.84128	5.31616	4.09524	4.80976	0.0	0.0	0.0	0.0
Node 19		3.36769	5.8868	6.47796	7.62548	1.67944	5.2363100000000005	0.0	5.27416	6.07332	5.01872	6.599620000000001	2.11902	0.76578	10.37086	7.08579	7.152310000000001	7.08381	4.1616800000000005	6.19609	0.0	0.0	0.0	0.0
Node 78		7.18329	8.90965	6.45674	3.3032	2.41377	7.8247800000000005	5.07446	4.98298	5.0201	8.30294	6.28877	4.35299	6.850630000000001	5.86102	4.56273	9.30921	4.5809299999999995	2.9610399999999997	6.87755	2.27393	0.0	0.0	0.0
Node 64		6.4483299999999995	7.704419999999999	4.58724	7.35069	4.73267	5.37589	3.2288200000000002	1.9740600000000001	4.02491	2.30289	3.68729	0.57661	0.8992500000000001	6.41437	3.9493	9.210980000000001	3.4067800000000004	4.83962	5.18338	0.0	0.0	0.0	0.0
Node 141		4.11911	6.4061699999999995	5.612	5.45982	3.39857	3.33257	4.48806	7.1892499999999995	6.55883	6.245950000000001	7.51918	0.53589	6.44162	5.08083	3.97736	8.9521	5.71853	5.28362	4.60095	2.13165	0.0	0.0	0.0
Node 11		5.67542	7.20375	10.44045	5.50857	5.24256	10.3887	3.7871599999999996	5.378220000000001	4.51671	6.369180000000001	9.862350000000001	4.0885299999999996	4.884	9.1889	6.1684	3.1552	5.71744	2.9834099999999997	4.47814	1.46393	0.0	0.0	0.0
Node 12		5.53747	9.29692	8.48377	4.2377	6.869219999999999	7.03387	5.3021	3.8224	4.218100000000001	7.62132	7.89319	4.4526	3.9208399999999997	8.395990000000001	5.78135	6.18265	6.14429	2.11387	7.593859999999999	0.7885700000000001	0.0	0.0	0.0
Node 193		3.3479	3.15909	5.69546	8.13483	4.90865	8.05313	4.78771	5.35264	5.2988100000000005	3.49673	8.0438	1.85526	6.68789	7.01426	4.387230000000001	6.03142	3.75941	5.589029999999999	6.0343599999999995	1.32165	0.0	0.0	0.0
Node 123		7.6561	7.392469999999999	4.09214	4.5429200000000005	6.6703600000000005	6.44812	5.2948	5.145029999999999	5.887	2.2673900000000002	7.59971	3.69129	4.1548	4.0048	10.01969	8.99092	4.145639999999999	3.97426	2.04025	2.27393	0.0	0.0	0.0
Node 14		6.50385	6.290419999999999	6.1508	2.4228300000000003	3.5408399999999998	3.74416	3.8668	2.06211	5.5735399999999995	3.37432	12.191699999999999	0.57661	5.34676	3.64021	5.0958000000000006	4.054139999999999	3.82694	7.07165	7.145569999999999	1.32165	0.0	0.0	0.0
Node 128		8.37617	5.861079999999999	9.45759	6.833939999999999	6.3644300000000005	2.8151800000000002	4.18076	4.3363	4.09734	4.36609	2.86492	2.8429599999999997	6.587289999999999	5.19074	2.15305	9.89921	7.09413	3.3348999999999998	2.1839	0.0	0.0	0.0	0.0
Node 135		4.85944	5.2239	9.28431	7.9776299999999996	4.98518	6.8345199999999995	5.66026	2.27939	9.90176	9.20197	4.76403	1.85526	4.15095	4.37428	7.940980000000001	8.62481	3.60698	7.548539999999999	5.19765	0.53308	0.0	0.0	0.0
Node 179		8.64598	3.2267900000000003	5.78085	7.7463500000000005	5.72475	5.240270000000001	5.12936	4.510759999999999	6.049580000000001	0.8776	5.83032	6.234159999999999	3.97737	1.27858	3.46861	8.500860000000001	0.9756	0.0	5.746359999999999	0.7885700000000001	0.0	0.0	0.0
Node 190		5.95903	6.51111	5.42031	2.97677	1.4361199999999998	10.24283	4.2804	5.00917	8.95603	5.5776699999999995	3.4031400000000005	5.5439	4.6515	5.53856	4.01338	10.525030000000001	6.341189999999999	2.54378	7.75183	1.3967200000000002	0.0	0.0	0.0
Node 69		6.84303	4.8181899999999995	10.92235	5.72016	6.8103	5.78276	3.53547	1.4346700000000001	5.03322	3.86518	8.19545	3.47856	1.55099	4.86813	5.766439999999999	7.09133	7.4808200000000005	4.56533	5.65629	0.53308	0.0	0.0	0.0
Node 151		6.80329	5.59243	5.70017	2.77099	7.14577	8.16793	4.25962	0.5576399999999999	3.9240700000000004	5.00414	3.82727	3.23152	1.55277	7.131550000000001	6.380420000000001	7.9901100000000005	5.66248	5.72533	5.06909	0.8099999999999999	0.0	0.0	0.0
Node 51		6.327439999999999	5.41004	5.62558	5.97499	6.21015	6.05713	3.98571	2.47624	6.85084	4.6178	2.89852	4.16468	4.94872	6.52327	7.626670000000001	4.92611	4.9102	1.19113	8.403739999999999	1.3752900000000001	0.0	0.0	0.0
Node 65		5.792280000000001	4.19972	3.15104	8.1212	5.76781	6.38979	5.03178	1.6744100000000002	3.1997400000000003	2.35804	9.75464	4.41523	4.51298	4.956180000000001	5.208	7.08751	5.12021	5.08363	3.6071400000000002	0.8099999999999999	0.0	0.0	0.0
Node 174		1.2490899999999998	5.85321	7.80644	8.39438	6.5678399999999995	5.947220000000001	4.03356	6.35569	4.9972	2.91586	5.41651	3.0581400000000003	1.7728399999999997	5.47654	7.29129	10.04057	5.2111	1.9354500000000001	6.144340000000001	0.7885700000000001	0.0	0.0	0.0
Node 29		4.288460000000001	5.42204	7.40216	6.577570000000001	7.91249	6.27254	4.15588	5.75286	3.9865200000000005	2.7458199999999997	8.028979999999999	3.5402000000000005	4.23246	8.24804	5.70736	7.109509999999999	2.24497	2.5192	4.21463	0.9308500000000001	0.0	0.0	0.0
Node 8		7.41089	8.79697	11.50032	4.0957300000000005	6.508450000000001	7.28685	5.80053	2.97884	4.191870000000001	4.86441	4.1537999999999995	0.0	6.573130000000001	5.84682	2.14013	7.36207	7.70755	1.649	3.62696	0.9308500000000001	0.0	0.0	0.0
Node 149		4.134729999999999	8.747969999999999	4.68947	5.7709	6.1704	8.81146	1.34871	5.8927	3.62479	2.55542	10.526629999999999	3.1097799999999998	4.5425699999999996	8.03147	6.440379999999999	8.41675	2.99769	5.77204	4.940230000000001	0.58672	0.0	0.0	0.0
Node 90		6.4027	5.758719999999999	7.30439	3.70693	5.5957	2.11551	6.792719999999999	3.69212	5.998139999999999	5.78739	5.91865	3.27174	6.904839999999999	9.03633	4.6353100000000005	4.95949	5.25364	5.9529	5.878089999999999	1.5985699999999998	0.0	0.0	0.0
Node 132		5.9599899999999995	7.92437	12.732930000000001	2.46442	6.0843	5.94505	5.61609	6.424939999999999	3.07735	1.96607	8.33549	1.28934	3.56795	5.01196	4.86744	7.651579999999999	4.1201	8.7727	5.76399	0.7885700000000001	0.0	0.0	0.0
Node 144		7.2429499999999996	6.72962	10.27345	6.387270000000001	10.33757	9.161859999999999	4.81696	4.36858	6.5939499999999995	0.0	11.14268	4.02921	6.76277	5.77177	6.12714	9.10513	4.812049999999999	4.37701	2.9905	3.0625	0.0	0.0	0.0
Node 98		6.35689	3.74426	2.26757	7.46913	5.22733	12.37031	7.620839999999999	4.56253	3.8517799999999998	4.1260699999999995	6.81545	7.64161	5.40201	2.87141	6.19132	5.3704	3.6042400000000003	1.18301	5.70248	1.1198	0.0	0.0	0.0
Node 142		5.78925	2.70287	12.14263	7.942699999999999	4.03146	4.61877	2.84961	8.49057	5.7934600000000005	3.16079	3.77012	4.46389	4.68646	2.6434800000000003	6.827469999999999	10.66217	8.23237	4.47816	4.90596	2.13165	0.0	0.0	0.0
Node 153		6.849629999999999	5.89021	4.44327	6.15954	6.489300000000001	5.68677	4.46134	5.17217	7.12927	4.97682	8.29178	1.8415399999999997	4.58382	8.42074	6.24482	5.691870000000001	4.55136	1.5732	4.94316	0.53308	0.0	0.0	0.0
Node 17		8.75676	2.33698	8.8708	6.9679	3.95699	6.07362	2.35058	3.5542499999999997	3.2423	5.36023	11.74683	2.98841	8.456230000000001	7.00994	4.4178500000000005	8.43591	5.12931	3.47849	3.8351900000000003	0.53308	0.0	0.0	0.0
Node 57		4.79933	5.18817	11.41154	4.34007	5.95969	5.70882	5.76729	1.27637	4.99168	6.392829999999999	9.76999	2.8707	2.61254	5.49313	4.90294	10.38569	2.51558	4.46842	6.540150000000001	0.7885700000000001	0.0	0.0	0.0
Node 20		7.05739	6.0897	6.16197	8.97816	4.14064	4.76786	4.22932	3.02971	6.757009999999999	1.92562	7.918169999999999	5.04964	5.2795000000000005	8.47865	3.8757800000000002	11.09564	8.629299999999999	3.7394999999999996	3.77889	1.34308	0.0	0.0	0.0
Node 74		7.41744	7.687539999999999	4.94778	6.4606200000000005	2.3261600000000002	8.54791	6.94863	2.6281100000000004	3.83067	3.95531	9.409099999999999	2.92952	4.46387	4.9709200000000004	4.97285	7.9967999999999995	4.855700000000001	7.154489999999999	4.47734	0.53308	0.0	0.0	0.0
Node 112		8.390590000000001	4.55285	9.9955	5.52665	3.51507	7.564260000000001	3.0642099999999997	6.85084	4.2397	3.77115	5.53939	1.78017	1.9784	7.616059999999999	4.5313	6.4536	5.94466	5.69944	4.421139999999999	0.0	0.0	0.0	0.0
Node 3		4.46845	7.925319999999999	10.50502	3.91686	4.7684999999999995	5.59444	1.90391	7.91712	2.2625699999999997	3.28298	8.3601	2.5657900000000002	5.85659	4.5523	8.203059999999999	4.18353	6.15054	3.8052999999999995	5.27409	0.53308	0.0	0.0	0.0
Node 93		1.2741799999999999	8.590530000000001	7.88745	4.79139	6.298520000000001	7.73658	5.66715	2.74353	2.71404	0.93385	8.70673	4.4753	5.34463	7.6695899999999995	9.405719999999999	8.5221	5.4889399999999995	4.46632	5.70051	0.0	0.0	0.0	0.0
Node 95		3.4924999999999997	5.75311	2.62391	1.45212	6.53228	8.14994	2.6100000000000003	6.94665	6.46945	4.66199	5.1940100000000005	4.74296	3.99324	9.46896	7.10911	6.36745	4.82823	2.67571	5.19151	0.0	0.0	0.0	0.0
Node 189		7.02168	6.538729999999999	6.5329999999999995	7.81635	7.46819	8.65036	5.391859999999999	5.9302399999999995	5.60008	5.21791	5.71558	5.965949999999999	2.2540299999999998	6.8561700000000005	5.75633	7.025480000000001	5.62891	1.36305	6.21544	0.7885700000000001	0.0	0.0	0.0
Node 34		7.08131	3.9236100000000005	4.9979700000000005	5.5187100000000004	6.835579999999999	7.00388	5.986	5.26531	3.4554300000000002	2.94663	3.35891	3.66137	5.7783	5.8476300000000005	4.07341	7.301589999999999	3.8755900000000003	6.26961	6.146739999999999	1.1198	0.0	0.0	0.0
Node 0		8.33579	8.67449	11.7478	4.45287	8.04825	4.32716	3.1744399999999997	4.05431	3.39653	8.24704	7.331	2.9779	7.09118	9.40237	8.36916	7.240539999999999	5.0233300000000005	4.8977	3.54796	1.5985699999999998	0.0	0.0	0.0
Node 195		6.86619	8.04622	6.25797	6.255629999999999	4.70905	2.80702	4.42272	5.03452	3.3883799999999997	2.36605	7.1070400000000005	3.3879699999999997	4.7701899999999995	3.39776	5.302359999999999	3.6415	4.65984	2.78914	4.4257	0.0	0.0	0.0	0.0
Node 52		5.87579	3.38464	6.33029	4.13749	4.90998	8.07293	3.22973	5.98096	6.15428	3.86485	12.07116	1.34374	2.25198	5.37858	8.17495	5.71598	7.43343	6.54982	3.6297999999999995	1.90837	0.0	0.0	0.0
Node 125		8.4687	7.42399	9.92018	3.2243399999999998	4.810989999999999	9.24571	4.02977	3.7003099999999995	3.9190500000000004	6.21034	6.44541	1.73976	4.70412	8.94106	3.5476199999999998	5.665039999999999	2.49476	4.33868	5.18288	0.0	0.0	0.0	0.0
Node 117		5.870299999999999	7.57393	4.78973	5.70716	4.17548	11.18526	2.91181	6.722980000000001	4.67958	7.6336	7.25176	5.21643	2.7422	5.03813	5.93772	9.21429	4.33651	2.64113	5.9113	1.71942	0.0	0.0	0.0
Node 136		8.18216	1.86768	5.55146	3.05152	5.47551	6.15048	6.061310000000001	4.99092	2.89487	1.8477199999999998	3.5346200000000003	2.13722	2.93668	4.50577	9.009599999999999	5.4402	5.38919	4.71701	2.19433	1.1198	0.0	0.0	0.0
Node 59		9.30255	8.07785	4.19613	7.28137	5.73458	8.7449	2.14563	4.9822999999999995	5.1184899999999995	3.4299999999999997	8.49264	4.43824	5.61336	3.83251	5.74062	9.40949	9.23449	6.24038	4.66251	0.0	0.0	0.0	0.0
Node 68		4.44012	7.7990900000000005	7.839110000000001	7.08507	4.92065	8.23507	5.240419999999999	4.91601	1.44739	4.07159	3.2057299999999995	4.388800000000001	4.96577	5.20717	6.85394	6.96678	4.4693700000000005	3.5484799999999996	5.75921	0.7885700000000001	0.0	0.0	0.0
Node 1		5.34912	6.3622700000000005	5.45709	4.651079999999999	0.90531	9.5494	4.12973	2.8913100000000003	5.5636600000000005	4.77762	7.34243	2.0873	7.63424	4.25525	4.392399999999999	7.60347	5.51549	3.13101	8.146009999999999	0.8099999999999999	0.0	0.0	0.0
Node 165		8.46158	6.864870000000001	7.28927	3.2233699999999996	7.187060000000001	7.8439	3.0853800000000002	1.32147	5.95116	4.85923	4.20623	5.96378	0.0	6.81238	3.5687200000000003	9.3912	2.80268	3.9952799999999997	5.86293	0.9308500000000001	0.0	0.0	0.0
Node 16		3.27555	7.83146	7.8938999999999995	7.07044	6.73438	8.37261	6.3987	7.01827	4.835190000000001	4.66818	8.447659999999999	4.39896	3.04794	10.13153	3.5238899999999997	8.06083	2.14998	6.22188	2.8991599999999997	0.7885700000000001	0.0	0.0	0.0
Node 30		3.2868500000000003	9.07334	8.1282	4.46992	9.78919	5.42249	3.0795	3.8741499999999998	5.1913	2.26707	7.91396	2.93385	1.4500300000000002	6.64582	5.62234	7.51429	3.51485	5.73483	5.12762	0.58672	0.0	0.0	0.0
Node 126		2.70078	6.710960000000001	5.81352	5.40625	5.34013	8.192779999999999	4.89003	5.97057	5.29676	3.05023	7.5429200000000005	4.98736	3.64588	3.47916	3.3525300000000002	6.20045	6.139010000000001	4.22622	6.31351	0.7885700000000001	0.0	0.0	0.0
Node 166		6.13718	8.66808	6.10178	4.76715	6.7228200000000005	7.9393	1.65209	5.53032	4.5919799999999995	2.68539	6.3924900000000004	2.90515	6.292599999999999	5.579359999999999	6.79505	6.8154699999999995	6.932919999999999	6.816560000000001	5.3777	0.8099999999999999	0.0	0.0	0.0
Node 148		5.49946	5.41905	6.08909	7.23357	5.7444500000000005	7.67004	4.1961900000000005	4.74448	4.49865	4.76387	8.25503	2.64308	5.58326	5.64098	8.25588	7.919080000000001	7.21644	5.20986	5.11841	1.71942	0.0	0.0	0.0
Node 49		6.23752	4.4072	4.7981799999999994	8.72282	2.47153	5.38268	4.95892	3.90639	5.35847	5.2615	8.59038	3.49275	6.03495	6.0101700000000005	6.974710000000001	5.80556	7.3128	0.50939	2.9647099999999997	1.46393	0.0	0.0	0.0
Node 185		6.71166	3.9062	10.02532	3.27042	7.89607	8.07503	2.90048	7.21313	4.82668	6.13938	4.36372	4.77243	2.90807	6.549	2.1488199999999997	7.1575	4.857609999999999	8.68937	6.54605	0.7885700000000001	0.0	0.0	0.0
Node 88		6.478200000000001	4.0095	10.85939	9.266580000000001	5.78113	8.56863	3.21815	5.30166	4.82089	2.3524599999999998	8.86349	5.39361	3.7847600000000003	5.50089	7.00103	6.105300000000001	6.01288	4.83072	5.0623000000000005	0.53308	0.0	0.0	0.0
Node 18		8.44371	5.36951	4.64764	7.018580000000001	8.13607	5.9566	5.016430000000001	5.41306	6.60765	3.7892799999999998	6.001320000000001	1.37626	6.19006	5.1575999999999995	7.347230000000001	10.100389999999999	5.27726	1.87839	3.66581	0.0	0.0	0.0	0.0
Node 184		4.2176	3.283	9.15465	4.674119999999999	1.33368	10.02837	2.90805	5.30107	6.10259	7.47119	8.6719	2.4696599999999997	3.85841	5.54702	3.11146	6.19303	6.26386	1.633	6.5644800000000005	1.3752900000000001	0.0	0.0	0.0
Node 120		5.09581	8.715860000000001	6.19139	6.9119399999999995	3.1411000000000002	7.851	2.4534000000000002	7.41796	7.23284	1.27441	5.6727300000000005	4.31334	2.9377899999999997	7.85408	6.63024	1.3346	9.96072	4.37524	7.51517	0.53308	0.0	0.0	0.0
Node 48		6.60209	5.60328	11.741	7.2970999999999995	5.63445	6.96865	3.3746199999999997	5.16207	4.95835	3.6234200000000003	9.02729	5.27095	4.75064	6.59181	7.86078	4.96054	5.51621	4.7626	3.50479	0.7885700000000001	0.0	0.0	0.0
Node 53		8.23931	10.0122	5.59015	5.773070000000001	4.9882	9.37758	5.15103	7.3113399999999995	3.07498	7.8611200000000006	6.833780000000001	4.39622	3.2461499999999996	3.91911	8.748190000000001	10.69829	4.58299	1.61827	7.431010000000001	0.0	0.0	0.0	0.0
Node 131		6.787609999999999	7.273549999999999	6.45169	4.7469	6.903449999999999	6.59917	5.93826	7.37859	4.4129700000000005	5.75671	4.61181	3.3451500000000003	1.44954	8.32534	7.46428	7.72034	3.52052	4.94208	6.06499	1.71942	0.0	0.0	0.0
Node 138		6.4131599999999995	5.75096	9.11222	6.820220000000001	8.56632	8.29768	5.57262	6.79552	8.17357	5.71858	2.83819	2.10719	2.59944	8.3459	6.88401	7.92035	3.4273900000000004	5.43562	4.01398	0.7885700000000001	0.0	0.0	0.0
Node 119		5.65574	10.112210000000001	9.57396	4.81569	7.76037	7.958519999999999	1.37506	1.6665599999999998	5.3764199999999995	3.40571	4.92293	3.8781700000000003	3.85965	0.79901	5.17322	6.5685400000000005	3.51671	2.96919	4.26236	0.8099999999999999	0.0	0.0	0.0
Node 66		5.18671	5.47099	6.5609	4.35991	2.21419	7.11203	4.03933	6.87526	1.89677	5.1319799999999995	7.202210000000001	3.38139	3.9584599999999996	8.56852	6.35264	8.15816	2.4680500000000003	6.50558	3.6423499999999995	0.8099999999999999	0.0	0.0	0.0
Node 194		4.49702	7.96734	4.04031	6.85859	6.5130099999999995	10.13193	2.58445	5.07525	7.9818	5.79033	9.62481	1.90116	2.02909	2.63169	4.32753	4.60036	1.56286	3.40657	2.9720400000000002	0.0	0.0	0.0	0.0
Node 33		9.065769999999999	6.26032	8.61808	7.56776	1.5165899999999999	7.028700000000001	4.77676	6.4528799999999995	8.47768	3.7188199999999996	6.64293	4.60384	4.20283	2.46745	3.8800399999999997	6.70803	5.9312	3.23699	3.1324699999999996	0.0	0.0	0.0	0.0
Node 15		5.19363	8.75958	9.824910000000001	9.28035	7.26685	4.45836	2.77874	4.63726	4.46562	5.0519300000000005	9.17518	0.64049	6.6526000000000005	5.67652	8.7956	6.341919999999999	6.59219	5.85957	3.64166	0.0	0.0	0.0	0.0
Node 73		0.73257	6.479890000000001	7.972029999999999	4.29394	4.99529	6.91904	0.69743	3.01034	3.9376599999999997	5.09322	6.9077399999999995	4.01678	3.2666399999999998	5.8442300000000005	2.86409	8.44591	6.07062	5.0079899999999995	6.21008	2.2525	0.0	0.0	0.0
Node 127		8.88352	4.33685	10.26771	9.70612	5.3394200000000005	2.9581199999999996	6.523070000000001	2.91486	7.19057	3.2515500000000004	9.11223	2.2818899999999998	5.24895	4.465199999999999	5.42426	8.11578	6.7385399999999995	5.47792	3.63281	0.8099999999999999	0.0	0.0	0.0
Node 32		6.9357299999999995	5.8807	7.27323	7.57131	6.701459999999999	6.51536	3.7606	4.97705	2.51442	3.77849	4.30966	3.97123	0.59592	6.30326	8.22467	8.679820000000001	3.17336	1.62717	4.59952	0.7885700000000001	0.0	0.0	0.0
Node 176		5.9136	5.4868500000000004	10.226939999999999	7.20842	8.114989999999999	8.55835	6.2105	3.2758299999999996	7.112019999999999	1.8119699999999999	8.23826	4.053310000000001	6.01149	5.6960999999999995	7.83431	6.34585	4.92812	3.9540699999999998	5.01493	0.8099999999999999	0.0	0.0	0.0
Node 178		3.65264	4.34364	11.52994	4.80968	5.15768	6.0090200000000005	5.23977	4.4201999999999995	6.66808	3.67158	5.46418	5.94578	4.64534	5.13802	3.6820199999999996	5.48248	6.449390000000001	4.65473	5.46842	0.58672	0.0	0.0	0.0
Node 79		9.18774	7.323549999999999	2.65854	10.33421	6.750780000000001	9.67673	2.83997	3.5465700000000004	6.70046	6.928660000000001	7.3333200000000005	5.026669999999999	2.66324	5.79475	6.4614199999999995	6.00249	6.851590000000001	7.43914	2.01816	0.0	0.0	0.0	0.0
Node 37		7.78713	5.32585	7.76773	8.343250000000001	6.343559999999999	7.50584	7.598059999999999	5.74582	6.16772	2.2742	6.86686	2.73832	3.7085100000000004	6.57454	6.6653	4.654260000000001	7.03762	5.85654	5.97619	0.9308500000000001	0.0	0.0	0.0
Node 191		5.49206	3.15034	3.0280899999999997	7.3229500000000005	3.56515	6.03751	2.58338	6.08864	2.70627	2.06867	6.50533	6.454509999999999	6.72055	4.32392	5.91337	9.40362	5.29663	4.382960000000001	6.497260000000001	0.58672	0.0	0.0	0.0
Node 80		7.144480000000001	7.46907	9.09762	9.88302	5.6165899999999995	6.7079200000000005	7.57988	3.32332	6.831669999999999	1.90649	7.05681	5.93991	4.06752	9.06691	7.39303	4.34926	6.62219	5.70107	4.77612	0.7885700000000001	0.0	0.0	0.0
Node 31		7.52384	7.33433	8.497250000000001	3.87495	8.999	8.08206	5.81075	5.86945	4.76852	1.96607	8.01944	3.19083	6.57924	6.36827	7.05012	6.88705	4.02099	6.10438	5.70084	2.27393	0.0	0.0	0.0
Node 77		7.856929999999999	1.95279	4.40946	5.57489	5.417870000000001	9.71198	2.82883	2.04207	7.722809999999999	7.29492	9.79507	4.98163	5.01559	3.07857	4.80062	9.19739	0.8283699999999999	6.91214	2.9448	0.0	0.0	0.0	0.0
Node 199		6.7244600000000005	7.065689999999999	8.62813	6.16553	3.91255	6.05746	6.63628	6.22403	4.46609	4.92398	9.83667	2.63206	3.4378699999999998	4.74273	4.03332	6.23555	1.28016	4.46556	7.5382299999999995	0.8099999999999999	0.0	0.0	0.0
Node 62		6.1673100000000005	5.03189	7.90937	4.87575	6.07205	6.711970000000001	2.0437	3.5998	3.38821	4.7188099999999995	2.98508	2.6749	6.9781200000000005	6.76856	6.88825	7.42956	4.7818	3.38129	1.40808	1.34308	0.0	0.0	0.0
Node 186		4.42825	3.9960799999999996	10.57005	4.20855	6.48262	5.09322	6.73031	0.53029	6.88565	5.7157100000000005	7.17319	2.40302	8.84804	5.80237	8.586829999999999	11.30846	4.13253	1.33024	5.11463	0.7885700000000001	0.0	0.0	0.0
Node 111		7.98499	5.8492299999999995	8.22399	4.06059	3.4322	7.658289999999999	5.32493	5.32519	4.485580000000001	4.84565	6.815259999999999	5.25471	3.39079	4.60082	5.053640000000001	10.94989	4.343120000000001	6.80053	4.28021	1.51757	0.0	0.0	0.0
Node 164		3.01723	7.24412	10.71716	3.44618	4.98056	10.43981	3.37364	6.233169999999999	4.84254	2.59927	8.69836	2.66076	6.69503	6.95227	6.89263	7.130160000000001	4.59983	5.19249	7.94956	0.7885700000000001	0.0	0.0	0.0
Node 187		6.07262	4.6035699999999995	6.396870000000001	7.81241	6.00431	4.49771	3.5232300000000003	6.46186	4.4205000000000005	3.1794999999999995	5.13426	4.83083	2.01025	8.47797	4.69445	2.38281	9.314079999999999	8.74484	4.41131	2.52942	0.0	0.0	0.0
Node 104		6.304990000000001	3.89423	2.3983	5.81635	4.76169	6.12547	4.131209999999999	4.07608	4.7472199999999996	4.722090000000001	4.89285	5.41972	4.42157	9.01416	6.79895	6.9806099999999995	3.52402	5.67729	6.45217	1.46393	0.0	0.0	0.0
