Node 229		1.36261	0.8167000000000001	0.84863	0.0	0.90133	0.57417	1.73325	0.0	0.62443	1.38509	0.88468	0.0	1.3775000000000002	0.0	0.0	0.9565300000000001	0.50058	1.21438	0.0	0.0	0.0	0.0	0.0
Node 461		0.0	0.0	0.0	0.64734	0.0	0.57417	1.9337199999999999	0.0	1.2017099999999998	0.0	0.0	1.7536900000000002	0.0	0.0	1.7033099999999999	0.7721600000000001	0.6942	0.0	0.0	0.0	0.0	0.0	0.0
Node 294		1.96894	0.0	2.31857	1.47691	0.0	0.85022	2.94671	1.49322	0.0	0.83655	0.6196	1.5787099999999998	0.0	0.0	0.0	0.5996600000000001	1.68847	0.66809	0.0	0.0	0.0	0.0	0.0
Node 371		3.09507	1.58086	0.8605099999999999	0.7467900000000001	0.0	0.73765	1.93291	0.0	2.09696	0.9272	0.0	0.7605200000000001	0.0	0.6975699999999999	0.0	0.0	0.9953399999999999	0.0	0.0	0.0	0.0	0.0	0.0
Node 128		0.0	0.0	1.7400100000000003	0.7467900000000001	0.6689299999999999	0.0	0.0	0.68464	2.53265	1.7133700000000003	1.5605799999999999	0.7605200000000001	0.0	0.0	0.0	1.5738800000000002	0.0	0.0	0.0	0.0	0.0	0.0	0.0
Node 98		0.0	0.9823200000000001	1.82633	0.64734	0.0	1.35771	0.76435	1.73208	0.0	0.8141799999999999	0.0	1.6205	1.7193	0.0	0.0	0.7721600000000001	0.64849	0.0	0.0	0.0	0.0	0.0	0.0
Node 103		0.0	2.78627	0.0	2.38691	1.34039	1.42439	0.0	3.9633700000000003	0.56002	2.51064	0.0	0.0	1.39009	1.84005	0.0	0.64723	0.0	1.88247	0.0	0.0	0.0	0.0	0.0
Node 416		0.69301	0.9823200000000001	1.6123399999999999	0.7467900000000001	0.66248	0.0	1.93291	0.0	1.3842999999999999	1.49811	0.69739	1.67252	0.8667400000000001	1.80663	0.0	0.64723	0.0	0.66809	0.0	0.0	0.0	0.0	0.0
Node 132		0.69301	0.7946099999999999	0.68074	0.5147900000000001	2.0777	1.45911	0.95577	0.0	1.18445	0.9272	0.95784	2.53336	0.0	0.58399	0.0	0.9565300000000001	0.90246	0.6086	0.0	0.0	0.0	0.0	0.0
Node 197		0.0	0.9823200000000001	0.8605099999999999	0.64734	0.0	1.5134	0.9969399999999999	1.5819199999999998	0.7963899999999999	0.0	1.57991	1.5418100000000001	0.0	2.3196600000000003	0.75456	0.0	0.90246	0.0	0.0	0.0	0.0	0.0	0.0
Node 91		0.0	0.0	0.55987	0.64734	0.75299	1.34992	0.95577	0.0	0.7065100000000001	0.0	0.0	0.72765	0.8793300000000001	0.86985	0.0	0.0	0.50058	1.33512	0.0	0.0	0.0	0.0	0.0
Node 413		0.0	0.0	0.0	0.64734	0.67791	2.30933	0.0	0.67153	0.64169	0.57091	0.88468	1.31009	0.95444	0.0	0.0	0.0	1.9512600000000002	0.53769	0.0	0.0	0.0	0.0	0.0
Node 471		1.0956000000000001	0.9823200000000001	0.0	1.14237	0.65606	2.24265	0.9648199999999999	0.8216899999999999	0.62443	1.40746	0.69739	0.72765	0.51076	0.83643	0.0	0.0	0.0	0.0	0.0	0.0	0.0	0.0	0.0
Node 143		1.15239	0.0	0.88158	1.26158	0.0	1.35771	1.93291	0.67153	0.56002	1.74138	0.6196	0.81657	0.0	0.8486600000000001	0.68739	0.55418	0.6931299999999999	1.33512	0.0	0.0	0.0	0.0	0.0
Node 70		0.0	0.9823200000000001	0.0	0.0	0.6689299999999999	0.0	0.9969399999999999	0.8216899999999999	1.33094	0.9272	0.0	1.6533699999999998	0.65625	1.61413	0.0	0.9565300000000001	1.60118	0.72652	0.52026	0.0	0.0	0.0	0.0
Node 466		0.0	0.0	0.9776999999999999	0.9695	0.0	0.0	0.9969399999999999	1.52363	2.53265	0.0	0.88468	0.89285	2.70978	0.0	0.0	0.0	1.40304	0.6086	0.52026	0.0	0.0	0.0	0.0
Node 410		1.6406	1.8577	0.0	1.78971	0.0	0.0	0.0	0.0	0.64169	1.691	1.5605799999999999	0.89285	1.7553400000000001	0.0	0.75456	1.4193900000000002	1.80892	0.0	0.0	0.0	0.0	0.0	0.0
Node 317		1.6376499999999998	0.57738	1.69639	0.0	0.90133	0.0	0.9648199999999999	0.8216899999999999	0.62443	0.83655	0.0	0.0	0.8667400000000001	0.0	2.05842	0.0	0.9953399999999999	1.71591	0.0	0.0	0.0	0.0	0.0
Node 340		1.59523	0.0	0.68074	0.0	0.0	0.85022	0.98087	0.0	0.56002	2.49864	0.0	0.0	1.82118	0.0	0.94875	0.64723	0.90246	0.0	0.0	0.0	0.0	0.0	0.0
Node 480		0.5405	2.84495	0.89225	0.99278	0.0	1.9487500000000002	0.98087	0.67153	0.0	0.0	0.0	0.99317	2.49002	0.6975699999999999	0.6262099999999999	0.9565300000000001	1.4959200000000001	1.9346100000000002	0.52026	0.0	0.0	0.0	0.0
Node 351		0.0	0.0	0.0	0.5147900000000001	1.3339699999999999	1.9487500000000002	1.9609499999999997	0.68464	1.42082	0.0	0.0	0.0	0.0	0.6975699999999999	0.0	1.6037599999999999	1.40304	0.53769	0.5955199999999999	0.0	0.0	0.0	0.0
Node 304		0.5405	1.6029499999999999	0.0	1.14237	1.33141	0.57417	0.0	0.68464	0.0	0.0	1.84252	0.89285	0.8793300000000001	0.9702000000000001	0.0	0.0	0.0	0.6086	0.0	0.0	0.0	0.0	0.0
Node 83		0.82211	1.58086	1.70827	1.14237	2.0029000000000003	0.0	0.9969399999999999	0.0	0.62443	3.15812	0.86319	2.53336	0.0	0.8486600000000001	0.7669699999999999	1.37182	0.0	0.0	0.0	0.0	0.0	0.0	0.0
Node 118		0.69301	0.0	0.0	0.7467900000000001	1.57026	1.62597	0.98087	0.0	0.7405499999999999	0.0	0.0	3.4262099999999998	0.0	1.5248	1.6826699999999999	1.4007	0.0	0.66809	0.52026	0.0	0.0	0.0	0.0
Node 382		2.33066	0.8167000000000001	0.55987	1.5075699999999999	0.67791	1.45911	0.0	1.50633	0.0	1.7103899999999999	0.0	2.41332	0.8793300000000001	0.0	1.72751	1.58507	1.14907	1.45852	0.52026	0.0	0.0	0.0	0.0
Node 215		1.5981800000000002	0.0	0.0	0.0	0.65606	0.0	0.0	0.0	0.7405499999999999	1.49811	0.0	0.76214	0.95444	0.0	2.04601	0.5996600000000001	1.60118	0.0	0.0	0.0	0.0	0.0	0.0
Node 335		0.9051699999999999	0.87538	0.76458	0.0	1.34039	0.0	1.96584	0.0	0.7963899999999999	0.9272	0.0	2.53985	0.8886	0.9702000000000001	0.7669699999999999	0.0	0.0	0.6086	0.0	0.0	0.0	0.0	0.0
Node 298		0.69301	0.8167000000000001	0.0	1.14237	0.67791	0.73765	1.9609499999999997	0.0	0.7963899999999999	0.0	0.0	1.5418100000000001	0.0	1.5541900000000002	0.66524	0.0	0.0	0.66809	0.0	0.0	0.0	0.0	0.0
Node 411		0.69301	0.9823200000000001	1.24061	0.9695	1.3249900000000001	1.55143	0.9969399999999999	0.67153	0.0	0.77788	0.0	1.67252	0.8886	0.9702000000000001	0.0	3.46072	1.40304	0.53769	1.55627	0.0	0.0	0.0	0.0
Node 450		1.29053	0.9823200000000001	1.4790599999999998	0.7467900000000001	0.67791	1.45911	0.0	0.0	0.56002	0.83655	0.0	0.0	0.95444	0.83643	0.66524	0.9565300000000001	0.90246	2.6799	0.0	0.0	0.0	0.0	0.0
Node 66		0.5551	1.6113100000000002	0.0	1.14237	0.65606	1.5134	0.76435	0.53518	1.2665300000000002	0.0	1.50428	0.99317	0.8793300000000001	0.7654700000000001	0.0	0.64723	0.6931299999999999	0.0	0.0	0.0	0.0	0.0	0.0
Node 151		0.9022199999999999	1.8626299999999998	1.83821	0.0	0.6689299999999999	0.0	1.68821	0.0	0.62443	1.38509	0.0	0.77967	0.0	0.0	1.3931799999999999	0.0	0.69872	1.57644	0.0	0.0	0.0	0.0	0.0
Node 338		0.69301	0.0	0.89225	1.5075699999999999	0.6689299999999999	0.0	0.0	1.6740899999999999	1.2665300000000002	0.0	1.74787	1.7688300000000001	0.0	0.0	2.84111	0.0	0.90246	0.0	0.0	0.0	0.0	0.0	0.0
Node 399		0.0	1.93004	0.0	0.7467900000000001	0.6689299999999999	1.3745800000000001	1.9609499999999997	0.0	0.0	1.7133700000000003	0.88468	0.0	1.50881	0.58399	1.6299899999999998	0.0	0.50058	0.67669	0.0	0.0	0.0	0.0	0.0
Node 209		0.5405	0.9823200000000001	0.0	1.1621299999999999	0.0	0.52436	0.98087	0.67153	0.7963899999999999	0.0	0.0	3.60283	0.68459	0.0	0.66524	0.0	0.90246	0.84992	0.0	0.0	0.0	0.0	0.0
Node 283		1.96894	2.55903	0.84776	0.0	0.0	1.9487500000000002	0.96401	0.68464	0.56002	0.77788	1.50428	1.7536900000000002	0.0	0.86985	1.6139899999999998	0.7721600000000001	0.0	0.6086	0.0	0.0	0.0	0.0	0.0
Node 352		2.3336099999999997	0.0	0.8605099999999999	1.1621299999999999	0.66248	0.85022	1.72917	0.91039	0.0	2.78323	0.95784	1.67252	0.65625	0.0	2.11366	0.0	0.50058	1.3447799999999999	0.0	0.0	0.0	0.0	0.0
Node 228		0.5405	0.7946099999999999	3.16633	0.64734	0.0	0.0	0.9969399999999999	1.3561699999999999	0.56002	4.04902	1.58207	0.99317	2.70051	0.0	0.8754299999999999	0.5996600000000001	1.40304	0.67669	0.0	0.0	0.0	0.0	0.0
Node 337		0.9051699999999999	0.0	0.0	0.0	0.0	1.24514	0.76435	0.67153	0.7065100000000001	1.3487900000000002	1.50428	0.72765	0.8667400000000001	1.5541900000000002	1.54067	0.0	0.50058	0.67669	0.0	0.0	0.0	0.0	0.0
Node 266		2.4173400000000003	0.8167000000000001	0.0	1.26158	0.0	0.0	0.9969399999999999	0.8751200000000001	0.75987	1.59206	0.0	0.0	2.63467	0.9702000000000001	0.0	1.18272	1.4565	0.0	0.0	0.0	0.0	0.0	0.0
Node 163		0.0	0.0	0.72441	0.5147900000000001	0.0	1.4093	0.0	1.5589	0.7963899999999999	0.9272	0.0	0.89285	1.7679299999999998	0.86985	1.6826699999999999	0.0	0.0	1.28529	0.0	0.0	0.0	0.0	0.0
Node 1		0.0	0.9823200000000001	0.8605099999999999	0.0	0.7591600000000001	1.7351599999999998	0.9969399999999999	0.0	0.7065100000000001	1.46712	0.0	2.26784	0.0	0.0	0.0	1.6037599999999999	0.90246	0.9405600000000001	0.0	0.0	0.0	0.0	0.0
Node 120		0.9051699999999999	1.42222	1.40763	0.64734	0.90133	0.7757499999999999	0.96401	0.0	0.0	1.68446	0.0	2.50049	0.8886	0.0	0.7669699999999999	0.0	0.0	1.14629	0.0	0.0	0.0	0.0	0.0
Node 453		2.00077	0.0	0.84776	0.0	0.0	1.09853	0.71931	0.0	0.0	1.53514	0.95784	0.77967	0.8793300000000001	0.0	0.0	0.55418	0.50058	1.28529	0.0	0.0	0.0	0.0	0.0
Node 325		0.5551	1.96957	0.55987	0.0	1.31854	0.0	1.92883	0.67153	0.0	0.9272	0.0	0.0	0.8886	2.65529	0.73392	0.0	0.90246	2.11413	0.0	0.0	0.0	0.0	0.0
Node 440		0.5405	0.9823200000000001	0.0	1.58179	0.0	0.85022	0.0	0.68464	0.0	0.9272	0.69739	0.0	0.95444	1.5541900000000002	0.75456	1.55619	1.9512600000000002	0.6086	0.0	0.0	0.0	0.0	0.0
Node 344		1.5981800000000002	0.8167000000000001	0.9776999999999999	0.0	1.43707	0.52436	0.9969399999999999	0.0	1.3564100000000001	1.76375	0.57429	3.26101	0.86202	0.0	0.0	0.0	0.9953399999999999	0.6086	0.90773	0.0	0.0	0.0	0.0
Node 233		0.0	2.55903	0.55987	0.0	0.0	0.85022	2.93066	0.0	0.62443	0.8141799999999999	0.0	0.77967	0.8667400000000001	0.0	0.67519	0.9565300000000001	0.0	2.17117	0.0	0.0	0.0	0.0	0.0
Node 7		0.9051699999999999	0.8167000000000001	0.55987	0.5147900000000001	0.67791	0.0	0.0	1.21982	0.7065100000000001	0.9272	1.32879	0.98916	1.83377	1.28156	0.7669699999999999	0.0	1.80892	0.67669	0.0	0.0	0.0	0.0	0.0
Node 339		0.0	0.78625	0.0	0.7056899999999999	0.0	0.0	1.92883	0.91039	0.0	0.9272	0.88468	0.89285	0.0	0.0	0.0	0.9565300000000001	0.69872	0.67669	0.0	0.0	0.0	0.0	0.0
Node 250		0.0	0.8167000000000001	0.55987	0.5147900000000001	0.0	1.4093	0.0	0.8216899999999999	0.64169	2.46234	0.0	1.5418100000000001	1.74607	1.5541900000000002	0.0	0.0	1.40304	0.6086	0.90773	0.0	0.0	0.0	0.0
Node 280		0.5551	0.8167000000000001	0.0	1.1621299999999999	0.65606	0.57417	1.4280899999999999	0.0	1.18445	1.6740899999999999	1.5774400000000002	2.27039	1.7679299999999998	1.5541900000000002	1.4198	0.0	0.50058	1.71591	0.0	0.0	0.0	0.0	0.0
Node 489		1.44567	1.6113100000000002	2.29988	1.9089200000000002	0.0	0.7757499999999999	0.9969399999999999	0.0	1.36498	1.3487900000000002	0.6196	0.7605200000000001	1.4652	0.0	0.75456	0.0	1.8978	0.9893900000000001	0.0	0.0	0.0	0.0	0.0
Node 349		1.2335099999999999	2.3197099999999997	0.84776	0.5147900000000001	1.3339699999999999	0.0	1.96176	0.0	0.56002	2.22561	0.0	0.77967	0.8793300000000001	1.5541900000000002	0.0	2.32835	0.50058	0.0	0.0	0.0	0.0	0.0	0.0
Node 73		1.42844	0.8167000000000001	0.0	0.5147900000000001	0.67791	0.0	1.97781	0.67153	0.0	0.0	0.95784	0.0	0.0	1.80663	0.94875	0.0	1.40304	0.0	0.0	0.0	0.0	0.0	0.0
Node 423		1.13779	0.0	0.56581	0.0	0.0	0.0	0.98087	0.0	0.56002	0.81013	0.0	0.76214	1.4652	0.0	0.0	1.2282	0.9953399999999999	0.0	0.52026	0.0	0.0	0.0	0.0
Node 334		0.0	2.6695900000000004	0.84863	0.9695	0.75299	1.09853	0.0	1.50633	0.56002	1.49811	0.88468	1.7536900000000002	0.0	2.40285	0.0	0.64723	0.9953399999999999	2.82303	0.0	0.0	0.0	0.0	0.0
Node 278		0.5551	0.0	0.8605099999999999	1.39413	0.66248	0.8849400000000001	0.0	0.0	0.0	1.68446	0.95784	0.77967	0.0	0.58399	0.0	1.27577	1.8978	0.0	0.5955199999999999	0.0	0.0	0.0	0.0
Node 390		0.5405	0.0	0.0	0.7056899999999999	0.0	0.0	0.0	0.0	0.0	0.0	0.86647	0.7605200000000001	0.8793300000000001	1.80663	0.66524	0.0	2.39838	0.0	0.0	0.0	0.0	0.0	0.0
Node 366		0.0	0.8167000000000001	0.0	0.99278	0.66248	0.52436	0.96401	0.0	1.2665300000000002	1.74138	1.5605799999999999	0.0	1.3775000000000002	1.34946	1.35263	2.29847	0.90246	0.67669	0.0	0.0	0.0	0.0	0.0
Node 385		0.0	0.8167000000000001	0.55987	0.0	1.34039	2.87111	0.0	1.5819199999999998	0.7065100000000001	0.0	0.0	0.77967	0.65625	0.58399	0.75456	0.0	1.34162	0.72652	0.0	0.0	0.0	0.0	0.0
Node 101		1.0956000000000001	0.94772	1.40763	0.8761	0.0	1.5134	0.0	1.44834	0.0	1.6507299999999998	0.69739	0.0	0.95444	2.3906199999999997	1.60935	3.46072	1.80892	0.67669	0.0	0.0	0.0	0.0	0.0
Node 491		0.0	0.8167000000000001	0.84776	0.99278	2.33223	0.0	2.94671	0.91039	2.06292	1.49811	0.0	0.0	1.83377	0.0	1.37096	0.9565300000000001	1.1993	0.0	1.48101	0.0	0.0	0.0	0.0
Node 276		0.0	0.0	2.60139	0.64734	0.67791	0.0	0.0	0.8216899999999999	1.2665300000000002	1.7103899999999999	2.44526	0.7605200000000001	0.0	0.9702000000000001	1.29145	1.6037599999999999	0.90246	0.9405600000000001	0.52026	0.0	0.0	0.0	0.0
Node 485		0.0	1.93413	0.55987	0.0	0.0	1.42439	0.76435	1.69681	0.0	0.9272	0.0	0.0	0.95444	1.8422500000000002	0.0	0.0	1.4959200000000001	0.67669	0.0	0.0	0.0	0.0	0.0
Node 10		1.0956000000000001	0.8167000000000001	0.0	2.3636299999999997	0.0	0.0	0.0	0.0	0.56002	0.83655	0.95784	0.0	1.84304	0.0	0.6262099999999999	0.0	0.0	0.66809	0.0	0.0	0.0	0.0	0.0
Node 40		0.5551	0.9823200000000001	0.0	0.0	0.0	0.0	0.9969399999999999	0.0	1.33094	0.9272	0.0	0.89285	0.0	0.0	0.0	0.0	0.9953399999999999	0.0	0.0	0.0	0.0	0.0	0.0
Node 398		1.45732	0.9823200000000001	0.55987	2.25436	0.0	1.09853	1.97781	0.67153	0.62443	0.9272	0.0	3.26101	0.51076	0.0	0.0	0.62854	0.0	0.67669	0.0	0.0	0.0	0.0	0.0
Node 210		0.0	0.9823200000000001	0.0	1.69847	0.0	0.7757499999999999	1.9609499999999997	0.0	0.56002	0.8962100000000001	0.0	0.89285	0.8793300000000001	0.0	0.0	0.9565300000000001	0.9953399999999999	0.0	0.0	0.0	0.0	0.0	0.0
Node 328		0.5405	1.7644199999999999	0.55987	0.0	1.6049799999999999	0.52436	0.0	0.9086500000000001	1.2665300000000002	0.0	0.0	1.7728399999999997	0.0	0.9702000000000001	0.6262099999999999	0.0	0.0	0.0	0.0	0.0	0.0	0.0	0.0
Node 152		0.0	0.9823200000000001	0.0	0.5147900000000001	0.0	1.98347	0.9969399999999999	1.44834	0.62443	1.3487900000000002	0.0	2.48134	0.8886	2.3906199999999997	0.94875	0.0	1.55095	0.0	0.0	0.0	0.0	0.0	0.0
Node 264		0.0	0.8167000000000001	0.0	2.44993	0.6689299999999999	0.7757499999999999	0.9969399999999999	0.0	0.64169	2.46234	0.0	0.0	0.0	1.70628	0.0	1.48271	0.0	1.28529	0.0	0.0	0.0	0.0	0.0
Node 438		0.0	1.79902	1.75276	1.39413	0.66248	0.52436	0.9648199999999999	0.0	0.64169	0.57091	0.0	0.89285	1.3775000000000002	0.0	2.2561999999999998	0.0	1.40304	1.8067099999999998	0.0	0.0	0.0	0.0	0.0
Node 97		1.70557	0.94772	1.69639	0.99278	0.0	0.0	1.93291	0.0	2.6873500000000003	0.77788	0.0	2.40017	0.51076	0.9702000000000001	0.75456	0.9266500000000001	0.0	0.6086	0.0	0.0	0.0	0.0	0.0
Node 53		2.24607	0.94772	0.84776	0.64734	0.66248	0.57417	1.96176	0.0	0.62443	2.57943	1.74787	0.0	0.7719	0.0	2.2401999999999997	1.37182	0.0	0.66809	0.0	0.0	0.0	0.0	0.0
Node 297		0.69301	0.0	0.0	1.22048	0.0	1.42439	0.0	0.0	1.2017099999999998	0.9272	0.0	0.7605200000000001	0.8793300000000001	0.0	0.0	1.37182	0.90246	1.82298	0.0	0.0	0.0	0.0	0.0
Node 481		0.5551	0.8167000000000001	0.8605099999999999	0.0	0.0	0.0	0.9648199999999999	1.44834	1.2665300000000002	0.0	0.88468	0.0	0.0	0.58399	1.6299899999999998	0.0	0.50058	2.28534	0.5955199999999999	0.0	0.0	0.0	0.0
Node 225		0.0	0.94772	0.55987	0.99278	0.0	0.0	1.92883	0.0	0.0	0.8141799999999999	0.6196	0.76214	0.0	1.5541900000000002	0.0	0.64723	0.64849	0.66809	0.0	0.0	0.0	0.0	0.0
Node 389		2.24607	1.7644199999999999	1.7400100000000003	2.60962	2.0029000000000003	0.85022	1.68332	0.8216899999999999	0.56002	0.0	0.6196	2.35838	0.0	1.5541900000000002	0.0	0.0	0.0	1.63348	0.0	0.0	0.0	0.0	0.0
Node 168		0.9051699999999999	0.9823200000000001	0.55987	0.62758	0.90133	0.0	2.91378	1.50633	0.7065100000000001	1.32817	0.0	0.72765	1.74607	0.0	0.99359	2.35723	0.50058	2.5495	0.0	0.0	0.0	0.0	0.0
Node 253		0.9051699999999999	0.94772	1.69639	0.0	0.6689299999999999	1.1889399999999999	0.96401	0.0	0.0	1.68446	0.0	0.0	0.0	0.83643	2.1890300000000003	0.0	1.40304	0.67669	0.0	0.0	0.0	0.0	0.0
Node 406		1.0956000000000001	0.8167000000000001	0.0	1.73957	0.90133	1.2832400000000002	2.9097	0.85889	0.7963899999999999	3.2085000000000004	0.0	1.6533699999999998	0.86202	0.83643	0.0	0.64723	0.95592	0.67669	0.0	0.0	0.0	0.0	0.0
Node 56		1.6406	1.7644199999999999	1.40763	0.64734	0.0	0.57417	1.94977	1.69681	0.0	0.8962100000000001	0.88468	1.72166	0.8667400000000001	0.58399	0.0	1.18272	0.0	0.0	0.0	0.0	0.0	0.0	0.0
Node 223		0.9051699999999999	0.9823200000000001	1.69639	1.5075699999999999	0.0	0.8849400000000001	0.0	0.68464	0.64169	0.0	0.6196	0.99317	0.8667400000000001	0.9702000000000001	0.0	0.9565300000000001	1.9512600000000002	1.9323	0.0	0.0	0.0	0.0	0.0
Node 483		1.6406	0.9823200000000001	0.8605099999999999	1.27492	0.0	1.8901500000000002	0.0	2.35211	0.56002	0.9272	0.6196	1.7728399999999997	1.7413499999999997	0.0	0.66524	1.48271	0.0	0.0	0.52026	0.0	0.0	0.0	0.0
Node 271		2.00077	0.9823200000000001	0.0	0.0	0.90133	0.0	0.9689	1.5819199999999998	1.5029000000000001	0.0	0.0	0.0	1.4652	0.0	1.57496	0.9565300000000001	0.90246	0.0	0.0	0.0	0.0	0.0	0.0
Node 173		0.0	0.9823200000000001	0.84776	0.64734	0.65606	0.52436	0.0	1.44834	0.0	1.46712	0.6196	0.0	0.0	0.0	0.66524	0.5996600000000001	1.9512600000000002	0.0	0.0	0.0	0.0	0.0	0.0
Node 144		1.6376499999999998	0.9823200000000001	0.0	0.99278	0.6689299999999999	0.52436	1.71625	1.50633	0.7405499999999999	1.82341	0.6196	0.0	0.0	1.42042	0.75456	0.0	2.45184	0.0	0.0	0.0	0.0	0.0	0.0
Node 326		0.0	0.0	0.0	0.0	0.67791	0.70121	0.0	2.17786	1.36498	0.8141799999999999	2.07857	0.0	0.95444	1.5541900000000002	0.75456	0.7721600000000001	0.0	0.67669	0.0	0.0	0.0	0.0	0.0
Node 160		0.8004000000000001	1.93497	0.0	3.08393	0.6023299999999999	0.85022	0.96401	0.91039	0.7065100000000001	0.9272	0.6196	1.95431	0.86202	0.0	1.6424	0.0	1.4959200000000001	1.66708	0.0	0.0	0.0	0.0	0.0
Node 246		0.5551	1.7644199999999999	1.69639	0.5147900000000001	0.65606	0.85022	0.0	1.3561699999999999	1.2665300000000002	1.44773	0.6196	0.76214	0.8793300000000001	0.0	0.66524	0.0	0.0	1.14629	0.0	0.0	0.0	0.0	0.0
Node 251		2.5004	0.94772	1.40763	0.99278	0.90133	0.0	0.9648199999999999	0.0	0.62443	0.8141799999999999	0.0	1.72328	0.0	0.0	2.2401999999999997	1.6037599999999999	0.0	0.72652	0.0	0.0	0.0	0.0	0.0
Node 374		3.08332	0.9823200000000001	0.84863	0.0	0.90133	0.85022	0.0	1.50633	0.56002	0.0	1.58207	0.0	0.8886	0.0	0.0	0.0	0.0	0.0	0.0	0.0	0.0	0.0	0.0
Node 141		0.5405	1.69208	0.55987	0.7467900000000001	0.0	0.0	0.9969399999999999	3.05298	0.0	1.49811	0.69739	1.31009	0.8667400000000001	0.6975699999999999	0.68739	0.0	1.8978	0.0	0.0	0.0	0.0	0.0	0.0
Node 274		0.9022199999999999	2.58936	0.0	0.5147900000000001	1.2712599999999998	0.73765	0.9648199999999999	1.50633	1.2665300000000002	1.32817	0.6196	0.99317	0.0	0.0	0.8754299999999999	1.2282	2.39838	0.0	0.0	0.0	0.0	0.0	0.0
Node 114		0.0	0.98725	1.69639	0.64734	0.0	0.0	0.0	0.0	1.4380799999999998	3.1515799999999996	0.0	1.6205	0.0	0.58399	1.54067	0.0	0.95592	0.6086	0.0	0.0	0.0	0.0	0.0
Node 65		1.0956000000000001	0.0	0.55987	0.0	0.0	1.62597	0.9969399999999999	0.0	0.56002	2.16297	0.69739	1.54019	2.41159	0.0	0.0	1.6037599999999999	0.50058	1.51801	0.0	0.0	0.0	0.0	0.0
Node 336		0.0	0.0	1.6123399999999999	1.39413	0.67791	0.52436	0.0	0.0	0.56002	0.77788	0.0	2.66168	0.0	0.58399	0.0	0.0	0.69872	1.6707400000000001	0.52026	0.0	0.0	0.0	0.0
Node 395		1.0956000000000001	0.0	0.0	0.0	0.65606	0.0	0.0	0.0	1.2665300000000002	1.7327599999999999	0.88589	1.50732	0.0	0.0	0.8754299999999999	0.0	0.69872	1.60865	0.0	0.0	0.0	0.0	0.0
Node 409		0.0	0.0	0.8605099999999999	0.64734	0.0	1.7351599999999998	1.7452200000000002	0.0	0.0	0.77788	1.5774400000000002	0.89285	0.95444	0.83643	0.73392	0.5996600000000001	0.0	2.3437699999999997	0.0	0.0	0.0	0.0	0.0
Node 140		0.0	0.9823200000000001	0.84776	0.78171	2.13924	0.52436	0.0	0.0	0.7963899999999999	2.25537	0.0	0.0	0.8886	0.6975699999999999	0.75456	0.0	1.40304	1.63348	0.0	0.0	0.0	0.0	0.0
Node 182		1.13779	0.94772	1.70827	1.69847	0.0	0.0	0.9689	0.0	0.64169	0.8962100000000001	0.0	0.0	0.8886	0.9702000000000001	0.0	0.0	0.0	1.8067099999999998	0.0	0.0	0.0	0.0	0.0
Node 316		0.69301	0.8167000000000001	0.8605099999999999	0.7467900000000001	0.0	0.0	0.96401	0.0	0.0	0.9272	0.0	0.0	1.7679299999999998	0.0	0.0	0.5996600000000001	0.0	0.67669	0.0	0.0	0.0	0.0	0.0
Node 479		0.0	0.0	2.31857	0.0	0.0	0.0	0.0	0.62689	0.0	0.0	0.86647	1.54274	0.0	0.83643	0.0	0.9565300000000001	0.9953399999999999	1.88247	0.0	0.0	0.0	0.0	0.0
Node 77		0.9051699999999999	1.7868700000000002	0.89225	0.0	0.6689299999999999	0.0	0.9689	0.85889	0.62443	0.0	0.0	0.0	0.8667400000000001	0.0	0.7669699999999999	0.0	1.80892	0.67669	0.0	0.0	0.0	0.0	0.0
Node 499		1.6406	0.9823200000000001	0.0	1.9089200000000002	2.0093199999999998	1.45911	0.9969399999999999	0.0	0.0	0.9272	0.88468	1.5787099999999998	0.0	1.28156	2.15372	0.0	2.34777	1.28529	0.0	0.0	0.0	0.0	0.0
Node 76		0.9022199999999999	1.79902	1.70827	1.64012	1.2712599999999998	0.57417	0.0	0.0	0.0	0.0	1.50428	0.77967	0.8886	0.9702000000000001	1.3931799999999999	0.5996600000000001	0.0	0.0	0.0	0.0	0.0	0.0	0.0
Node 269		0.9051699999999999	0.9823200000000001	0.55987	1.4924899999999999	2.0093199999999998	0.57417	0.0	1.7675400000000001	0.64169	2.25537	0.6196	0.0	0.8667400000000001	1.80663	0.6262099999999999	0.9565300000000001	0.0	0.0	0.0	0.0	0.0	0.0	0.0
Node 185		0.0	0.0	0.0	2.25436	1.33141	0.57417	0.0	2.36834	0.0	0.0	0.0	0.77967	0.0	0.83643	0.0	0.0	0.0	1.60865	0.0	0.0	0.0	0.0	0.0
Node 237		0.5405	0.94772	1.75276	1.96228	1.4280899999999999	1.8901500000000002	0.96401	0.8216899999999999	0.0	0.0	1.57991	0.0	0.0	0.0	0.0	2.28424	0.69872	1.53174	0.90773	0.0	0.0	0.0	0.0
Node 320		0.5405	1.93004	0.0	0.99278	0.66248	0.0	0.9648199999999999	0.0	0.0	1.74138	0.0	2.48134	2.70978	0.0	0.73392	0.0	0.50058	1.14629	0.0	0.0	0.0	0.0	0.0
Node 33		0.0	0.0	0.84863	1.73957	0.0	0.0	1.92883	0.8216899999999999	0.0	1.49811	0.95784	0.0	0.0	1.34946	0.73392	0.5996600000000001	0.90246	0.9405600000000001	0.0	0.0	0.0	0.0	0.0
Node 327		1.46027	1.77693	0.0	1.5075699999999999	0.0	0.57417	0.9648199999999999	0.0	0.62443	0.9272	1.62097	0.0	0.8793300000000001	0.9702000000000001	0.0	0.5996600000000001	0.50058	1.3447799999999999	0.96075	0.0	0.0	0.0	0.0
Node 24		2.09804	0.0	0.84776	0.64734	0.66248	0.52436	0.0	0.0	0.62443	1.3487900000000002	1.1291600000000002	0.81657	0.95444	0.0	0.75456	1.27577	1.05868	1.66708	0.0	0.0	0.0	0.0	0.0
Node 37		0.5551	0.9823200000000001	1.32445	1.58179	1.34039	0.0	0.0	0.91039	1.18445	1.38509	0.0	0.0	0.8886	0.9702000000000001	2.84111	0.0	2.0146	0.99405	0.52026	0.0	0.0	0.0	0.0
Node 220		1.2903	0.0	1.41444	0.7467900000000001	1.3339699999999999	0.85022	0.9969399999999999	0.0	2.06292	0.56159	0.95784	1.6533699999999998	0.51076	3.4541799999999996	0.61777	0.0	0.0	1.6707400000000001	0.0	0.0	0.0	0.0	0.0
Node 403		0.5405	0.0	0.0	0.64734	0.0	1.42439	0.0	0.0	0.7963899999999999	0.77788	0.0	0.0	0.65625	0.7654700000000001	1.29145	1.2282	1.14907	0.67669	0.0	0.0	0.0	0.0	0.0
Node 268		1.2335099999999999	0.8167000000000001	0.0	0.0	0.6689299999999999	0.0	0.96401	0.8216899999999999	0.62443	0.57091	0.95784	0.7605200000000001	0.0	3.16832	0.0	0.7721600000000001	0.0	1.9323	0.0	0.0	0.0	0.0	0.0
Node 28		1.0956000000000001	1.79902	0.0	0.0	1.33141	0.85022	0.0	0.68464	0.0	0.56159	1.84252	1.52266	0.8793300000000001	0.58399	0.0	1.48271	0.0	0.0	1.11578	0.0	0.0	0.0	0.0
Node 286		2.5004	0.94772	0.0	0.5147900000000001	0.6689299999999999	0.52436	0.96401	0.0	1.2665300000000002	0.9272	0.7545	0.89285	0.8667400000000001	1.5541900000000002	0.75456	2.2037899999999997	0.50058	0.6086	0.0	0.0	0.0	0.0	0.0
Node 405		0.9051699999999999	0.94772	1.9734399999999999	0.7467900000000001	0.0	1.3745800000000001	0.7399600000000001	0.7636999999999999	1.33094	0.8141799999999999	0.69739	1.6533699999999998	0.0	1.5541900000000002	0.66524	1.72869	0.0	0.67669	0.0	0.0	0.0	0.0	0.0
Node 288		0.0	0.9823200000000001	0.0	0.0	0.66248	1.3745800000000001	0.0	0.0	0.56002	1.74138	0.88468	1.7536900000000002	0.8886	0.0	0.99359	0.0	0.6931299999999999	1.21438	0.0	0.0	0.0	0.0	0.0
Node 133		1.0956000000000001	0.9823200000000001	0.0	0.0	0.0	1.5660299999999998	0.96401	0.68464	0.0	0.0	0.0	1.6533699999999998	0.8886	0.0	0.94875	0.0	1.05868	0.0	0.0	0.0	0.0	0.0	0.0
Node 342		2.00077	0.98641	1.40763	0.0	0.66248	0.0	1.9609499999999997	0.68464	0.0	1.7050800000000002	0.86319	0.99317	0.8886	1.5541900000000002	0.0	0.0	0.50058	1.28529	0.0	0.0	0.0	0.0	0.0
Node 284		1.59523	0.0	0.0	1.5075699999999999	0.0	0.73765	1.96176	0.8216899999999999	0.0	0.9272	0.88468	0.7605200000000001	0.51076	1.7185099999999998	0.0	0.0	1.4565	0.0	0.0	0.0	0.0	0.0	0.0
Node 484		0.0	0.0	0.84863	1.1621299999999999	0.0	0.85022	0.9969399999999999	1.5819199999999998	0.0	0.77788	0.0	0.0	0.0	0.9702000000000001	0.6262099999999999	0.0	1.14907	0.9405600000000001	0.0	0.0	0.0	0.0	0.0
Node 262		1.6598000000000002	0.94772	2.5569	0.9028700000000001	1.33141	0.0	0.0	0.68464	0.7065100000000001	1.74138	0.0	0.0	1.7679299999999998	2.3196600000000003	0.6262099999999999	0.0	0.90246	1.71591	0.52026	0.0	0.0	0.0	0.0
Node 396		0.9051699999999999	0.87538	0.55987	1.61128	0.0	0.0	1.96584	0.67153	0.7963899999999999	1.59381	1.43955	2.64654	1.39009	0.8486600000000001	0.6262099999999999	0.0	0.9953399999999999	0.67669	0.0	0.0	0.0	0.0	0.0
Node 236		0.0	0.9823200000000001	0.0	0.7467900000000001	0.6689299999999999	0.0	0.0	0.91039	0.0	0.0	1.5774400000000002	0.77967	0.65625	1.80663	0.75456	0.9565300000000001	1.40304	1.82298	0.0	0.0	0.0	0.0	0.0
Node 355		0.69301	0.9823200000000001	0.9776999999999999	1.39413	0.0	1.98347	0.0	0.0	0.0	0.83655	0.95784	0.0	0.0	0.0	0.0	1.8980000000000001	1.34162	0.9405600000000001	0.0	0.0	0.0	0.0	0.0
Node 205		0.5551	0.0	0.84776	1.26158	1.3339699999999999	1.3745800000000001	0.0	0.68464	0.0	0.57091	0.95784	2.53336	0.0	0.8486600000000001	0.0	1.5738800000000002	1.4565	0.67669	0.0	0.0	0.0	0.0	0.0
Node 115		1.0956000000000001	1.79902	0.84863	1.39413	0.0	0.0	0.9969399999999999	0.8216899999999999	1.18445	0.0	1.5605799999999999	0.7605200000000001	0.8793300000000001	1.80663	0.0	0.62854	0.0	0.67669	0.0	0.0	0.0	0.0	0.0
Node 457		3.67156	0.8167000000000001	1.42632	0.99278	0.0	0.57417	0.0	0.8216899999999999	0.0	0.8962100000000001	0.0	1.7536900000000002	0.0	0.0	1.3807699999999998	0.0	0.90246	1.14629	0.0	0.0	0.0	0.0	0.0
Node 302		2.43805	0.0	0.0	2.60962	0.67791	1.08166	0.0	0.0	0.7405499999999999	0.9272	0.0	2.48134	0.65625	0.0	0.75456	1.81048	2.05153	0.0	0.96075	0.0	0.0	0.0	0.0
Node 172		0.5405	0.8167000000000001	1.7400100000000003	1.26158	0.66248	0.70121	0.0	0.0	2.1273299999999997	0.0	1.50428	0.0	0.0	0.83643	0.0	0.9565300000000001	1.60441	1.33512	0.0	0.0	0.0	0.0	0.0
Node 188		1.0956000000000001	0.0	0.0	0.7467900000000001	0.0	1.09853	1.76129	0.8216899999999999	0.0	0.0	0.86319	0.0	0.95444	0.6975699999999999	0.0	0.64723	1.78946	0.53769	0.0	0.0	0.0	0.0	0.0
Node 367		1.0956000000000001	0.0	0.0	0.99278	0.0	0.85022	0.0	0.85889	0.7065100000000001	2.58067	1.5605799999999999	0.0	0.0	1.80663	1.4198	0.62854	0.0	0.6086	0.0	0.0	0.0	0.0	0.0
Node 23		0.0	0.0	0.0	0.0	0.0	0.8849400000000001	0.95577	0.0	2.6873500000000003	2.64057	0.0	2.50049	0.0	0.0	1.4932	0.0	0.95592	0.0	0.0	0.0	0.0	0.0	0.0
Node 256		0.8004000000000001	0.0	0.89225	2.21326	0.0	0.85022	1.92883	0.8216899999999999	1.26612	1.7103899999999999	0.0	0.77967	0.8793300000000001	0.0	0.75456	0.9266500000000001	0.0	0.9405600000000001	0.0	0.0	0.0	0.0	0.0
Node 95		0.9139700000000001	0.8167000000000001	0.0	0.5147900000000001	0.67791	0.0	0.9689	0.67153	0.0	0.0	0.0	1.54019	0.0	0.0	0.0	0.0	1.55095	0.0	0.0	0.0	0.0	0.0	0.0
Node 333		0.5405	0.98725	0.0	0.7467900000000001	0.0	1.3745800000000001	1.9337199999999999	0.8751200000000001	0.8690399999999999	2.25537	1.7705700000000002	0.81657	0.8886	0.0	1.57496	0.62854	0.90246	0.0	0.0	0.0	0.0	0.0	0.0
Node 392		1.45732	0.8167000000000001	3.2001500000000003	0.5147900000000001	0.0	0.0	0.66374	0.8216899999999999	0.62443	1.38509	0.0	0.0	0.51076	1.42042	0.0	0.0	0.50058	0.84992	0.0	0.0	0.0	0.0	0.0
Node 472		1.59523	1.77693	0.55987	0.0	2.0029000000000003	0.50749	2.73019	0.8216899999999999	1.42082	0.8141799999999999	0.62207	1.88602	0.51076	0.0	0.94875	0.9565300000000001	1.4565	0.9893900000000001	0.0	0.0	0.0	0.0	0.0
Node 212		0.9051699999999999	0.0	0.0	0.64734	0.90133	0.0	1.96584	0.0	0.64169	0.0	0.69739	3.26101	1.74607	0.0	0.0	0.9565300000000001	0.90246	0.9405600000000001	0.0	0.0	0.0	0.0	0.0
Node 234		0.0	1.8577	0.84863	0.62758	0.85199	1.55143	0.9969399999999999	0.67153	0.62443	0.8962100000000001	0.88468	0.0	2.63467	0.0	0.0	0.9565300000000001	0.0	0.0	0.0	0.0	0.0	0.0	0.0
Node 303		3.13106	0.98725	0.84776	0.5147900000000001	0.67791	0.0	0.0	0.67153	1.2665300000000002	0.0	0.0	0.7605200000000001	0.8793300000000001	1.5541900000000002	2.31738	0.0	0.50058	0.0	0.0	0.0	0.0	0.0	0.0
Node 378		0.5405	1.79902	0.0	3.1304600000000002	0.66248	0.73765	1.9609499999999997	0.8216899999999999	0.7065100000000001	0.0	0.0	1.48817	0.0	0.83643	0.8754299999999999	0.0	0.90246	1.5653899999999998	0.0	0.0	0.0	0.0	0.0
Node 67		1.46027	0.0	0.84863	1.50368	0.0	1.3001099999999999	0.98087	0.0	0.62443	0.57091	0.6196	0.0	0.8667400000000001	0.9702000000000001	1.60935	0.64723	0.95592	0.0	0.0	0.0	0.0	0.0	0.0
Node 429		0.0	2.55903	0.0	0.0	1.48574	0.0	0.0	2.17786	0.0	3.09017	0.95784	2.53336	0.8793300000000001	0.0	0.7669699999999999	1.72869	0.0	1.3447799999999999	0.0	0.0	0.0	0.0	0.0
Node 444		1.44567	0.0	0.0	0.99278	0.6689299999999999	0.0	0.96401	0.67153	1.2665300000000002	0.0	0.0	1.7728399999999997	0.68459	0.0	0.0	0.0	0.95592	0.0	0.0	0.0	0.0	0.0	0.0
Node 158		0.0	0.83915	0.84776	1.39413	0.65606	0.0	0.0	0.0	0.0	0.0	0.95784	1.50732	2.01957	0.58399	0.0	1.58507	0.5581	1.9408999999999998	1.50176	0.0	0.0	0.0	0.0
Node 263		0.5551	0.0	0.96711	0.0	0.0	1.5134	0.9969399999999999	0.0	1.26612	1.38509	0.0	0.99317	0.0	0.0	0.75456	0.64723	1.4959200000000001	1.28529	0.0	0.0	0.0	0.0	0.0
Node 184		0.0	0.9823200000000001	2.30582	0.99278	0.0	0.7757499999999999	0.0	0.91039	1.26612	2.245	0.0	2.71483	0.51076	1.28156	0.6262099999999999	0.0	1.40304	0.66809	0.0	0.0	0.0	0.0	0.0
Node 162		1.45732	0.0	0.76458	0.0	1.9363	0.85022	0.0	2.80521	1.42082	1.49811	0.0	1.67252	0.65625	2.3196600000000003	1.4198	0.5996600000000001	0.50058	0.67669	0.0	0.0	0.0	0.0	0.0
Node 314		0.9022199999999999	0.7946099999999999	0.0	0.5147900000000001	1.33141	0.0	1.48366	0.91039	0.64169	0.0	0.0	0.99317	0.95444	2.65529	1.60935	0.9565300000000001	1.64383	0.0	0.0	0.0	0.0	0.0	0.0
Node 354		1.29053	0.7946099999999999	1.98619	1.39413	1.41522	0.7757499999999999	0.0	0.8216899999999999	0.0	1.7103899999999999	0.0	0.0	0.0	0.58399	0.6262099999999999	0.0	0.0	1.28529	0.52026	0.0	0.0	0.0	0.0
Node 487		0.0	0.0	0.84863	0.7467900000000001	1.33141	2.0208899999999996	0.96401	0.8216899999999999	0.75987	0.57091	0.0	0.77967	1.7679299999999998	0.0	1.92841	0.64723	0.95592	1.26421	0.0	0.0	0.0	0.0	0.0
Node 154		0.8004000000000001	0.0	0.0	0.7467900000000001	1.33141	0.0	0.71931	1.49322	0.0	0.8962100000000001	1.50428	0.0	0.65625	0.0	0.0	0.0	0.0	0.66809	0.0	0.0	0.0	0.0	0.0
Node 364		1.46027	0.8167000000000001	3.7237199999999997	0.7467900000000001	0.67791	0.0	2.73019	0.0	0.0	0.0	0.6196	1.72166	0.51076	0.83643	0.66524	0.0	0.0	1.21438	0.5955199999999999	0.0	0.0	0.0	0.0
Node 433		0.9022199999999999	0.9823200000000001	0.8605099999999999	0.7467900000000001	0.0	2.1256	0.9648199999999999	0.68464	0.56002	0.8141799999999999	2.4841599999999997	0.0	0.8667400000000001	2.51643	0.0	0.7721600000000001	0.9953399999999999	0.0	0.0	0.0	0.0	0.0	0.0
Node 492		1.42844	1.58086	1.4790599999999998	1.70567	0.67791	2.24074	0.0	2.5557	0.0	0.8962100000000001	1.50549	0.0	0.0	0.7654700000000001	0.0	0.0	0.90246	0.66809	0.0	0.0	0.0	0.0	0.0
Node 47		0.9022199999999999	0.0	0.9776999999999999	0.0	0.0	0.0	0.9648199999999999	0.0	0.62443	2.2813	0.0	0.99317	1.74607	0.0	1.6299899999999998	0.0	3.30484	0.9405600000000001	0.0	0.0	0.0	0.0	0.0
Node 341		0.9051699999999999	0.94772	0.0	0.64734	0.67791	0.0	0.71931	0.0	0.56002	0.8962100000000001	0.6196	0.0	0.8793300000000001	0.58399	0.66524	0.0	0.90246	0.0	0.96075	0.0	0.0	0.0	0.0
Node 149		2.43805	0.0	1.70827	0.7467900000000001	2.13924	0.73765	1.9609499999999997	0.8216899999999999	0.0	0.0	0.0	0.0	0.95444	1.81886	0.0	0.9565300000000001	0.0	1.9408999999999998	0.0	0.0	0.0	0.0	0.0
Node 150		0.0	1.75522	0.0	1.4842899999999999	1.34039	1.42439	0.9689	0.0	0.0	0.9272	0.69739	2.48134	0.0	0.0	0.73392	0.9565300000000001	0.90246	1.9408999999999998	0.0	0.0	0.0	0.0	0.0
Node 275		1.2903	0.9823200000000001	0.55987	2.13515	0.65606	0.0	1.4280899999999999	0.0	0.0	0.0	2.4097299999999997	1.65499	0.0	0.58399	1.3931799999999999	0.0	0.50058	1.3447799999999999	0.0	0.0	0.0	0.0	0.0
Node 482		0.5551	0.8167000000000001	0.0	3.2004799999999998	2.0029000000000003	0.0	0.9969399999999999	0.0	0.0	1.53514	0.69739	0.0	0.8667400000000001	0.9702000000000001	1.34043	0.0	1.40304	0.66809	0.0	0.0	0.0	0.0	0.0
Node 377		0.59729	1.8577	1.40763	0.0	0.0	0.0	0.9969399999999999	0.0	0.62443	0.8141799999999999	1.5774400000000002	1.52266	0.0	0.0	0.94875	2.10006	3.04687	0.6086	0.0	0.0	0.0	0.0	0.0
Node 490		2.00077	0.9823200000000001	0.0	0.0	1.34684	1.09853	1.92883	2.45704	0.0	1.7133700000000003	0.0	0.99317	0.8667400000000001	0.6975699999999999	0.66524	0.64723	0.6931299999999999	0.66809	0.96075	0.0	0.0	0.0	0.0
Node 446		1.0956000000000001	0.9823200000000001	0.84863	0.0	0.0	0.70121	0.0	0.0	0.56002	0.0	0.0	0.5273	1.82118	2.40285	0.0	0.0	1.40704	0.84992	0.0	0.0	0.0	0.0	0.0
Node 102		0.0	0.94772	1.69639	0.5147900000000001	0.0	0.85022	0.9969399999999999	0.67153	0.62443	0.0	0.95784	0.0	1.1670099999999999	0.58399	0.0	0.5996600000000001	1.40304	0.66809	0.0	0.0	0.0	0.0	0.0
Node 238		0.0	0.94772	0.56581	0.62758	0.0	1.34992	0.0	0.8216899999999999	0.0	1.65347	0.88468	0.89285	0.8667400000000001	0.0	0.68739	0.9565300000000001	0.64849	0.72652	0.0	0.0	0.0	0.0	0.0
Node 87		0.9051699999999999	0.8167000000000001	0.0	0.8761	0.0	0.85022	1.96584	0.67153	0.0	0.0	0.6196	0.0	0.8886	0.9702000000000001	1.3931799999999999	0.7721600000000001	0.90246	0.53769	0.90773	0.0	0.0	0.0	0.0
Node 486		0.9051699999999999	1.96957	0.0	0.7467900000000001	0.90133	0.73765	0.9689	1.6740899999999999	0.0	0.0	0.86319	1.98233	0.0	1.61413	0.0	1.72869	0.90246	0.0	0.0	0.0	0.0	0.0	0.0
Node 57		3.09507	0.0	0.55987	0.0	0.75299	0.7757499999999999	0.9648199999999999	1.73208	0.0	0.0	0.86319	0.0	0.65625	0.58399	0.73392	0.0	2.85372	2.28534	0.0	0.0	0.0	0.0	0.0
Node 86		0.0	1.79902	0.55987	1.27492	0.0	0.0	0.9689	0.67153	1.33094	2.51926	1.5605799999999999	0.0	0.0	0.0	1.6139899999999998	3.6851299999999996	0.95592	0.67669	0.0	0.0	0.0	0.0	0.0
Node 0		0.0	0.7946099999999999	1.5329199999999998	0.64734	0.0	1.08166	1.92883	0.0	0.0	1.3487900000000002	0.6196	0.0	0.0	0.0	0.0	1.926	0.0	0.0	0.0	0.0	0.0	0.0	0.0
Node 64		0.5405	1.8031100000000002	0.55987	0.5147900000000001	1.57026	0.0	0.9969399999999999	0.0	0.7963899999999999	0.0	1.2416699999999998	2.48134	0.8886	1.28156	0.75456	0.9565300000000001	0.0	0.72652	0.0	0.0	0.0	0.0	0.0
Node 208		0.9051699999999999	0.87538	1.84776	0.0	0.0	0.0	0.0	2.2700299999999998	0.0	0.0	0.95784	1.72082	0.0	0.0	0.0	1.32634	0.9953399999999999	1.5491599999999999	1.42799	0.0	0.0	0.0	0.0
Node 478		0.9051699999999999	1.8577	0.0	0.0	0.6689299999999999	2.96073	0.0	0.91039	0.0	1.59381	0.88468	0.77967	2.41159	1.6453900000000001	0.0	1.72869	1.4959200000000001	0.66809	0.52026	0.0	0.0	0.0	0.0
Node 116		1.80739	0.0	1.62509	0.7467900000000001	0.0	1.4093	1.94488	0.8751200000000001	1.925	1.3487900000000002	0.88468	0.7605200000000001	0.0	0.9702000000000001	0.75456	0.9565300000000001	0.0	1.63348	0.0	0.0	0.0	0.0	0.0
Node 170		1.46027	0.94772	0.55987	1.1621299999999999	0.0	2.30933	0.0	0.0	0.56002	1.6740899999999999	0.88468	1.8539900000000002	0.8793300000000001	0.0	0.0	1.55619	0.90246	0.66809	0.0	0.0	0.0	0.0	0.0
Node 137		0.0	0.94772	0.0	0.7467900000000001	0.0	2.11051	2.69726	0.0	0.0	0.8141799999999999	0.6196	0.99317	0.95444	1.28156	0.66524	0.0	1.4959200000000001	0.9405600000000001	0.0	0.0	0.0	0.0	0.0
Node 175		1.42844	0.0	1.75276	1.6203599999999998	1.34684	0.52436	0.96401	2.4701500000000003	0.7065100000000001	0.8141799999999999	1.50428	1.6205	2.01957	0.67614	0.0	0.0	1.4959200000000001	1.7205700000000002	0.96075	0.0	0.0	0.0	0.0
Node 315		0.7501599999999999	0.8167000000000001	0.55987	1.39413	0.0	0.0	0.9969399999999999	1.49322	0.64169	0.77788	0.6196	0.81657	1.7679299999999998	0.58399	1.57496	0.9565300000000001	0.50058	0.72652	0.0	0.0	0.0	0.0	0.0
Node 129		1.8310300000000002	2.59363	0.8605099999999999	0.7467900000000001	0.0	0.52436	0.0	0.8216899999999999	2.06292	1.3487900000000002	0.95784	1.6533699999999998	0.0	0.0	0.94875	0.9565300000000001	0.6931299999999999	0.0	0.0	0.0	0.0	0.0	0.0
Node 12		0.59729	0.0	0.84776	1.6203599999999998	2.0029000000000003	1.62597	0.96401	0.0	0.0	0.0	0.88468	0.0	0.0	0.9702000000000001	1.48848	0.64723	2.3095	0.6086	0.0	0.0	0.0	0.0	0.0
Node 455		1.6406	0.8167000000000001	0.84863	1.73957	0.67791	2.24265	1.97781	0.0	0.0	1.46712	0.55487	0.81657	2.01957	0.6975699999999999	0.6262099999999999	1.8831799999999999	0.0	0.9893900000000001	0.0	0.0	0.0	0.0	0.0
Node 346		0.5405	0.0	0.0	0.5147900000000001	0.0	0.7757499999999999	0.76435	1.3561699999999999	0.62443	1.38509	1.74787	1.54274	0.89285	1.80663	0.75456	0.9266500000000001	0.9953399999999999	0.0	0.0	0.0	0.0	0.0	0.0
Node 428		0.5551	0.94772	0.84863	0.7467900000000001	0.6689299999999999	0.52436	1.97781	0.0	1.53694	0.77788	0.69739	0.77967	1.39009	0.58399	0.0	0.0	0.0	1.14629	0.0	0.0	0.0	0.0	0.0
Node 6		0.69301	0.9823200000000001	0.84776	0.62758	0.65606	0.85022	0.0	1.49322	1.2665300000000002	2.6012899999999997	1.84252	1.54019	0.95444	0.0	2.05842	1.4193900000000002	0.0	0.0	3.3483899999999998	0.0	0.0	0.0	0.0
Node 404		0.0	1.7644199999999999	0.0	0.5147900000000001	0.66248	1.55143	0.9689	0.8216899999999999	0.0	0.0	0.69739	0.9611400000000001	3.39437	1.70628	0.7669699999999999	0.0	0.5581	1.60865	0.0	0.0	0.0	0.0	0.0
Node 408		0.8004000000000001	0.83915	1.9734399999999999	2.15491	1.31854	2.24074	0.9689	0.8751200000000001	0.64169	3.39485	0.69739	0.0	0.8793300000000001	0.58399	0.66524	1.55619	0.6931299999999999	0.0	0.0	0.0	0.0	0.0	0.0
Node 178		0.9051699999999999	1.8577	0.55987	0.64734	0.0	0.52436	0.71931	0.8216899999999999	0.0	0.77788	0.0	1.52266	1.83377	0.83643	1.3931799999999999	1.6037599999999999	0.0	1.60865	0.0	0.0	0.0	0.0	0.0
Node 330		0.5405	0.0	0.0	0.0	0.0	0.57417	1.92883	1.73208	1.26612	0.0	0.88468	1.7536900000000002	0.8886	1.34946	0.6262099999999999	0.5996600000000001	0.0	0.0	0.0	0.0	0.0	0.0	0.0
Node 58		0.5551	0.94772	0.0	1.4842899999999999	0.0	0.85022	0.9969399999999999	0.0	0.0	2.25259	0.88468	0.0	2.70051	0.83643	2.81298	0.0	0.0	0.6086	0.0	0.0	0.0	0.0	0.0
Node 79		1.7026199999999998	0.0	0.0	0.7467900000000001	0.6023299999999999	0.0	2.92577	0.0	0.62443	0.0	0.0	2.4330399999999996	2.70978	0.6975699999999999	1.92841	0.0	0.9953399999999999	1.39461	0.0	0.0	0.0	0.0	0.0
Node 219		1.5981800000000002	0.0	0.0	0.0	0.0	0.85022	0.76435	0.0	1.36498	1.6507299999999998	0.0	0.0	2.70978	0.0	0.0	0.62854	0.9953399999999999	0.67669	0.0	0.0	0.0	0.0	0.0
Node 386		0.5405	0.0	1.7091399999999999	0.7467900000000001	1.34039	0.52436	0.0	0.0	0.62443	0.8141799999999999	0.0	2.53336	0.0	0.83643	1.4198	0.0	0.9953399999999999	1.3447799999999999	0.0	0.0	0.0	0.0	0.0
Node 299		0.5405	0.62761	0.0	0.0	1.48574	2.24265	0.0	0.0	0.0	1.68446	0.6196	0.0	0.95444	1.66777	0.0	2.01905	0.9953399999999999	1.9408999999999998	0.0	0.0	0.0	0.0	0.0
Node 449		1.7026199999999998	0.87538	0.0	1.8891600000000002	0.0	0.0	0.0	0.0	1.18445	0.0	0.86319	0.7605200000000001	1.83377	0.0	0.66524	0.9565300000000001	0.0	0.0	0.0	0.0	0.0	0.0	0.0
Node 166		0.0	0.8167000000000001	0.84863	0.0	0.7591600000000001	1.45911	0.9689	0.0	2.53265	0.77788	0.0	1.3661400000000001	0.89285	0.7654700000000001	0.6262099999999999	2.35723	0.9953399999999999	1.26421	0.0	0.0	0.0	0.0	0.0
Node 45		1.6376499999999998	0.9823200000000001	0.0	0.0	0.0	0.0	1.96176	0.53518	0.62443	2.58067	0.0	0.0	0.0	0.83643	0.0	1.4193900000000002	0.0	0.66809	0.0	0.0	0.0	0.0	0.0
Node 80		0.0	0.7946099999999999	0.8605099999999999	0.62758	0.0	0.0	1.94488	0.0	1.42082	1.38509	0.69739	0.0	0.8793300000000001	1.42042	0.0	0.9565300000000001	0.90246	0.0	0.90773	0.0	0.0	0.0	0.0
Node 52		0.0	0.9823200000000001	0.84863	1.6168399999999998	0.0	1.24514	0.98087	0.8216899999999999	0.0	0.0	0.0	0.72765	0.0	1.66777	0.0	0.64723	2.10176	0.0	0.96075	0.0	0.0	0.0	0.0
Node 113		0.0	0.9823200000000001	0.0	0.64734	0.66248	0.0	0.9648199999999999	1.5589	0.0	0.0	1.50428	0.0	0.0	1.42042	2.03757	0.0	0.50058	0.0	0.0	0.0	0.0	0.0	0.0
Node 361		0.0	0.0	0.0	0.0	0.0	0.85022	0.0	0.0	0.56002	0.0	0.88468	0.0	0.8667400000000001	0.58399	0.0	0.0	0.64849	0.67669	0.0	0.0	0.0	0.0	0.0
Node 267		0.0	0.8167000000000001	2.60139	1.39413	0.0	0.0	0.0	0.68464	0.7405499999999999	0.0	0.6196	1.5418100000000001	0.0	0.0	0.74475	0.7721600000000001	1.6546399999999999	0.6086	0.0	0.0	0.0	0.0	0.0
Node 331		0.0	0.0	1.40763	1.26158	1.34039	0.52436	1.4280899999999999	0.8216899999999999	1.92867	0.0	0.0	0.81657	0.8886	0.58399	0.0	0.62854	0.90246	2.0713	0.0	0.0	0.0	0.0	0.0
Node 295		0.0	1.79902	0.0	1.78971	1.25168	0.0	0.0	0.0	0.0	0.0	0.95784	0.7605200000000001	0.0	1.6353199999999999	1.3931799999999999	0.62854	0.0	0.84992	0.0	0.0	0.0	0.0	0.0
Node 142		2.00077	0.7946099999999999	0.0	0.0	1.34684	1.45911	0.0	0.0	1.18445	1.61443	0.88468	0.0	0.0	0.0	2.1758699999999997	0.0	0.0	1.6172499999999999	0.0	0.0	0.0	0.0	0.0
Node 258		1.0956000000000001	1.7644199999999999	0.0	0.99278	1.31854	0.0	0.71931	0.67153	0.0	0.8141799999999999	0.88468	0.0	1.50881	1.37371	0.6262099999999999	0.9565300000000001	0.90246	0.72652	0.0	0.0	0.0	0.0	0.0
Node 90		0.0	0.0	0.84776	1.64012	0.0	0.0	0.0	0.8216899999999999	1.4380799999999998	0.0	0.0	1.6533699999999998	0.0	0.0	0.7669699999999999	0.9565300000000001	0.50058	0.72652	0.0	0.0	0.0	0.0	0.0
Node 460		0.9051699999999999	0.8167000000000001	0.76458	2.25436	0.0	1.3745800000000001	0.0	0.0	0.64169	0.87682	0.0	0.77967	1.84304	1.54623	0.0	0.0	0.0	0.66809	0.0	0.0	0.0	0.0	0.0
Node 196		1.0956000000000001	0.9823200000000001	0.0	0.0	2.0841499999999997	0.8849400000000001	0.0	0.8216899999999999	0.0	0.0	1.43748	0.99317	1.74607	1.80663	0.66524	0.0	1.40704	0.0	0.0	0.0	0.0	0.0	0.0
Node 123		0.0	1.8577	1.7091399999999999	0.99278	0.67791	0.57417	0.9969399999999999	1.44834	1.2665300000000002	0.81013	0.0	0.76214	2.23006	0.58399	0.0	0.62854	0.9953399999999999	0.0	0.5955199999999999	0.0	0.0	0.0	0.0
Node 127		1.6406	0.0	0.0	0.0	0.0	0.0	1.97781	0.0	0.7963899999999999	0.8141799999999999	0.0	1.54019	0.0	3.30312	2.05842	0.9565300000000001	0.0	0.95679	0.0	0.0	0.0	0.0	0.0
Node 249		0.9051699999999999	1.74233	0.0	1.22048	1.33141	1.42439	0.9689	0.8216899999999999	1.2665300000000002	1.49811	0.0	2.48134	0.0	0.58399	0.66524	0.0	0.0	0.0	0.0	0.0	0.0	0.0	0.0
Node 296		1.5981800000000002	1.69208	0.0	0.64734	1.33141	0.57417	0.0	1.44834	0.0	3.06955	0.69739	0.0	0.8793300000000001	0.0	0.66524	0.64723	0.0	0.72652	0.0	0.0	0.0	0.0	0.0
Node 473		1.6376499999999998	0.9823200000000001	0.84863	0.64734	0.99614	0.0	0.0	1.44834	1.3564100000000001	0.0	0.69739	2.48134	1.54485	0.0	2.04601	0.9565300000000001	0.6931299999999999	0.6086	0.0	0.0	0.0	0.0	0.0
Node 290		0.69301	0.9823200000000001	0.0	0.0	0.0	0.52436	0.9648199999999999	0.67153	2.09696	3.1515799999999996	0.86319	2.48134	0.8793300000000001	1.81886	0.6262099999999999	0.5996600000000001	0.95592	0.0	0.0	0.0	0.0	0.0	0.0
Node 171		0.5405	0.0	0.55987	1.73957	0.0	0.52436	0.9969399999999999	0.0	1.18445	0.8141799999999999	0.86319	4.3825	0.8793300000000001	1.70628	0.0	0.62854	1.8978	0.0	0.0	0.0	0.0	0.0	0.0
Node 279		0.9051699999999999	0.62761	0.55987	1.6203599999999998	0.0	0.0	1.9609499999999997	0.7636999999999999	0.0	0.7572599999999999	0.0	0.0	0.8667400000000001	0.0	0.0	0.7721600000000001	0.0	0.0	0.0	0.0	0.0	0.0	0.0
Node 475		1.7886099999999998	0.0	2.58864	1.69847	1.5792400000000002	0.50749	0.0	0.0	0.62443	0.0	0.0	0.72765	0.0	0.0	1.90922	0.7721600000000001	1.40304	0.6086	0.0	0.0	0.0	0.0	0.0
Node 94		0.9051699999999999	1.7644199999999999	1.58492	0.9695	0.0	1.35771	1.96176	0.0	0.62443	0.0	1.48279	0.0	1.7553400000000001	1.42042	0.0	1.6037599999999999	1.8978	1.3447799999999999	0.0	0.0	0.0	0.0	0.0
Node 13		0.5405	2.31969	0.0	0.7467900000000001	0.0	0.50749	0.0	0.91039	0.0	0.9272	0.95784	0.0	0.0	1.5541900000000002	0.0	0.9565300000000001	0.9953399999999999	0.0	0.0	0.0	0.0	0.0	0.0
Node 458		3.13106	0.0	1.69639	0.99278	0.66248	0.50749	0.96401	0.67153	0.0	0.0	0.0	3.2954999999999997	1.7679299999999998	1.5541900000000002	1.6299899999999998	0.9565300000000001	0.90246	0.0	0.0	0.0	0.0	0.0	0.0
Node 376		0.0	0.94772	0.56581	1.69847	0.0	0.0	0.95577	0.8751200000000001	0.0	0.77788	1.50549	0.7605200000000001	0.0	0.0	0.0	0.0	0.90246	0.0	0.0	0.0	0.0	0.0	0.0
Node 176		0.9051699999999999	0.8167000000000001	0.0	0.5147900000000001	2.0029000000000003	0.0	0.0	0.0	0.0	0.0	1.65523	0.77967	2.41159	0.0	0.0	1.72869	1.40304	0.9405600000000001	0.0	0.0	0.0	0.0	0.0
Node 207		0.0	1.66883	0.0	0.7467900000000001	1.56381	0.52436	0.0	0.67153	1.3564100000000001	0.8141799999999999	0.6196	1.6533699999999998	0.8886	0.9702000000000001	0.0	0.9565300000000001	0.50058	2.22585	0.52026	0.0	0.0	0.0	0.0
Node 467		0.73543	0.89593	1.40763	1.5075699999999999	0.65606	0.85022	1.92883	0.0	0.0	0.9272	0.55487	0.77967	0.0	0.58399	0.94875	0.0	0.0	1.14629	0.0	0.0	0.0	0.0	0.0
Node 181		0.5405	1.8577	0.55987	0.0	0.0	0.85022	0.0	0.8216899999999999	1.2665300000000002	0.9272	0.95784	2.53336	1.83377	0.83643	0.94875	0.0	0.50058	1.33512	0.0	0.0	0.0	0.0	0.0
Node 214		2.7362	0.0	0.84776	0.0	0.67791	1.55143	0.0	1.44834	0.56002	0.0	0.86319	0.72765	0.0	1.66777	3.17681	0.5996600000000001	0.50058	0.6086	0.0	0.0	0.0	0.0	0.0
Node 292		1.80739	0.0	0.0	1.14237	0.0	0.7757499999999999	0.0	1.44834	0.0	0.9272	0.88468	0.76214	1.7553400000000001	1.80663	0.6262099999999999	0.62854	1.8978	2.60899	0.0	0.0	0.0	0.0	0.0
Node 379		0.5551	0.0	0.76458	0.9695	1.57026	0.57417	0.0	0.67153	0.0	2.49864	0.0	1.67252	0.0	0.9702000000000001	0.75456	1.6037599999999999	0.90246	0.67669	0.5955199999999999	0.0	0.0	0.0	0.0
Node 179		0.5405	0.0	0.0	0.7467900000000001	0.0	0.50749	0.0	0.8751200000000001	1.4380799999999998	0.0	1.84252	0.77967	1.50881	0.0	0.0	2.29847	2.05153	1.7205700000000002	0.0	0.0	0.0	0.0	0.0
Node 431		0.5551	0.0	0.89225	0.7467900000000001	0.66248	0.0	0.9969399999999999	0.0	0.7963899999999999	0.9272	0.0	2.53336	1.1670099999999999	1.7185099999999998	0.0	0.9565300000000001	0.5581	0.0	0.0	0.0	0.0	0.0	0.0
Node 112		0.0	0.0	0.0	0.64734	1.33141	0.52436	1.93291	0.53518	1.4380799999999998	0.0	0.0	3.2954999999999997	0.8886	0.9702000000000001	1.3931799999999999	0.0	0.0	1.5653899999999998	0.0	0.0	0.0	0.0	0.0
Node 35		1.86483	2.6744	0.84863	0.0	0.80783	1.34992	0.0	0.0	0.0	0.8962100000000001	1.74787	0.0	0.8793300000000001	1.5541900000000002	0.6262099999999999	0.0	0.50058	0.0	0.0	0.0	0.0	0.0	0.0
Node 145		1.42844	0.0	0.8605099999999999	0.99278	0.6689299999999999	1.35771	0.0	0.67153	0.7065100000000001	0.87682	0.0	0.7605200000000001	0.0	0.0	2.68297	0.64723	2.15522	0.66809	0.0	0.0	0.0	0.0	0.0
Node 365		2.1957	2.6744	0.0	1.5075699999999999	0.67791	0.0	0.0	0.0	0.62443	1.59206	0.0	0.0	0.0	0.0	0.0	0.0	0.0	1.60865	0.0	0.0	0.0	0.0	0.0
Node 227		0.0	0.7946099999999999	1.69639	0.62758	0.65606	0.73765	0.0	0.0	0.0	1.49811	1.58207	3.38933	0.0	2.43324	0.0	1.4007	0.50058	0.67669	0.52026	0.0	0.0	0.0	0.0
Node 445		0.59729	0.9823200000000001	1.7400100000000003	0.99278	0.0	0.57417	0.0	0.8216899999999999	0.0	0.57091	1.22075	0.0	0.0	0.0	1.39916	0.9565300000000001	0.5581	2.38166	0.96075	0.0	0.0	0.0	0.0
Node 8		0.5551	0.98725	0.84776	1.5075699999999999	0.90133	0.0	0.0	0.0	0.7963899999999999	0.0	1.65523	0.0	0.8667400000000001	1.42042	0.68739	0.0	1.6490500000000001	0.0	0.52026	0.0	0.0	0.0	0.0
Node 329		0.0	0.9823200000000001	0.89225	0.0	0.6689299999999999	0.0	1.9337199999999999	0.0	0.0	0.57091	0.95784	0.7605200000000001	0.0	0.9702000000000001	0.0	1.2282	0.0	0.66809	0.0	0.0	0.0	0.0	0.0
Node 68		0.0	2.6744	0.0	0.0	0.0	1.9487500000000002	0.0	0.0	0.62443	0.8141799999999999	0.69739	1.7536900000000002	0.0	0.9702000000000001	0.94875	1.4193900000000002	1.19371	0.0	0.0	0.0	0.0	0.0	0.0
Node 99		0.73543	0.0	1.45212	1.73957	0.0	1.98347	0.9689	0.67153	0.56002	1.76375	0.0	0.0	1.7413499999999997	0.8486600000000001	1.7033099999999999	0.9565300000000001	0.0	1.21438	0.0	0.0	0.0	0.0	0.0
Node 46		0.5551	0.98725	1.4790599999999998	0.62758	0.0	0.0	0.66374	0.8216899999999999	1.42082	0.8962100000000001	0.0	0.99317	0.0	0.0	0.61777	2.2323	0.50058	0.66809	0.0	0.0	0.0	0.0	0.0
Node 206		0.9051699999999999	0.0	0.88158	0.0	1.33141	0.0	0.0	0.67153	0.7963899999999999	0.0	0.0	0.0	0.8793300000000001	1.5541900000000002	0.6262099999999999	1.37182	0.0	0.72652	0.0	0.0	0.0	0.0	0.0
Node 422		0.5551	0.0	0.56581	0.62758	2.0777	0.0	0.0	0.0	1.36498	0.0	0.95784	0.7605200000000001	0.8793300000000001	0.83643	0.75456	0.0	4.399299999999999	2.01181	0.0	0.0	0.0	0.0	0.0
Node 463		3.1340100000000004	0.8167000000000001	1.4085	0.7467900000000001	0.66248	0.7757499999999999	0.0	0.53518	0.0	0.0	1.65523	1.5787099999999998	0.8886	1.34946	0.0	0.0	0.64849	0.0	0.96075	0.0	0.0	0.0	0.0
Node 380		0.0	0.78625	1.40763	1.1621299999999999	0.0	1.55143	0.0	0.8216899999999999	0.0	0.0	1.84252	0.7605200000000001	0.65625	0.0	0.8754299999999999	1.6037599999999999	2.54629	0.66809	0.0	0.0	0.0	0.0	0.0
Node 48		1.96894	0.0	0.84776	0.7467900000000001	0.6689299999999999	1.09853	0.96401	0.8751200000000001	1.92867	0.8962100000000001	1.84252	2.53336	0.0	0.9702000000000001	0.0	1.55619	0.0	1.28529	0.0	0.0	0.0	0.0	0.0
Node 242		2.33066	0.0	0.89225	0.0	0.0	0.0	0.9969399999999999	0.67153	1.33094	0.0	0.0	0.7605200000000001	0.0	0.58399	0.99359	0.9565300000000001	0.0	1.33512	0.0	0.0	0.0	0.0	0.0
Node 432		2.5004	0.78625	0.0	1.39413	2.14822	0.50749	0.9648199999999999	0.67153	1.4380799999999998	1.61443	0.88468	0.0	0.51076	0.8486600000000001	0.0	0.0	0.0	0.0	0.0	0.0	0.0	0.0	0.0
Node 202		0.5551	0.0	0.84776	1.69847	1.34039	0.0	0.0	0.0	0.0	2.51926	1.62097	0.0	1.7193	1.5541900000000002	0.75456	2.64759	0.50058	2.20477	0.0	0.0	0.0	0.0	0.0
Node 216		0.9051699999999999	0.0	1.69639	0.7467900000000001	0.0	0.8849400000000001	0.9969399999999999	1.49322	0.0	0.57091	1.50428	0.0	0.0	0.0	0.0	0.0	2.14441	0.9405600000000001	0.5955199999999999	0.0	0.0	0.0	0.0
Node 496		0.5405	1.79902	1.70827	0.99278	0.0	0.57417	0.9689	0.68464	0.75987	1.49811	0.0	1.67252	0.68459	0.0	0.0	0.0	0.50058	1.20578	0.0	0.0	0.0	0.0	0.0
Node 321		0.0	0.0	1.84776	1.26158	0.67791	0.85022	0.9689	0.68464	0.64169	0.0	0.6196	0.81657	0.95444	0.83643	0.8754299999999999	0.0	0.0	2.60664	0.0	0.0	0.0	0.0	0.0
Node 108		0.0	0.0	0.0	0.64734	0.65606	1.3745800000000001	0.9969399999999999	0.8216899999999999	0.0	1.65347	0.0	1.50732	0.0	0.8486600000000001	0.0	0.9565300000000001	1.40304	1.3447799999999999	0.0	0.0	0.0	0.0	0.0
Node 451		0.9051699999999999	0.94772	0.9776999999999999	0.0	0.0	0.8849400000000001	2.1474	0.67153	0.56002	0.0	0.69739	1.6205	0.85256	0.0	0.0	0.9565300000000001	0.69872	3.05469	0.0	0.0	0.0	0.0	0.0
Node 186		0.69301	0.98641	2.58864	0.5147900000000001	1.33141	0.52436	1.97781	0.8751200000000001	1.925	0.9272	0.0	0.72765	2.41159	0.9702000000000001	0.0	0.64723	0.64849	0.0	0.96075	0.0	0.0	0.0	0.0
Node 29		0.5551	0.94772	0.0	0.0	0.0	0.0	0.9689	0.0	2.06292	2.46234	0.0	1.88602	0.0	2.4240399999999998	0.0	0.0	2.04034	0.0	0.0	0.0	0.0	0.0	0.0
Node 493		0.0	0.0	0.84776	1.69847	0.6689299999999999	0.0	0.96401	1.50633	0.56002	0.0	0.0	0.0	0.0	0.0	2.15372	0.0	1.40304	0.0	0.0	0.0	0.0	0.0	0.0
Node 16		0.9051699999999999	0.0	0.0	0.0	0.0	0.73765	0.0	1.5466499999999999	3.32904	1.44773	0.0	1.6205	0.0	3.2727	2.31738	1.7702200000000001	0.0	1.9323	0.0	0.0	0.0	0.0	0.0
Node 248		0.0	0.0	0.0	0.5147900000000001	0.65606	1.09853	0.96401	0.8751200000000001	0.7065100000000001	0.57091	0.95784	0.77967	0.8886	0.0	0.94875	0.0	0.69872	2.21725	0.0	0.0	0.0	0.0	0.0
Node 221		1.7886099999999998	0.98725	1.6123399999999999	0.0	0.67791	0.0	1.92883	0.0	0.0	0.8141799999999999	0.6196	2.40017	0.0	0.0	0.6262099999999999	1.926	0.95592	0.67669	0.0	0.0	0.0	0.0	0.0
Node 89		1.45732	1.8577	0.88158	0.7467900000000001	0.67791	1.58787	1.92883	0.0	0.8690399999999999	2.51064	0.0	2.53336	0.95444	0.0	0.66524	0.0	0.0	0.0	0.0	0.0	0.0	0.0	0.0
Node 307		0.73543	1.42222	0.84863	0.7467900000000001	0.67791	2.0589199999999996	0.0	0.0	0.0	0.0	0.86319	0.7605200000000001	0.8886	1.5541900000000002	0.0	0.5996600000000001	0.50058	1.9323	0.0	0.0	0.0	0.0	0.0
Node 372		0.0	0.0	0.55987	1.39413	0.0	0.0	0.0	0.0	0.0	0.77788	0.0	1.50732	0.8793300000000001	0.83643	0.75456	1.4007	0.9953399999999999	1.28529	0.0	0.0	0.0	0.0	0.0
Node 11		0.0	0.0	0.8605099999999999	0.0	0.0	1.39052	0.0	0.7636999999999999	0.64169	0.8141799999999999	1.5605799999999999	1.6533699999999998	0.51076	0.0	0.0	0.5996600000000001	0.9953399999999999	0.0	0.0	0.0	0.0	0.0	0.0
Node 397		0.0	0.8167000000000001	0.84776	1.73957	0.0	1.08126	0.96401	0.0	0.64169	0.56159	0.0	0.0	0.0	0.0	0.6262099999999999	1.6037599999999999	0.0	1.20578	0.0	0.0	0.0	0.0	0.0
Node 156		0.0	0.0	0.0	0.64734	0.0	0.0	1.35565	0.0	0.7963899999999999	0.0	0.0	0.77967	0.8793300000000001	0.0	0.7669699999999999	2.00036	0.90246	0.0	0.0	0.0	0.0	0.0	0.0
Node 301		0.0	0.9823200000000001	0.0	1.5075699999999999	1.33141	1.5134	0.0	0.8216899999999999	0.7963899999999999	0.0	0.0	2.4330399999999996	2.70978	0.0	0.0	2.00036	0.0	1.14629	0.52026	0.0	0.0	0.0	0.0
Node 5		3.67156	0.0	0.84776	0.99278	0.65606	1.3745800000000001	0.0	1.3561699999999999	0.0	1.32817	0.55487	1.6205	0.0	0.9702000000000001	0.75456	0.0	0.9953399999999999	2.38166	0.0	0.0	0.0	0.0	0.0
Node 157		1.6406	0.0	0.84776	0.0	0.0	1.62597	0.9648199999999999	0.0	1.2665300000000002	0.0	0.0	1.5787099999999998	3.50721	0.58399	0.94875	0.5996600000000001	0.0	0.67669	0.0	0.0	0.0	0.0	0.0
Node 435		1.44567	0.9823200000000001	0.89225	0.0	0.75299	0.70121	1.93291	0.0	0.7963899999999999	0.0	0.6196	0.0	1.54485	0.58399	0.0	1.6557	1.40304	0.0	0.0	0.0	0.0	0.0	0.0
Node 4		0.5551	1.6113100000000002	0.84863	0.62758	0.0	0.0	1.9609499999999997	0.0	0.0	0.9272	0.0	1.54019	0.0	0.83643	0.0	1.55619	0.0	0.0	0.0	0.0	0.0	0.0	0.0
Node 293		0.9051699999999999	0.0	0.55987	0.64734	2.0093199999999998	0.85022	1.71625	0.0	0.0	1.7133700000000003	0.6196	2.53336	0.51076	1.5541900000000002	1.35263	0.9565300000000001	0.50058	0.6086	0.0	0.0	0.0	0.0	0.0
Node 289		0.0	1.79902	0.84863	0.8761	0.0	1.7351599999999998	0.0	0.8216899999999999	1.26612	2.42861	3.0648600000000004	0.89285	0.8667400000000001	0.0	0.0	0.0	0.90246	2.95237	1.8684800000000001	0.0	0.0	0.0	0.0
Node 477		1.80739	1.69208	0.0	0.5147900000000001	0.0	0.70121	0.9969399999999999	0.0	0.7405499999999999	0.0	1.74787	0.0	0.0	0.58399	0.0	0.7721600000000001	0.0	0.0	0.0	0.0	0.0	0.0	0.0
Node 402		0.9139700000000001	0.0	0.0	0.5147900000000001	0.66248	0.52436	0.0	0.67153	0.0	3.2085000000000004	0.0	0.77967	0.0	0.0	0.0	2.10006	1.80892	0.0	0.0	0.0	0.0	0.0	0.0
Node 32		0.5551	0.0	1.75276	0.0	0.67791	0.85022	2.9097	0.0	0.0	0.8962100000000001	0.95784	0.72765	0.86202	0.9702000000000001	0.0	1.2282	1.34162	2.00321	0.0	0.0	0.0	0.0	0.0
Node 51		0.0	1.77693	1.2842799999999999	1.27492	1.33141	0.52436	0.0	1.5466499999999999	0.0	2.2813	1.84252	0.0	0.0	0.58399	0.94875	0.0	1.4959200000000001	0.66809	0.0	0.0	0.0	0.0	0.0
Node 82		1.7886099999999998	0.9823200000000001	0.84776	0.7056899999999999	0.0	1.3745800000000001	0.9689	0.0	1.42082	2.33466	0.0	0.72765	0.95444	0.0	0.6262099999999999	0.0	0.0	0.0	0.0	0.0	0.0	0.0	0.0
Node 62		1.44567	0.8167000000000001	0.84776	0.99278	0.6689299999999999	1.55143	0.0	0.91039	0.0	0.8962100000000001	0.86319	0.77967	1.3775000000000002	0.0	0.0	0.0	0.9953399999999999	0.0	0.52026	0.0	0.0	0.0	0.0
Node 318		1.0956000000000001	0.94772	0.88158	0.7467900000000001	0.67791	0.52436	0.9969399999999999	0.0	0.62443	1.49811	0.6196	0.0	0.0	0.0	0.0	0.0	1.5955899999999998	1.3447799999999999	0.0	0.0	0.0	0.0	0.0
Node 9		1.3409	0.8167000000000001	0.76458	0.64734	0.0	0.0	0.0	0.91039	1.82614	2.65996	0.95784	2.53336	0.0	0.0	2.2401999999999997	0.0	0.90246	0.84992	0.0	0.0	0.0	0.0	0.0
Node 201		0.5405	0.0	0.0	0.0	0.0	2.11051	0.71931	0.0	0.7963899999999999	0.8962100000000001	0.88468	0.0	0.8886	0.8486600000000001	0.7669699999999999	0.9565300000000001	0.50058	1.66608	0.0	0.0	0.0	0.0	0.0
Node 359		0.5551	0.0	0.8605099999999999	0.0	0.67791	0.57417	0.96401	0.0	0.0	0.0	0.0	1.50732	0.68459	0.0	1.57496	0.62854	0.0	0.9405600000000001	0.0	0.0	0.0	0.0	0.0
Node 69		0.73543	0.9823200000000001	0.0	0.0	0.66248	0.0	0.9689	0.0	0.7065100000000001	0.57091	0.6196	0.7605200000000001	0.8793300000000001	0.0	0.0	0.64723	0.50058	1.33512	0.0	0.0	0.0	0.0	0.0
Node 161		0.0	0.9823200000000001	0.0	0.64734	1.99645	0.0	0.0	0.0	0.56002	0.8962100000000001	1.48279	0.89285	1.83377	1.5541900000000002	0.75456	0.0	0.50058	0.0	2.09728	0.0	0.0	0.0	0.0
Node 130		0.5405	0.7946099999999999	0.55987	0.0	0.6689299999999999	1.55143	0.9969399999999999	0.91039	1.4380799999999998	0.0	0.95784	0.0	1.50881	0.0	0.66524	0.9565300000000001	0.9953399999999999	1.20578	0.52026	0.0	0.0	0.0	0.0
Node 270		0.0	0.98725	1.70827	0.5147900000000001	0.0	0.0	0.0	0.8216899999999999	1.2665300000000002	0.0	1.58207	0.99317	2.41159	0.0	1.48848	0.0	3.30484	2.81703	0.0	0.0	0.0	0.0	0.0
Node 192		0.0	0.98641	0.0	0.0	1.33141	0.52436	1.7452200000000002	0.0	0.7963899999999999	0.57091	0.0	0.77967	0.7719	0.9702000000000001	0.66524	1.6037599999999999	0.90246	0.0	0.96075	0.0	0.0	0.0	0.0
Node 424		0.9051699999999999	0.8167000000000001	0.88158	0.7467900000000001	0.0	0.57417	0.9689	0.67153	1.2665300000000002	1.3487900000000002	1.5774400000000002	0.7605200000000001	0.0	0.83643	0.75456	0.55418	0.95592	0.72652	0.0	0.0	0.0	0.0	0.0
Node 309		0.0	0.0	1.7091399999999999	1.27492	0.6689299999999999	0.0	0.76435	0.0	0.0	0.0	1.65523	0.77967	0.95444	0.58399	1.5628199999999999	1.55619	1.69406	0.0	0.0	0.0	0.0	0.0	0.0
Node 20		0.9051699999999999	0.94772	0.0	0.0	0.0	0.57417	0.0	0.8216899999999999	0.0	0.8141799999999999	0.88468	0.7605200000000001	0.8886	2.3196600000000003	1.4198	0.9565300000000001	0.9953399999999999	0.67669	0.0	0.0	0.0	0.0	0.0
Node 50		0.0	1.93004	0.0	2.78249	0.0	1.6225900000000002	2.69807	0.0	1.4380799999999998	0.0	0.0	1.5418100000000001	0.8886	0.0	1.57496	0.9565300000000001	0.0	0.0	0.0	0.0	0.0	0.0	0.0
Node 74		1.46027	0.0	0.84863	0.0	0.90133	0.0	1.72012	1.49322	0.7065100000000001	0.0	0.95784	2.53336	0.65625	0.0	0.0	0.0	2.6499800000000002	1.28529	0.0	0.0	0.0	0.0	0.0
Node 415		1.46027	0.9823200000000001	0.89225	0.7467900000000001	0.0	0.0	0.0	0.0	0.0	2.16297	0.69739	0.0	0.8667400000000001	0.58399	0.7669699999999999	0.5996600000000001	0.95592	1.57644	1.50325	0.0	0.0	0.0	0.0
Node 497		0.5405	0.0	0.9776999999999999	2.38691	0.0	0.50749	3.89467	0.0	0.7963899999999999	0.8141799999999999	0.95784	0.81657	0.0	0.9702000000000001	0.0	0.0	1.40304	0.0	0.0	0.0	0.0	0.0	0.0
Node 383		0.9051699999999999	0.0	1.6123399999999999	1.1621299999999999	2.0029000000000003	1.4093	0.76435	1.49322	0.62443	0.83655	0.6196	0.0	0.8667400000000001	0.8486600000000001	0.0	0.0	0.0	1.20578	0.0	0.0	0.0	0.0	0.0
Node 468		2.1957	0.0	0.84776	0.99278	0.6689299999999999	0.0	0.9969399999999999	0.8216899999999999	1.18445	0.8141799999999999	0.88468	0.7605200000000001	2.49002	2.43324	0.0	0.9565300000000001	0.50058	0.0	0.0	0.0	0.0	0.0	0.0
Node 213		0.8004000000000001	0.0	0.89225	0.0	1.34039	0.73765	0.0	1.69681	1.2665300000000002	0.7572599999999999	1.5774400000000002	0.52107	1.84304	0.0	0.0	0.0	0.90246	1.14629	0.0	0.0	0.0	0.0	0.0
Node 239		0.0	0.0	0.84776	0.7467900000000001	1.34039	0.7757499999999999	1.9337199999999999	0.0	0.0	0.9272	0.6196	0.89285	1.82118	0.0	0.66524	0.64723	0.0	1.40321	0.0	0.0	0.0	0.0	0.0
Node 272		1.2335099999999999	0.0	0.55987	0.0	0.0	0.85022	0.96401	0.68464	0.0	1.6507299999999998	0.0	0.77967	2.41159	3.16832	0.0	0.0	0.50058	0.9405600000000001	0.0	0.0	0.0	0.0	0.0
Node 281		0.5405	0.0	0.0	0.99278	1.34039	0.0	0.0	0.8216899999999999	0.64169	1.32817	0.88468	2.41551	1.39009	0.6975699999999999	2.1758699999999997	0.55418	0.0	0.72652	0.0	0.0	0.0	0.0	0.0
Node 441		1.44567	1.79902	0.0	0.0	1.34684	0.85022	0.0	2.2700299999999998	0.62443	0.8962100000000001	0.0	0.0	0.0	0.0	2.32952	0.5996600000000001	0.0	2.5495	0.0	0.0	0.0	0.0	0.0
Node 125		0.0	0.8167000000000001	2.2681400000000003	0.0	1.99645	0.0	1.48366	0.0	0.0	2.65996	0.0	0.0	1.74607	0.0	0.0	1.55619	0.95592	0.0	0.0	0.0	0.0	0.0	0.0
Node 100		0.0	0.9823200000000001	3.44915	1.8688799999999999	0.0	0.7757499999999999	0.9969399999999999	0.67153	1.3481999999999998	0.0	2.44526	0.0	0.0	0.0	0.66524	0.5996600000000001	0.95592	2.0713	0.5955199999999999	0.0	0.0	0.0	0.0
Node 348		0.0	0.94772	0.0	0.5147900000000001	0.66248	0.0	2.69726	0.0	0.7405499999999999	0.0	0.0	2.40017	0.0	0.9702000000000001	1.6826699999999999	0.0	0.9953399999999999	0.0	0.0	0.0	0.0	0.0	0.0
Node 452		1.53583	1.77266	0.0	0.0	1.31854	0.61477	0.96401	1.73208	0.0	3.1722	0.0	0.76214	0.0	0.58399	2.3907000000000003	0.0	0.6931299999999999	0.72652	0.96075	0.0	0.0	0.0	0.0
Node 332		0.9022199999999999	0.9823200000000001	0.84863	0.0	0.7591600000000001	0.85022	0.98087	0.8751200000000001	0.0	0.8962100000000001	0.69739	0.7605200000000001	2.41159	0.58399	0.0	0.9565300000000001	1.19371	0.9405600000000001	0.0	0.0	0.0	0.0	0.0
Node 245		0.0	0.0	1.75276	0.62758	0.0	0.0	0.0	1.78551	0.7065100000000001	0.9272	0.0	2.4330399999999996	1.82118	0.0	0.73392	0.0	0.5581	2.95237	0.0	0.0	0.0	0.0	0.0
Node 498		1.5981800000000002	0.9823200000000001	1.69639	0.8761	0.0	0.50749	0.0	0.68464	1.2665300000000002	1.46712	0.0	1.7536900000000002	0.8793300000000001	0.9702000000000001	0.73392	0.0	0.90246	2.22	0.0	0.0	0.0	0.0	0.0
Node 252		0.5405	1.5896000000000001	0.0	2.15491	0.0	0.0	0.0	0.8216899999999999	0.0	0.9272	0.6196	1.54019	0.0	0.9702000000000001	0.6262099999999999	0.62854	0.50058	0.0	0.0	0.0	0.0	0.0	0.0
Node 235		0.69301	0.0	0.76458	1.5075699999999999	0.6689299999999999	0.57417	1.9337199999999999	1.36818	0.7065100000000001	0.8962100000000001	0.0	1.54019	0.68459	0.0	0.66524	0.7721600000000001	0.50058	0.66809	0.0	0.0	0.0	0.0	0.0
Node 494		0.5405	0.0	1.75276	1.5075699999999999	0.0	0.52436	1.9337199999999999	0.0	0.64169	0.0	0.0	0.89285	0.0	0.0	0.0	1.4007	1.64383	2.95237	0.0	0.0	0.0	0.0	0.0
Node 92		0.5551	0.94772	0.88158	2.13515	1.31854	2.14799	0.9969399999999999	1.49322	0.0	0.7572599999999999	0.69739	1.54019	1.7553400000000001	0.58399	0.0	0.62854	0.6931299999999999	0.0	0.0	0.0	0.0	0.0	0.0
Node 164		0.0	0.94772	0.0	1.26158	0.6689299999999999	1.35242	1.92883	0.67153	0.0	0.0	0.6196	0.7605200000000001	0.8886	0.0	2.3685500000000004	1.5738800000000002	0.50058	1.88247	0.0	0.0	0.0	0.0	0.0
Node 169		0.0	0.8167000000000001	0.0	0.9695	0.0	0.7757499999999999	0.0	0.0	0.0	0.57091	0.0	3.1632399999999996	1.3775000000000002	0.6975699999999999	0.0	0.0	2.59975	0.72652	0.0	0.0	0.0	0.0	0.0
Node 138		0.0	0.87538	2.31857	0.8761	1.34684	0.85022	0.9648199999999999	0.0	0.0	0.0	0.0	0.0	1.83377	0.6975699999999999	0.0	0.64723	0.95592	1.28529	0.0	0.0	0.0	0.0	0.0
Node 465		1.70557	0.8167000000000001	1.12568	1.39413	0.7591600000000001	0.0	0.9648199999999999	0.67153	1.4380799999999998	0.0	0.57429	0.77967	0.0	0.9702000000000001	0.6262099999999999	0.0	0.0	0.72652	0.0	0.0	0.0	0.0	0.0
Node 265		0.5551	0.94772	1.69639	0.0	0.67791	1.09853	0.0	0.0	1.2017099999999998	1.38509	0.6196	1.8539900000000002	1.5229899999999998	0.58399	0.0	0.9565300000000001	0.0	0.0	0.0	0.0	0.0	0.0	0.0
Node 343		0.0	1.6113100000000002	0.84776	0.0	0.67791	1.42439	0.9648199999999999	0.0	1.2665300000000002	1.65347	0.88468	0.0	0.8886	0.0	0.0	0.0	0.9953399999999999	1.26421	0.52026	0.0	0.0	0.0	0.0
Node 72		1.44272	0.0	0.76458	0.9695	1.34684	2.0208899999999996	0.0	0.67153	1.33094	0.77788	0.0	0.7605200000000001	0.0	1.42042	1.35263	0.0	1.40304	0.0	0.0	0.0	0.0	0.0	0.0
Node 226		2.22884	0.9823200000000001	0.84776	0.64734	0.0	0.52436	0.96401	0.8216899999999999	0.62443	0.0	0.88468	0.89285	0.8667400000000001	1.54623	0.6262099999999999	0.62854	0.50058	1.3447799999999999	0.0	0.0	0.0	0.0	0.0
Node 394		0.5551	0.94772	0.0	1.39413	0.65606	0.61477	0.9969399999999999	0.6485099999999999	0.0	3.39485	0.0	1.67252	1.56392	0.0	1.4198	0.0	0.0	0.72652	0.0	0.0	0.0	0.0	0.0
Node 247		0.0	1.79902	0.0	1.73957	0.90133	0.7757499999999999	0.96401	1.50633	1.2665300000000002	0.8962100000000001	0.0	2.66168	0.0	0.9702000000000001	0.75456	1.4193900000000002	0.9953399999999999	0.66809	0.0	0.0	0.0	0.0	0.0
Node 277		0.0	1.79902	2.58864	0.62758	0.67791	0.7757499999999999	0.96401	0.6485099999999999	0.0	0.57091	2.4097299999999997	0.0	1.84304	0.0	1.3931799999999999	0.7721600000000001	0.0	0.66809	0.0	0.0	0.0	0.0	0.0
Node 15		0.0	0.9823200000000001	1.42038	0.5147900000000001	1.3249900000000001	1.5660299999999998	1.73325	1.5819199999999998	0.0	0.8141799999999999	0.0	0.0	0.65625	2.40285	0.0	0.5996600000000001	0.50058	2.01181	0.0	0.0	0.0	0.0	0.0
Node 111		2.36249	0.9823200000000001	0.84776	1.1621299999999999	1.33141	1.09853	1.9609499999999997	0.85889	0.0	0.87682	0.0	0.0	0.0	0.83643	1.5215299999999998	0.9565300000000001	0.5581	1.20578	0.0	0.0	0.0	0.0	0.0
Node 421		0.59729	0.9823200000000001	0.0	0.64734	0.6689299999999999	0.57417	0.96401	0.8216899999999999	0.64169	0.0	0.0	0.0	0.0	0.83643	0.75456	0.88354	0.9953399999999999	0.0	0.0	0.0	0.0	0.0	0.0
Node 30		0.73543	0.8167000000000001	0.0	1.1621299999999999	0.65606	2.1256	1.71625	1.3561699999999999	1.2665300000000002	0.8141799999999999	0.69739	0.0	0.8886	1.61413	3.0513	0.62854	1.8978	0.0	0.0	0.0	0.0	0.0	0.0
Node 31		0.5405	1.79902	1.7091399999999999	1.39413	1.31854	0.0	0.9969399999999999	1.7692800000000002	0.7065100000000001	0.0	0.0	0.0	0.95444	0.0	0.0	0.9565300000000001	0.0	2.95237	0.0	0.0	0.0	0.0	0.0
Node 21		0.0	0.0	0.89225	0.64734	0.0	2.15033	0.0	0.91039	0.56002	0.9272	0.0	1.54019	0.86202	0.86985	1.5016399999999999	0.9565300000000001	0.90246	1.26421	0.0	0.0	0.0	0.0	0.0
Node 110		0.9051699999999999	0.0	0.72441	1.73957	0.90133	0.52436	0.9969399999999999	0.85889	0.7963899999999999	0.77788	0.95784	0.89285	0.0	0.9702000000000001	1.3931799999999999	1.58507	1.40304	1.26421	0.0	0.0	0.0	0.0	0.0
Node 81		0.5405	0.0	0.55987	0.0	0.0	0.85022	0.0	1.73208	1.5029000000000001	1.6740899999999999	0.0	0.77967	0.8793300000000001	0.0	0.0	0.64723	0.9953399999999999	1.26421	0.0	0.0	0.0	0.0	0.0
Node 148		0.5405	0.0	0.55987	0.0	1.3249900000000001	0.0	1.96176	0.8216899999999999	1.33094	0.0	0.0	1.42015	1.53558	0.9702000000000001	0.0	1.6037599999999999	0.0	0.6086	0.0	0.0	0.0	0.0	0.0
Node 159		0.69301	2.6793299999999998	0.0	0.62758	0.0	0.52436	0.76435	0.67153	0.0	0.8962100000000001	0.0	2.64654	0.0	0.58399	0.7669699999999999	0.62854	1.4959200000000001	1.26421	0.0	0.0	0.0	0.0	0.0
Node 218		3.13106	0.98725	0.0	1.1621299999999999	2.0029000000000003	0.85022	0.0	0.0	0.56002	2.39432	0.6196	0.0	0.0	0.67614	0.6262099999999999	0.0	1.40304	1.8067099999999998	0.0	0.0	0.0	0.0	0.0
Node 3		3.1340100000000004	0.0	0.0	0.5147900000000001	1.3249900000000001	0.0	1.9337199999999999	0.0	0.64169	0.9272	1.58207	1.70942	0.8667400000000001	0.0	0.0	1.18272	2.39838	1.16763	0.0	0.0	0.0	0.0	0.0
Node 41		0.69301	2.59363	0.55987	0.0	0.0	0.0	0.0	0.67153	0.0	0.77788	0.0	0.0	0.86202	0.0	0.75456	1.6037599999999999	0.0	2.5495	0.0	0.0	0.0	0.0	0.0
Node 93		0.0	0.0	3.14497	0.7467900000000001	0.0	1.5134	1.71625	0.53518	0.56002	0.8141799999999999	0.86319	0.0	0.0	0.6975699999999999	1.4198	1.2282	0.9953399999999999	0.0	0.0	0.0	0.0	0.0	0.0
Node 437		1.6376499999999998	0.0	0.0	0.0	1.43707	0.57417	1.96176	0.0	0.62443	0.7572599999999999	1.58207	0.81657	1.7193	1.61413	0.7669699999999999	0.9565300000000001	0.0	0.9405600000000001	0.0	0.0	0.0	0.0	0.0
Node 407		0.7501599999999999	0.8167000000000001	0.55987	1.39413	0.0	1.35771	0.71931	0.0	0.7065100000000001	0.77788	0.88468	1.67252	0.8793300000000001	2.53762	2.3685500000000004	1.55619	0.90246	1.5491599999999999	0.0	0.0	0.0	0.0	0.0
Node 369		0.5551	1.69208	0.0	0.0	0.66248	0.0	0.0	0.7636999999999999	1.26612	0.9272	0.69739	0.0	0.0	0.0	0.0	1.2282	2.45184	0.67669	0.0	0.0	0.0	0.0	0.0
Node 391		1.0956000000000001	0.0	0.0	0.99278	0.75299	1.45911	0.9648199999999999	0.0	0.62443	0.0	1.45897	1.48817	1.7553400000000001	0.0	1.3931799999999999	0.9565300000000001	1.4959200000000001	0.0	0.96075	0.0	0.0	0.0	0.0
Node 22		0.9051699999999999	0.9823200000000001	2.5569	0.64734	0.0	0.0	2.3969899999999997	0.0	0.0	0.0	0.95784	1.67252	0.95444	0.6975699999999999	0.0	0.0	0.90246	0.0	0.0	0.0	0.0	0.0	0.0
Node 71		1.5981800000000002	1.50299	0.0	0.0	0.6689299999999999	0.0	0.0	0.0	0.0	0.0	1.5605799999999999	0.7605200000000001	0.8793300000000001	0.58399	0.61777	0.0	2.59975	2.49107	0.0	0.0	0.0	0.0	0.0
Node 442		2.28599	0.8167000000000001	0.0	0.7467900000000001	2.0029000000000003	0.0	1.71625	0.0	1.18445	1.3487900000000002	0.0	1.7728399999999997	0.51076	1.42042	0.0	0.64723	1.6546399999999999	0.72652	0.0	0.0	0.0	0.0	0.0
Node 255		0.5405	0.0	1.69639	0.0	0.90133	1.3001099999999999	2.91378	0.0	0.0	0.0	0.6196	0.0	0.95444	0.9702000000000001	0.8754299999999999	1.4832	0.90246	1.28529	0.0	0.0	0.0	0.0	0.0
Node 241		2.34789	1.93004	0.84776	0.0	1.31854	0.52436	0.76435	0.0	1.2017099999999998	0.57091	0.6196	0.7605200000000001	0.8886	0.86985	0.7669699999999999	0.62854	1.05868	1.87281	0.0	0.0	0.0	0.0	0.0
Node 443		0.5551	0.0	0.84863	0.64734	0.66248	0.57417	1.96176	1.5466499999999999	0.7065100000000001	0.8141799999999999	0.0	0.0	0.95444	0.9702000000000001	0.66524	0.64723	0.5581	2.86686	0.0	0.0	0.0	0.0	0.0
Node 495		0.0	0.8167000000000001	0.89225	2.13515	0.67791	1.58787	1.76129	0.0	0.0	2.46234	0.69739	0.0	0.8886	0.58399	0.0	0.0	0.50058	0.72652	0.0	0.0	0.0	0.0	0.0
Node 27		0.0	0.0	0.55987	0.0	0.0	0.52436	0.0	0.91039	0.62443	0.8962100000000001	0.6196	0.0	0.0	0.58399	1.40286	0.0	2.05153	0.0	0.0	0.0	0.0	0.0	0.0
Node 189		0.0	0.8167000000000001	0.8605099999999999	0.64734	0.65606	1.3745800000000001	0.0	0.0	0.7065100000000001	0.83655	2.37075	0.0	1.50881	0.0	0.0	3.0379	1.55095	0.9405600000000001	0.0	0.0	0.0	0.0	0.0
Node 54		0.5405	0.8167000000000001	1.61666	1.26158	0.90133	1.9487500000000002	0.0	0.0	0.62443	2.25537	1.31699	1.48979	0.51076	0.9702000000000001	0.0	0.62854	0.9953399999999999	1.14629	0.0	0.0	0.0	0.0	0.0
Node 96		0.0	0.0	1.6123399999999999	1.1621299999999999	0.65606	1.42439	0.0	0.0	2.3161	0.9272	1.5605799999999999	0.7605200000000001	1.74607	0.0	1.4198	0.0	0.0	1.95084	0.0	0.0	0.0	0.0	0.0
Node 381		0.9051699999999999	1.58086	0.0	0.0	1.47031	1.09853	0.98087	1.69681	0.0	1.46712	0.6196	0.89285	0.8793300000000001	1.5541900000000002	0.6262099999999999	0.5996600000000001	0.50058	0.67669	0.0	0.0	0.0	0.0	0.0
Node 85		0.9051699999999999	0.0	0.76458	0.5147900000000001	0.0	0.50749	1.93291	0.0	1.2665300000000002	0.9272	0.0	0.0	0.86202	0.0	1.92841	0.9565300000000001	2.39838	0.9405600000000001	0.0	0.0	0.0	0.0	0.0
Node 26		1.4934100000000001	0.8167000000000001	0.0	0.64734	1.34039	0.0	0.9689	0.0	0.56002	0.9272	1.88366	0.7605200000000001	0.0	0.0	0.0	0.0	0.0	2.19517	0.0	0.0	0.0	0.0	0.0
Node 434		1.0956000000000001	0.0	1.70827	1.6203599999999998	1.4280899999999999	0.57417	1.97781	2.4701500000000003	0.62443	3.09017	1.61769	1.50732	1.83377	0.0	0.75456	0.0	0.0	1.40321	0.0	0.0	0.0	0.0	0.0
Node 203		0.73543	1.79902	0.0	0.7467900000000001	0.65606	1.3745800000000001	0.9969399999999999	0.8216899999999999	0.0	0.7572599999999999	0.0	3.38933	0.8886	0.83643	0.0	1.55619	2.20193	2.5495	0.0	0.0	0.0	0.0	0.0
Node 282		1.2335099999999999	0.0	1.7091399999999999	0.0	0.67791	1.42439	0.96401	0.68464	0.0	0.87682	0.0	0.0	0.0	0.0	0.0	0.9565300000000001	0.50058	0.0	0.0	0.0	0.0	0.0	0.0
Node 427		0.5551	0.0	3.1672	0.0	0.0	0.0	0.0	0.67153	1.2665300000000002	1.6507299999999998	1.84252	1.42015	2.01957	0.83643	0.0	0.5996600000000001	1.40304	0.99405	0.0	0.0	0.0	0.0	0.0
Node 14		0.69301	0.0	0.0	0.64734	0.67791	0.85022	0.0	0.0	0.0	0.0	0.88468	0.0	1.50881	0.9702000000000001	0.6262099999999999	1.4832	0.0	0.66809	0.0	0.0	0.0	0.0	0.0
Node 104		0.5405	0.94772	0.0	0.0	0.67791	1.62597	0.9969399999999999	0.0	0.0	1.3487900000000002	0.88468	1.7536900000000002	0.8793300000000001	1.5541900000000002	0.6262099999999999	0.64723	0.0	0.6086	0.0	0.0	0.0	0.0	0.0
Node 165		2.24607	0.0	2.29988	2.15491	0.0	0.87978	0.0	0.68464	0.0	0.0	0.0	0.72765	0.8667400000000001	1.66777	0.75456	0.0	0.95592	0.0	0.0	0.0	0.0	0.0	0.0
Node 384		0.0	0.0	0.0	0.62758	0.0	1.45911	0.9648199999999999	1.50633	0.0	0.77788	1.48607	0.0	0.0	0.0	0.94875	0.0	0.90246	2.28534	0.0	0.0	0.0	0.0	0.0
Node 261		0.0	0.8167000000000001	0.0	0.9695	0.7591600000000001	0.52436	1.93291	1.36818	1.18445	0.8141799999999999	1.43955	0.77967	0.0	0.0	1.3931799999999999	0.0	1.9512600000000002	0.0	0.0	0.0	0.0	0.0	0.0
Node 106		0.5551	0.0	1.69639	0.0	0.65606	2.30933	0.0	2.45704	0.7065100000000001	0.8962100000000001	1.5605799999999999	2.26784	0.0	0.0	0.0	0.0	1.05868	0.0	0.52026	0.0	0.0	0.0	0.0
Node 257		0.5551	1.79902	0.9776999999999999	2.3636299999999997	0.67791	0.0	0.0	0.8216899999999999	1.18445	0.8962100000000001	0.0	0.7605200000000001	0.8886	2.3906199999999997	0.7669699999999999	0.0	0.90246	2.3437699999999997	0.0	0.0	0.0	0.0	0.0
Node 19		1.0956000000000001	1.7644199999999999	0.8605099999999999	1.26158	0.66248	0.73765	0.76435	0.8216899999999999	0.7963899999999999	0.0	0.95784	0.7605200000000001	0.0	0.0	0.6262099999999999	2.85453	0.50058	0.0	0.0	0.0	0.0	0.0	0.0
Node 291		1.0956000000000001	0.8167000000000001	0.84776	0.0	0.0	0.0	0.0	0.53518	0.0	1.74138	0.0	0.0	0.0	0.0	0.68739	0.7721600000000001	0.9953399999999999	0.0	0.0	0.0	0.0	0.0	0.0
Node 243		0.0	0.78625	0.89225	1.1621299999999999	0.65606	0.0	0.0	1.5819199999999998	0.56002	2.6012899999999997	0.57429	1.54019	1.7679299999999998	0.58399	0.66524	0.0	1.8978	2.01181	0.0	0.0	0.0	0.0	0.0
Node 260		0.5405	0.8167000000000001	1.42038	0.99278	0.7591600000000001	1.8901500000000002	1.6606800000000002	0.0	0.0	0.0	0.0	0.77967	1.7553400000000001	0.58399	0.0	0.0	0.0	0.0	0.0	0.0	0.0	0.0	0.0
Node 44		0.9139700000000001	1.77693	0.0	0.0	0.0	0.50749	0.0	0.67153	0.7963899999999999	1.65347	0.0	3.26101	0.0	1.42042	0.0	0.7721600000000001	0.95592	0.84992	0.0	0.0	0.0	0.0	0.0
Node 193		1.44567	2.53732	0.84863	0.9695	0.0	1.3745800000000001	1.94977	0.0	0.0	0.9272	0.95784	0.99317	0.0	1.80663	1.48848	0.0	0.90246	0.53769	0.0	0.0	0.0	0.0	0.0
Node 388		0.0	0.0	0.0	2.3636299999999997	0.0	1.55143	0.0	0.0	0.0	0.83655	0.86319	0.0	0.8667400000000001	0.0	0.0	1.18272	1.40304	0.0	0.0	0.0	0.0	0.0	0.0
Node 136		0.9051699999999999	1.6113100000000002	0.0	0.7467900000000001	0.66248	1.1889399999999999	0.96401	0.0	0.64169	0.9272	1.50428	0.0	1.82118	1.42042	0.75456	0.0	0.0	2.08685	0.0	0.0	0.0	0.0	0.0
Node 474		0.73543	0.0	0.8605099999999999	0.62758	0.85199	0.0	0.98087	1.78551	1.9726299999999999	0.9272	0.86319	0.77967	1.39009	0.0	0.0	1.4193900000000002	0.0	1.9323	0.0	0.0	0.0	0.0	0.0
Node 84		0.0	1.79902	0.89225	2.15491	0.66248	1.4093	0.71931	0.8216899999999999	0.0	0.8141799999999999	0.95784	0.89285	0.0	0.0	1.5215299999999998	0.0	0.0	0.0	0.0	0.0	0.0	0.0	0.0
Node 360		0.5551	0.8167000000000001	1.7400100000000003	1.64012	1.43707	2.4363699999999997	0.9969399999999999	1.6740899999999999	0.0	1.74138	0.6196	1.54019	0.8793300000000001	0.0	0.0	0.0	0.0	0.0	0.0	0.0	0.0	0.0	0.0
Node 420		0.69301	0.8167000000000001	1.45212	0.0	0.0	0.57417	0.76435	0.68464	0.7065100000000001	1.32817	0.0	0.7605200000000001	0.8886	0.58399	0.75456	0.64723	0.90246	0.0	0.52026	0.0	0.0	0.0	0.0
Node 75		0.5551	0.0	0.0	0.64734	0.66248	1.2832400000000002	0.0	0.91039	0.62443	1.49811	1.58207	0.77967	1.83377	0.0	0.7669699999999999	0.0	0.0	1.28529	0.0	0.0	0.0	0.0	0.0
Node 190		0.5405	0.0	0.0	0.8295699999999999	0.0	0.8849400000000001	0.76435	1.7692800000000002	0.7963899999999999	1.61443	0.6196	0.0	0.0	0.0	1.48848	0.64723	0.9953399999999999	0.0	0.0	0.0	0.0	0.0	0.0
Node 418		0.0	0.0	0.84863	0.64734	1.2583900000000001	0.0	0.0	0.8216899999999999	0.0	2.245	1.84252	0.77967	0.0	0.0	0.66524	1.48271	0.0	0.0	1.11578	0.0	0.0	0.0	0.0
Node 61		0.0	1.7644199999999999	0.0	0.0	0.0	0.85022	0.96401	0.0	0.56002	0.9272	0.0	0.99317	0.0	0.0	1.7033099999999999	0.0	0.0	1.66708	0.0	0.0	0.0	0.0	0.0
Node 401		0.69301	0.98725	0.55987	0.0	0.99614	0.0	0.9648199999999999	0.8216899999999999	0.0	1.40746	0.0	1.54019	1.83377	0.0	0.6262099999999999	0.0	1.19371	0.72652	0.0	0.0	0.0	0.0	0.0
Node 131		0.0	0.0	0.0	1.27492	0.0	0.0	0.0	3.9633700000000003	1.4380799999999998	0.0	1.50428	0.99317	0.8667400000000001	0.0	2.9947600000000003	0.62854	1.6546399999999999	1.21438	0.96075	0.0	0.0	0.0	0.0
Node 287		0.0	0.0	0.55987	0.5147900000000001	0.65606	0.57417	0.0	0.67153	0.0	0.8962100000000001	1.2416699999999998	0.7605200000000001	0.0	0.58399	0.0	0.64723	0.95592	1.21438	0.0	0.0	0.0	0.0	0.0
Node 211		0.5551	1.79902	2.42075	0.0	0.90133	0.8849400000000001	0.0	0.68464	0.7963899999999999	0.9272	0.0	0.99317	0.8667400000000001	0.0	0.0	0.9565300000000001	0.9953399999999999	1.40321	0.0	0.0	0.0	0.0	0.0
Node 109		0.73543	0.98641	2.70799	0.0	0.7591600000000001	0.85022	1.93291	0.0	0.64169	1.49811	0.95784	0.0	0.95444	1.42042	0.94875	1.4007	0.9953399999999999	1.26421	0.0	0.0	0.0	0.0	0.0
Node 88		0.9051699999999999	0.7946099999999999	0.0	2.3636299999999997	0.0	2.0208899999999996	0.98087	0.0	0.0	0.0	0.95784	0.0	3.50721	0.0	0.0	0.55418	2.59975	1.40321	0.52026	0.0	0.0	0.0	0.0
Node 368		0.0	0.94772	0.0	0.0	0.0	0.0	0.0	2.44081	0.0	0.9272	0.6196	1.54019	0.8793300000000001	1.5541900000000002	0.6262099999999999	0.0	2.3095	0.66809	0.0	0.0	0.0	0.0	0.0
Node 240		0.5405	0.0	2.5569	0.0	0.0	1.62597	0.0	0.8216899999999999	0.7405499999999999	0.83655	0.0	2.26784	0.65625	0.0	0.0	0.5996600000000001	0.9953399999999999	0.53769	0.0	0.0	0.0	0.0	0.0
Node 387		1.7026199999999998	1.74233	0.0	0.0	0.0	0.0	0.76435	0.0	0.0	1.49811	0.0	1.7728399999999997	1.50881	1.5674199999999998	0.0	0.0	0.6931299999999999	1.5491599999999999	0.0	0.0	0.0	0.0	0.0
Node 198		1.36261	0.0	0.0	0.0	0.65606	0.85022	0.96401	0.0	0.7963899999999999	0.0	0.0	1.54019	1.54485	0.8486600000000001	0.0	1.37182	1.80892	1.82298	0.0	0.0	0.0	0.0	0.0
Node 322		1.44567	1.8577	0.84776	0.0	0.0	1.09853	0.0	0.0	0.0	0.0	0.86319	0.89285	0.8886	0.9702000000000001	0.0	1.4832	0.50058	0.53769	0.0	0.0	0.0	0.0	0.0
Node 356		2.00077	0.0	0.55987	0.7056899999999999	0.0	1.09853	2.1474	0.0	0.0	0.9272	0.55487	0.0	0.95444	1.5541900000000002	1.57496	0.0	0.0	1.9346100000000002	0.96075	0.0	0.0	0.0	0.0
Node 146		0.0	0.9823200000000001	0.0	2.25436	1.33141	0.57417	0.0	0.8751200000000001	0.0	1.7050800000000002	1.5774400000000002	0.7605200000000001	0.0	0.0	0.0	0.9565300000000001	0.69872	0.67669	0.90773	0.0	0.0	0.0	0.0
Node 42		0.0	0.0	1.40763	2.1726	0.0	0.73765	0.9648199999999999	1.5466499999999999	1.82614	0.0	1.65523	1.54019	1.83377	0.58399	0.0	0.0	0.6931299999999999	0.72652	0.0	0.0	0.0	0.0	0.0
Node 187		0.0	0.8167000000000001	0.89225	0.0	1.28024	0.0	0.0	1.69681	0.0	0.0	0.0	0.7605200000000001	0.0	0.58399	1.29145	1.72869	0.9953399999999999	0.72652	0.0	0.0	0.0	0.0	0.0
Node 319		0.5551	0.9823200000000001	1.69639	1.1621299999999999	0.67791	0.52436	0.9689	1.4702	0.0	0.8962100000000001	0.6196	0.77967	0.51076	0.9702000000000001	0.0	0.9565300000000001	0.90246	1.95084	0.0	0.0	0.0	0.0	0.0
Node 312		2.35964	0.0	1.42632	0.53264	0.0	0.85022	0.71931	0.0	0.56002	1.49811	0.0	1.7728399999999997	0.0	0.0	0.0	0.0	0.69872	0.66809	0.0	0.0	0.0	0.0	0.0
Node 254		1.42844	0.8167000000000001	0.0	0.0	0.0	0.0	0.98087	0.0	0.0	1.6740899999999999	0.0	1.7728399999999997	0.0	0.9702000000000001	0.6262099999999999	0.0	0.50058	1.9323	0.0	0.0	0.0	0.0	0.0
Node 308		0.0	1.8626299999999998	0.55987	0.9695	1.34039	0.50749	0.0	0.67153	0.7065100000000001	1.20781	0.88468	0.0	0.0	0.58399	0.0	0.5996600000000001	0.0	2.22585	0.52026	0.0	0.0	0.0	0.0
Node 436		0.0	0.8167000000000001	0.84776	1.6203599999999998	0.0	0.57417	0.9648199999999999	0.8216899999999999	0.0	0.57091	1.50428	1.88602	0.8667400000000001	1.5541900000000002	1.4198	0.9565300000000001	0.95592	0.0	0.0	0.0	0.0	0.0	0.0
Node 59		0.5551	0.0	0.0	0.53264	0.0	0.0	0.0	0.0	0.0	0.9272	1.84252	2.53336	0.8793300000000001	0.9702000000000001	0.6262099999999999	0.0	1.40304	1.28529	0.0	0.0	0.0	0.0	0.0
Node 400		0.0	0.87538	0.0	3.08393	1.33141	1.35242	0.0	0.8751200000000001	1.33094	0.0	0.95784	0.0	0.8667400000000001	1.5541900000000002	0.0	0.7721600000000001	0.0	0.9405600000000001	0.52026	0.0	0.0	0.0	0.0
Node 373		1.2335099999999999	0.9823200000000001	0.84863	1.73957	0.66248	1.3745800000000001	0.96401	0.0	0.0	0.83655	0.69739	1.7536900000000002	1.83377	1.5541900000000002	0.73392	1.55619	0.0	1.28529	0.0	0.0	0.0	0.0	0.0
Node 347		0.5551	1.8577	0.0	0.0	0.67791	1.09853	0.0	0.0	1.2665300000000002	0.0	0.69739	0.0	0.95444	0.58399	2.68297	0.0	0.50058	0.67669	0.0	0.0	0.0	0.0	0.0
Node 117		0.0	0.62761	0.96711	0.0	1.99645	0.0	0.96401	1.49322	0.0	2.33466	0.55487	0.77967	1.39009	1.42042	1.40911	0.0	1.80892	0.0	0.0	0.0	0.0	0.0	0.0
Node 448		2.35964	1.74233	0.56581	1.5075699999999999	0.66248	0.0	0.0	0.0	1.18445	0.9272	0.6196	0.0	0.51076	0.9702000000000001	0.7669699999999999	0.55418	1.8978	0.67669	0.0	0.0	0.0	0.0	0.0
Node 231		0.0	0.9823200000000001	0.0	0.64734	0.0	0.0	0.9969399999999999	0.0	2.1273299999999997	3.2308700000000004	0.0	0.89285	0.95444	0.0	0.0	0.0	1.05868	0.67669	0.0	0.0	0.0	0.0	0.0
Node 17		0.9051699999999999	0.0	0.84776	1.39413	0.6689299999999999	0.0	0.0	2.17786	0.64169	0.0	0.0	0.99317	0.8667400000000001	0.83643	0.0	0.0	0.90246	0.6086	0.0	0.0	0.0	0.0	0.0
Node 153		2.3336099999999997	1.7868700000000002	1.69639	0.0	0.67791	0.52436	0.0	0.67153	0.0	0.0	1.4180599999999999	0.0	0.68459	0.0	0.66524	0.62854	1.55095	2.5409	0.96075	0.0	0.0	0.0	0.0
Node 323		0.0	0.62761	0.0	0.0	0.0	1.5134	0.0	0.8216899999999999	0.62443	0.57091	0.0	2.53336	0.8793300000000001	0.0	0.6262099999999999	0.5996600000000001	0.90246	0.6086	0.0	0.0	0.0	0.0	0.0
Node 43		0.5551	0.0	0.8605099999999999	1.47691	0.67791	1.09853	2.9097	0.8216899999999999	1.5029000000000001	0.0	1.5605799999999999	0.7605200000000001	0.0	0.58399	0.0	0.0	1.40304	0.0	0.0	0.0	0.0	0.0	0.0
Node 174		1.46027	1.79902	1.62509	2.38691	0.0	0.7757499999999999	0.9689	0.0	1.18445	0.9272	0.95784	0.0	0.95444	0.58399	0.6262099999999999	0.64723	0.50058	0.0	0.0	0.0	0.0	0.0	0.0
Node 224		0.0	1.77693	0.0	0.64734	0.67791	1.42439	1.92883	0.0	0.62443	0.0	0.88468	1.98233	0.8886	1.42042	0.66524	2.35723	1.34162	1.5491599999999999	0.0	0.0	0.0	0.0	0.0
Node 313		0.0	2.6793299999999998	1.69639	0.99278	0.0	0.8849400000000001	1.92883	0.0	0.62443	2.58067	2.46459	1.7728399999999997	0.0	0.0	0.94875	0.64723	0.0	0.66809	0.0	0.0	0.0	0.0	0.0
Node 426		1.42844	0.0	0.0	0.5147900000000001	1.3339699999999999	0.8849400000000001	0.9648199999999999	2.5557	1.42082	0.8141799999999999	3.0648600000000004	0.77967	2.70978	0.0	2.31738	0.0	0.0	0.0	0.96075	0.0	0.0	0.0	0.0
Node 126		1.42844	0.0	0.84776	2.25436	2.76206	1.3745800000000001	0.9689	1.5819199999999998	1.2665300000000002	0.83655	0.95784	0.0	0.95444	1.66777	0.66524	1.55619	0.0	0.0	0.0	0.0	0.0	0.0	0.0
Node 300		0.82211	1.77266	0.0	0.0	0.0	1.08166	0.76435	0.68464	0.0	1.61443	0.0	0.0	0.0	0.0	0.66524	0.9565300000000001	0.90246	0.99405	0.0	0.0	0.0	0.0	0.0
Node 412		1.44567	0.0	1.70827	1.6203599999999998	0.0	0.7757499999999999	0.9648199999999999	0.67153	0.0	1.38509	0.57429	0.0	0.0	0.0	0.66524	0.0	0.0	1.87281	0.90773	0.0	0.0	0.0	0.0
Node 345		2.00077	0.0	0.0	0.0	0.0	0.85022	0.9689	1.49322	1.8909599999999998	0.0	0.0	1.7536900000000002	0.0	0.58399	0.7669699999999999	0.55418	0.50058	2.60664	0.0	0.0	0.0	0.0	0.0
Node 370		0.5551	0.9823200000000001	0.0	0.0	0.6023299999999999	0.0	0.9689	0.67153	0.0	1.6740899999999999	0.0	2.40017	0.8667400000000001	1.42042	0.75456	0.5996600000000001	0.0	0.72652	0.0	0.0	0.0	0.0	0.0
Node 34		0.0	1.6113100000000002	0.0	0.64734	0.0	0.73765	0.0	0.8216899999999999	1.26612	0.0	0.69739	1.54019	0.0	0.0	0.7669699999999999	2.00036	0.0	0.67669	0.54101	0.0	0.0	0.0	0.0
Node 63		0.5551	0.0	2.2681400000000003	0.0	2.0029000000000003	0.0	2.92577	2.80521	1.33094	0.8962100000000001	0.0	0.77967	0.8793300000000001	0.83643	0.0	0.0	0.0	0.72652	0.0	0.0	0.0	0.0	0.0
Node 447		0.0	0.0	1.32445	0.7467900000000001	0.67791	0.0	0.96401	0.68464	0.7963899999999999	0.0	0.95784	1.65499	0.0	0.58399	0.0	1.55619	0.7793300000000001	0.99405	0.0	0.0	0.0	0.0	0.0
Node 183		2.1957	0.0	0.0	0.0	0.66248	0.85022	0.9969399999999999	0.0	0.64169	0.57091	0.0	0.99317	0.68459	0.83643	0.6262099999999999	0.0	0.0	0.0	0.0	0.0	0.0	0.0	0.0
Node 259		0.5405	2.72465	1.69639	0.7056899999999999	0.0	0.0	0.0	0.53518	0.0	0.57091	0.86319	0.99317	0.86202	0.58399	0.8754299999999999	0.0	0.50058	0.66809	0.0	0.0	0.0	0.0	0.0
Node 439		0.5405	0.0	1.32445	0.62758	1.34684	0.73765	0.0	0.68464	1.42082	3.00226	0.88468	0.77967	0.0	0.83643	0.0	0.64723	2.10176	1.26421	0.0	0.0	0.0	0.0	0.0
Node 222		0.0	0.0	1.7400100000000003	0.0	0.65606	0.57417	1.71625	0.8216899999999999	1.42082	0.0	2.44526	0.0	1.82118	0.0	0.0	0.9565300000000001	0.0	2.08685	0.0	0.0	0.0	0.0	0.0
Node 324		1.0956000000000001	0.0	0.55987	1.45715	2.23274	0.0	1.92883	2.17786	0.7065100000000001	0.9272	2.17584	0.7605200000000001	0.0	0.0	0.0	0.0	0.90246	0.0	0.0	0.0	0.0	0.0	0.0
Node 430		1.70557	1.8577	0.84863	0.64734	0.0	0.57417	0.0	0.8216899999999999	0.0	1.40746	0.57429	1.44242	2.51836	0.0	0.0	0.0	0.50058	0.9405600000000001	0.0	0.0	0.0	0.0	0.0
Node 488		0.0	1.79902	0.0	0.0	0.0	0.0	0.66374	0.8216899999999999	0.7065100000000001	0.9272	1.84252	0.0	0.0	1.80663	1.29145	0.0	0.0	0.0	0.52026	0.0	0.0	0.0	0.0
Node 135		0.5405	0.0	0.84863	1.1621299999999999	0.6689299999999999	0.52436	0.0	0.0	0.64169	0.9272	0.0	0.0	0.0	1.7356699999999998	1.48848	0.9565300000000001	1.78946	0.84992	0.0	0.0	0.0	0.0	0.0
Node 273		0.0	0.0	0.0	0.7467900000000001	0.0	0.0	1.92883	0.8216899999999999	0.64169	2.2813	1.48607	0.0	0.0	0.58399	1.6299899999999998	1.5738800000000002	0.50058	0.9405600000000001	0.0	0.0	0.0	0.0	0.0
Node 469		0.9022199999999999	0.7946099999999999	0.84776	1.33327	1.5792400000000002	1.62597	0.9969399999999999	0.0	0.0	0.9272	0.0	0.77967	0.8667400000000001	0.9702000000000001	1.7033099999999999	0.0	2.20193	0.0	0.0	0.0	0.0	0.0	0.0
Node 217		2.3336099999999997	0.9823200000000001	0.89225	0.62758	0.0	0.0	1.96176	0.0	0.7963899999999999	1.7317699999999998	0.0	2.53336	1.7553400000000001	1.80663	0.6262099999999999	0.0	0.50058	0.0	0.5955199999999999	0.0	0.0	0.0	0.0
Node 134		0.0	1.74233	1.7400100000000003	0.99278	1.57026	1.4093	0.9648199999999999	0.67153	0.7963899999999999	0.0	0.0	2.48134	0.0	0.58399	1.4213099999999999	0.9565300000000001	0.0	0.9405600000000001	0.0	0.0	0.0	0.0	0.0
Node 38		0.9022199999999999	0.0	0.84776	1.39413	0.65606	0.0	0.0	0.67153	1.98084	0.0	1.50428	0.7605200000000001	1.84304	0.0	0.94875	0.0	0.0	0.0	0.0	0.0	0.0	0.0	0.0
Node 417		0.5405	1.8031100000000002	0.55987	1.39413	1.34039	0.85022	0.0	0.0	0.0	0.8962100000000001	0.0	0.0	1.82118	0.0	0.75456	0.0	2.39838	0.0	0.0	0.0	0.0	0.0	0.0
Node 306		0.69301	1.8577	1.7400100000000003	1.69847	1.34039	0.0	1.96584	0.8216899999999999	0.0	0.77788	0.0	0.81657	1.74607	0.58399	0.0	0.62854	0.50058	2.25826	0.0	0.0	0.0	0.0	0.0
Node 456		1.46027	0.0	0.89225	0.0	0.0	0.0	0.9969399999999999	2.6072	0.64169	0.0	1.50428	0.7605200000000001	0.95444	0.0	1.37096	1.2282	0.0	0.0	0.0	0.0	0.0	0.0	0.0
Node 180		0.5551	0.0	0.84776	0.8295699999999999	1.74913	0.0	1.89333	0.68464	2.02599	0.77788	0.0	0.7605200000000001	0.0	1.5541900000000002	0.66524	0.9565300000000001	1.8978	0.67669	0.96075	0.0	0.0	0.0	0.0
Node 200		0.0	0.0	0.55987	0.64734	0.0	0.85022	0.0	0.0	0.0	1.74138	1.57991	0.77967	0.8793300000000001	0.0	0.75456	0.5996600000000001	1.40304	0.0	0.0	0.0	0.0	0.0	0.0
Node 419		0.0	0.78625	0.0	1.6203599999999998	0.0	0.0	0.0	1.5466499999999999	1.2665300000000002	0.8141799999999999	0.0	0.89285	0.8793300000000001	0.58399	0.0	0.9565300000000001	0.0	2.95237	0.0	0.0	0.0	0.0	0.0
Node 121		0.9022199999999999	0.8167000000000001	1.69639	1.5075699999999999	0.0	1.35771	0.0	0.8216899999999999	0.62443	0.56159	1.84252	0.0	0.0	0.0	0.0	0.64723	0.0	0.0	0.0	0.0	0.0	0.0	0.0
Node 362		1.59523	0.9823200000000001	0.0	2.21326	0.67791	0.52436	1.9337199999999999	0.0	0.0	3.1722	0.0	1.41353	0.0	0.0	0.0	1.7702200000000001	0.50058	0.9405600000000001	0.0	0.0	0.0	0.0	0.0
Node 139		0.5405	0.98641	0.88158	2.25436	0.67791	0.57417	0.0	0.8216899999999999	0.0	0.0	0.6196	0.72765	0.0	1.5541900000000002	1.3931799999999999	1.2282	0.0	0.0	0.0	0.0	0.0	0.0	0.0
Node 167		0.9051699999999999	0.8167000000000001	0.55987	0.64734	0.0	0.0	1.73325	0.0	0.0	1.82341	0.0	2.50049	0.86202	0.58399	0.7669699999999999	1.18272	1.14907	1.66708	0.0	0.0	0.0	0.0	0.0
Node 2		2.00077	2.78627	1.6123399999999999	0.0	1.34039	1.3745800000000001	1.96176	0.0	1.8909599999999998	0.0	0.88468	0.89285	0.95444	0.58399	0.0	0.0	0.90246	0.6086	0.96075	0.0	0.0	0.0	0.0
Node 358		1.0956000000000001	0.0	0.0	1.39413	0.0	1.45911	0.9969399999999999	0.8751200000000001	1.18445	0.57091	0.86647	2.53336	0.0	1.5541900000000002	0.0	0.0	0.50058	0.6086	0.0	0.0	0.0	0.0	0.0
Node 55		0.0	0.8167000000000001	1.7400100000000003	0.0	1.34684	0.0	0.0	0.67153	0.0	0.87682	0.88468	0.99317	0.0	0.0	0.0	0.9565300000000001	0.0	0.0	0.96075	0.0	0.0	0.0	0.0
Node 230		0.0	0.9823200000000001	0.0	0.64734	0.0	1.42439	0.96401	0.8216899999999999	0.64169	0.0	0.86319	0.0	0.8793300000000001	1.80663	0.0	0.62854	1.14907	0.6086	1.50325	0.0	0.0	0.0	0.0
Node 78		1.53583	0.9823200000000001	1.6123399999999999	2.93662	0.0	2.14799	0.0	0.67153	0.56002	0.87682	0.0	1.54274	0.8886	1.5541900000000002	2.05842	0.62854	0.0	0.9405600000000001	0.0	0.0	0.0	0.0	0.0
Node 375		0.0	0.0	0.0	0.0	0.66248	0.0	0.96401	0.68464	0.0	0.8141799999999999	1.84252	0.0	0.65625	1.34946	0.66524	0.0	0.0	0.0	0.0	0.0	0.0	0.0	0.0
Node 147		0.0	0.0	0.9776999999999999	0.64734	0.0	0.0	1.92883	0.91039	0.0	0.0	0.88468	0.77967	0.0	0.0	0.66524	0.0	1.68847	0.72652	0.96075	0.0	0.0	0.0	0.0
Node 244		1.70557	0.7946099999999999	0.0	0.62758	0.7591600000000001	0.73765	0.0	0.91039	0.0	0.0	0.0	0.65139	0.0	1.80663	0.66524	0.0	0.0	0.67669	0.0	0.0	0.0	0.0	0.0
Node 454		1.0956000000000001	0.8167000000000001	1.42038	0.0	1.33141	1.45911	0.96401	0.0	1.18445	0.8962100000000001	1.50428	0.77967	0.8886	0.0	0.75456	1.72869	0.0	1.14629	0.0	0.0	0.0	0.0	0.0
Node 425		0.0	0.0	0.55987	0.0	0.0	0.85022	0.0	0.67153	2.53265	1.6740899999999999	1.2416699999999998	0.7605200000000001	2.41159	0.0	0.66524	0.0	0.0	1.87281	0.0	0.0	0.0	0.0	0.0
Node 177		0.5405	1.69208	1.7408799999999998	0.0	0.0	0.0	1.68332	0.0	0.0	1.49811	0.0	2.40017	0.8667400000000001	1.5541900000000002	0.6262099999999999	0.0	0.5581	0.72652	0.0	0.0	0.0	0.0	0.0
Node 107		0.0	0.9823200000000001	1.6123399999999999	0.7467900000000001	1.33141	0.7757499999999999	0.0	0.0	0.0	0.77788	1.84252	0.89285	1.83377	0.83643	0.75456	0.0	0.0	0.6086	0.96075	0.0	0.0	0.0	0.0
Node 155		0.5405	0.0	0.89225	0.64734	0.0	0.0	1.93291	0.0	0.7065100000000001	1.3487900000000002	0.69739	0.0	1.7553400000000001	0.9702000000000001	0.0	1.51108	0.90246	1.40321	0.0	0.0	0.0	0.0	0.0
Node 122		0.5551	0.0	1.12568	1.1621299999999999	0.0	0.57417	0.0	0.0	1.18445	2.31229	0.86319	0.81657	0.95444	0.0	0.73392	2.0317000000000003	0.50058	0.67669	0.0	0.0	0.0	0.0	0.0
Node 204		0.0	0.9823200000000001	0.55987	0.7467900000000001	1.25168	0.73765	0.9648199999999999	0.0	0.62443	0.0	0.0	0.72765	3.36603	0.9702000000000001	0.6262099999999999	0.0	0.90246	0.9405600000000001	0.0	0.0	0.0	0.0	0.0
Node 311		0.0	0.9823200000000001	1.70827	0.0	1.33141	1.5901800000000001	1.92883	2.45704	1.2665300000000002	0.0	1.74787	0.0	0.8793300000000001	0.0	0.0	0.0	0.0	1.88247	0.0	0.0	0.0	0.0	0.0
Node 464		2.24607	0.0	1.40763	0.5147900000000001	0.0	1.42439	0.9969399999999999	0.8216899999999999	0.7963899999999999	1.70559	0.6196	0.7605200000000001	0.0	0.0	0.0	0.0	0.0	0.67669	0.0	0.0	0.0	0.0	0.0
Node 232		1.44567	0.9823200000000001	0.0	2.13515	0.0	1.42439	0.9969399999999999	0.0	1.4380799999999998	0.0	1.5605799999999999	1.6533699999999998	0.0	0.0	0.94875	0.7721600000000001	0.0	0.67669	1.50325	0.0	0.0	0.0	0.0
Node 357		0.0	1.93413	0.55987	1.26158	0.6689299999999999	0.85022	1.93291	0.0	0.56002	3.00226	0.88468	1.54019	0.0	1.5541900000000002	1.3931799999999999	0.9565300000000001	1.40304	0.0	0.0	0.0	0.0	0.0	0.0
Node 191		0.0	0.0	0.84776	1.73957	0.0	0.0	1.96176	0.0	0.0	0.8141799999999999	0.0	0.7605200000000001	1.5229899999999998	0.58399	0.73392	0.0	0.6931299999999999	0.0	0.0	0.0	0.0	0.0	0.0
Node 199		0.5551	0.7946099999999999	0.0	0.0	0.0	0.73765	0.0	0.8216899999999999	0.62443	0.0	0.0	0.72765	0.8793300000000001	0.58399	0.0	0.9565300000000001	1.14907	1.40321	0.0	0.0	0.0	0.0	0.0
Node 459		0.73543	2.59363	0.55987	0.0	0.0	0.0	0.0	1.5819199999999998	0.62443	0.0	1.58207	0.0	1.74607	0.58399	1.6826699999999999	0.5996600000000001	0.69872	0.0	0.0	0.0	0.0	0.0	0.0
Node 25		2.88576	1.79902	3.8813500000000003	0.0	1.3339699999999999	0.0	0.9969399999999999	0.0	0.62443	2.245	1.5774400000000002	0.7605200000000001	0.8793300000000001	0.0	0.0	0.0	0.6931299999999999	0.0	0.0	0.0	0.0	0.0	0.0
Node 350		0.5551	0.94772	0.0	0.5147900000000001	0.0	0.0	0.0	2.54921	0.56002	1.63408	0.0	1.57709	0.0	0.0	0.0	0.0	0.0	1.14629	0.0	0.0	0.0	0.0	0.0
Node 39		0.0	2.59363	0.84776	2.60962	0.65606	0.85022	0.0	0.8216899999999999	0.62443	0.8962100000000001	0.69739	0.77967	1.50881	0.0	0.0	0.55418	0.50058	0.0	0.0	0.0	0.0	0.0	0.0
Node 18		0.0	0.9823200000000001	1.40763	0.9695	2.0841499999999997	0.8849400000000001	0.0	0.0	0.62443	0.8962100000000001	0.0	0.0	0.0	2.495	0.66524	1.2282	0.0	0.9405600000000001	0.0	0.0	0.0	0.0	0.0
Node 305		0.5551	0.94772	0.0	0.0	0.6689299999999999	0.0	0.96401	0.0	0.7963899999999999	0.57091	1.58207	0.89285	0.0	0.0	0.0	0.0	0.9953399999999999	0.0	0.0	0.0	0.0	0.0	0.0
Node 105		1.7886099999999998	0.0	0.55987	0.0	2.13924	0.85022	0.9969399999999999	0.0	1.18445	0.57091	0.0	0.0	0.0	1.5541900000000002	0.66524	1.2282	0.90246	2.28534	0.0	0.0	0.0	0.0	0.0
Node 36		0.5405	1.8577	0.76458	1.27492	0.66248	0.85022	0.9648199999999999	1.50633	1.82614	0.0	0.88468	0.89285	0.8886	0.86985	0.0	0.0	0.69872	0.6086	0.0	0.0	0.0	0.0	0.0
Node 393		0.5405	0.0	1.40763	0.0	0.6689299999999999	0.0	0.0	1.5466499999999999	0.0	0.9272	0.0	0.7605200000000001	0.8886	1.7185099999999998	0.66524	0.64723	0.0	0.0	0.0	0.0	0.0	0.0	0.0
Node 285		0.5405	0.0	0.84863	0.0	0.90133	0.0	0.9689	0.68464	1.38511	0.0	0.95784	0.77967	0.0	0.8486600000000001	0.0	0.0	0.0	0.66809	0.90773	0.0	0.0	0.0	0.0
Node 49		0.0	0.0	0.9776999999999999	1.27492	0.0	0.0	0.96401	0.67153	0.7065100000000001	0.8962100000000001	0.0	1.54019	0.0	2.40285	1.48848	0.0	0.0	0.84992	0.0	0.0	0.0	0.0	0.0
Node 60		0.0	0.8167000000000001	1.7091399999999999	1.69847	1.34039	0.0	2.65222	0.8216899999999999	0.62443	0.77788	0.6196	2.53336	0.0	0.0	0.0	0.0	2.34777	0.9405600000000001	0.0	0.0	0.0	0.0	0.0
Node 414		0.73543	0.9823200000000001	1.70827	1.5075699999999999	0.67791	0.0	0.96401	0.68464	0.62443	0.7572599999999999	0.0	0.99317	0.8886	0.0	0.0	0.0	0.0	0.0	0.0	0.0	0.0	0.0	0.0
Node 462		0.8004000000000001	0.9823200000000001	1.7091399999999999	0.0	0.6689299999999999	0.73765	0.9648199999999999	0.91039	0.7065100000000001	0.0	1.5605799999999999	0.0	0.8793300000000001	1.81886	0.0	1.2282	1.4565	0.72652	0.0	0.0	0.0	0.0	0.0
Node 195		0.5551	1.8577	0.89225	0.0	0.0	0.0	0.9969399999999999	0.0	1.33094	0.9272	1.5774400000000002	0.77967	0.8793300000000001	0.0	1.57496	0.9565300000000001	0.0	2.01181	0.0	0.0	0.0	0.0	0.0
Node 353		0.0	1.74233	2.58864	0.7467900000000001	0.0	2.12492	1.4280899999999999	0.7636999999999999	0.0	1.3487900000000002	0.88468	0.89285	0.95444	0.0	0.6262099999999999	1.37182	0.0	0.0	0.0	0.0	0.0	0.0	0.0
Node 363		0.9051699999999999	0.0	0.0	2.0217099999999997	0.65606	0.0	0.9969399999999999	0.91039	0.7963899999999999	3.2085000000000004	0.69739	1.48817	0.8793300000000001	0.7654700000000001	0.6262099999999999	0.0	0.90246	1.26421	0.96075	0.0	0.0	0.0	0.0
Node 119		0.0	1.79902	0.84776	0.7467900000000001	0.0	0.0	0.0	0.0	0.64169	0.8962100000000001	0.0	1.72082	0.95444	1.6453900000000001	0.6262099999999999	0.0	0.90246	0.9405600000000001	0.0	0.0	0.0	0.0	0.0
Node 194		1.6406	0.0	0.8605099999999999	1.1621299999999999	0.6689299999999999	1.3745800000000001	0.0	0.0	0.0	0.9272	1.5605799999999999	0.89285	0.8793300000000001	0.0	0.6262099999999999	0.0	0.90246	0.9405600000000001	0.0	0.0	0.0	0.0	0.0
Node 476		1.46027	0.7946099999999999	1.69639	2.49646	0.6689299999999999	0.85022	1.76129	0.0	0.0	0.8962100000000001	0.88468	0.0	0.8793300000000001	0.58399	1.4198	0.0	0.90246	1.88247	1.42799	0.0	0.0	0.0	0.0
Node 310		1.46027	0.8167000000000001	0.8605099999999999	0.0	0.66248	0.85022	2.72611	0.85889	0.0	0.8962100000000001	0.88468	0.77967	0.95444	0.0	0.6262099999999999	0.9565300000000001	0.0	0.0	0.0	0.0	0.0	0.0	0.0
Node 124		0.5405	0.0	0.0	0.99278	0.6689299999999999	0.85022	0.9969399999999999	0.68464	0.0	0.57091	0.0	0.0	0.0	1.80663	1.29145	0.0	1.4959200000000001	0.9405600000000001	0.0	0.0	0.0	0.0	0.0
Node 470		0.69301	0.9823200000000001	0.84863	1.22048	0.6689299999999999	0.52436	0.71931	1.5466499999999999	0.0	0.57091	0.88468	0.0	0.0	0.0	0.0	0.0	0.0	0.66809	0.0	0.0	0.0	0.0	0.0
