Node 21		6.46317	6.04227	3.3692399999999996	8.28983	4.6193100000000005	3.6947599999999996	2.83306	5.8942000000000005	7.59793	2.9423399999999997	4.9409	4.143050000000001	6.74668	2.33512	1.91504	5.37687	4.0145599999999995	2.56181	4.74446	0.0	0.0	0.0	0.0
Node 176		3.75941	0.8004000000000001	4.96636	6.749670000000001	11.84423	1.3403500000000002	4.43917	4.18491	5.06316	7.14728	2.6587	6.95964	9.3029	4.8590599999999995	4.5343	5.6603	7.29644	8.85299	4.5783499999999995	1.1198	0.0	0.0	0.0
Node 189		3.5524199999999997	7.63418	4.86559	8.91597	7.91461	2.50478	1.9663	6.600770000000001	3.9537999999999998	3.8157200000000002	5.07037	1.53939	4.87236	4.94449	5.532030000000001	6.78187	6.60106	3.7856099999999997	3.4977899999999997	0.7885700000000001	0.0	0.0	0.0
Node 26		2.98169	4.95931	9.00345	3.92562	5.79552	4.98386	3.9015099999999996	5.70936	6.363729999999999	4.38493	5.46784	7.533670000000001	4.34689	4.74367	3.4951000000000003	6.77923	6.43673	6.32804	5.3156	2.30565	0.0	0.0	0.0
Node 55		4.25143	4.054139999999999	6.22462	2.54428	7.0369600000000005	5.633719999999999	9.38281	6.12056	6.19191	4.25571	4.5268299999999995	4.567220000000001	4.97214	2.93744	6.57138	4.92392	7.22179	7.8473	1.31763	0.53308	0.0	0.0	0.0
Node 89		8.3259	5.80736	8.28123	5.894880000000001	6.19883	9.51767	2.55534	4.17035	4.38049	7.4814099999999994	6.41993	3.8222600000000004	7.89893	4.5502	6.7786100000000005	3.79998	5.31628	6.72502	0.53308	1.32165	0.0	0.0	0.0
Node 175		4.695930000000001	6.3566899999999995	5.28746	5.0725	7.49001	5.97056	6.21721	4.87163	5.32362	5.83859	7.984249999999999	5.72438	9.94736	4.96847	6.3218700000000005	8.0952	4.18761	6.97849	3.9531400000000003	0.7885700000000001	0.0	0.0	0.0
Node 37		3.94577	2.34994	8.431510000000001	6.78146	8.41893	6.11301	4.78303	4.98753	7.29822	8.45035	5.77162	1.9152900000000002	4.66578	5.14788	1.28729	3.62809	2.36749	5.29406	4.29227	1.51708	0.0	0.0	0.0
Node 59		5.87016	8.37801	6.22351	6.93922	7.25542	4.81043	4.6772599999999995	4.2025500000000005	9.5193	5.92404	4.35484	5.25839	4.2386	4.294980000000001	6.21361	8.4304	3.4329699999999996	1.7859900000000002	5.8108699999999995	0.0	0.0	0.0	0.0
Node 8		3.34645	0.9051699999999999	6.09393	4.38784	3.60172	2.9248	3.1636900000000003	6.05379	5.7296	5.69331	3.71709	4.50683	6.156	6.23712	1.40828	5.61204	4.24868	7.596010000000001	4.72229	2.2520100000000003	0.0	0.0	0.0
Node 32		4.26665	4.73267	9.43783	3.44521	13.41594	3.23013	4.20039	7.03305	8.42427	4.983	4.50941	6.02565	7.62338	5.74461	3.99325	4.78749	7.092020000000001	4.86622	6.457300000000001	1.71893	0.0	0.0	0.0
Node 106		5.88467	6.1568499999999995	4.33382	2.25392	4.44531	6.19785	2.7784	2.55666	5.51237	3.8678299999999997	1.66425	3.63453	7.03365	5.19452	5.57446	6.46817	5.46284	3.23904	4.23478	0.0	0.0	0.0	0.0
Node 103		4.81853	5.76602	3.35226	4.8995999999999995	7.7203599999999994	4.81802	3.64768	1.32687	3.10663	4.880170000000001	4.42145	6.400740000000001	7.9614400000000005	6.11388	5.46216	7.126879999999999	4.9405	6.54994	6.1094	2.2520100000000003	0.0	0.0	0.0
Node 131		2.91385	3.7419000000000002	9.69377	7.17412	4.47548	4.71866	1.40985	5.24074	5.2021	5.65953	6.00172	6.71556	6.794360000000001	6.21331	4.28284	0.0	7.21701	5.15288	3.79792	0.7885700000000001	0.0	0.0	0.0
Node 72		2.271	6.51181	4.28478	6.76928	6.958150000000001	5.146669999999999	2.63673	6.31858	5.620979999999999	6.25298	8.34239	4.4295599999999995	6.37553	4.6530700000000005	7.1228299999999996	5.57459	8.25843	6.3095300000000005	5.68935	1.3752900000000001	0.0	0.0	0.0
Node 193		7.35459	4.2419199999999995	8.576590000000001	0.84863	7.9818	4.60501	2.62537	4.6526499999999995	9.01334	7.792599999999999	7.37655	4.80909	8.83993	4.52812	2.9541399999999998	8.338429999999999	4.43391	3.36934	3.4521499999999996	0.0	0.0	0.0	0.0
Node 29		5.09777	6.03721	3.9134599999999997	6.65196	7.41935	3.40557	6.1214900000000005	5.50339	5.38809	3.34324	1.8570300000000002	5.78106	7.18125	4.73231	3.44659	4.60095	6.09692	5.371	6.025119999999999	0.58672	0.0	0.0	0.0
Node 110		3.8968000000000003	3.8492100000000002	6.15935	4.74559	8.07357	2.5998799999999997	3.6449299999999996	3.76532	8.620379999999999	9.0901	2.13503	5.74723	8.51605	2.8175700000000004	6.69872	3.7119600000000004	5.52616	4.07124	4.2884199999999995	0.0	0.0	0.0	0.0
Node 4		5.888170000000001	8.12753	4.94855	6.6326	6.329070000000001	5.71036	4.00749	4.79097	7.74411	6.34811	6.34532	2.94115	3.7273	6.88147	4.21652	6.18111	7.61327	1.64353	3.6956200000000003	2.2520100000000003	0.0	0.0	0.0
Node 15		2.9433000000000002	7.80236	4.799119999999999	3.30907	7.06082	6.0928700000000005	4.58818	5.765569999999999	3.51681	2.3285199999999997	6.732730000000001	4.93481	2.57932	2.26968	1.6347500000000001	7.290299999999999	2.68317	7.808180000000001	6.5441899999999995	1.32165	0.0	0.0	0.0
Node 60		5.30171	3.59366	5.1644000000000005	5.79654	5.99938	4.84516	4.58355	4.206519999999999	3.76008	5.78889	4.8933	4.93338	6.76461	1.18402	6.45669	9.10151	7.532279999999999	3.9061600000000003	5.72022	0.7885700000000001	0.0	0.0	0.0
Node 97		2.23734	4.64938	2.5791600000000003	6.65081	5.57072	4.83321	7.90375	4.624700000000001	7.66993	5.42573	1.78105	3.43122	4.17079	5.97342	3.45765	5.30253	4.39273	8.818710000000001	3.35802	0.0	0.0	0.0	0.0
Node 148		4.7102699999999995	6.00808	3.56567	7.07468	8.010670000000001	3.36198	2.72687	4.81358	7.480199999999999	6.2810500000000005	3.98141	4.5379700000000005	8.79818	4.69073	7.43558	4.478879999999999	7.59084	7.75098	4.98213	0.0	0.0	0.0	0.0
Node 113		3.86735	6.98986	5.15556	3.92584	8.51712	5.7820599999999995	7.907509999999999	3.5356699999999996	3.1997	5.26337	7.536429999999999	6.7824599999999995	9.39605	3.4725800000000002	3.25307	4.477869999999999	5.44885	2.93406	6.18336	0.53308	0.0	0.0	0.0
Node 3		2.16336	5.08085	5.1550899999999995	7.04467	3.88861	5.49805	5.6385	6.8358	9.2973	7.382809999999999	5.86478	3.9128000000000003	2.8900200000000003	4.13621	7.47007	7.56697	3.51141	2.52353	5.1863	0.0	0.0	0.0	0.0
Node 172		1.53444	4.4193999999999996	5.9882100000000005	7.13424	4.6442	6.3292	2.99475	5.15285	8.16125	3.74432	8.43414	2.16704	4.322030000000001	3.09963	4.67812	7.7808399999999995	3.97398	4.50425	1.6359700000000001	1.3752900000000001	0.0	0.0	0.0
Node 118		5.31161	2.8942	4.70046	6.404780000000001	2.74924	4.75455	5.78589	3.28545	4.58784	2.61507	4.96707	4.32963	2.60568	4.0313799999999995	6.8201	10.814490000000001	5.5545	5.657290000000001	5.87822	0.7885700000000001	0.0	0.0	0.0
Node 107		5.7304	2.6320099999999997	6.03405	3.6377699999999997	10.42328	5.35128	0.76408	4.00672	7.15874	1.97154	4.66878	7.104299999999999	9.63095	6.14259	6.289160000000001	5.41883	4.87219	6.31836	7.34004	1.46344	0.0	0.0	0.0
Node 11		5.17579	4.5006200000000005	4.71798	7.79897	7.76464	4.400980000000001	4.82481	2.48095	1.39451	6.29659	6.658219999999999	8.84486	5.70632	4.67598	9.08706	7.2966500000000005	6.7801100000000005	5.10963	5.53123	0.0	0.0	0.0	0.0
Node 155		3.53047	2.42029	6.1132800000000005	6.44118	9.21487	5.4314599999999995	3.4592699999999996	5.98123	7.33881	5.6045	7.02197	9.56473	4.828989999999999	2.18797	4.34917	6.7594199999999995	0.75483	4.77405	3.87747	0.9303600000000001	0.0	0.0	0.0
Node 108		4.01675	3.50797	6.87841	3.95919	6.0639899999999995	4.16518	6.487519999999999	3.40192	3.31317	3.35904	7.723280000000001	7.25171	10.41279	4.2191399999999994	6.721839999999999	6.94675	5.823869999999999	6.1095	4.9021799999999995	0.7885700000000001	0.0	0.0	0.0
Node 125		3.304	7.54073	4.296819999999999	7.222480000000001	7.65774	6.58068	6.577249999999999	6.71651	7.3503799999999995	4.88641	4.92813	8.48562	3.2240499999999996	5.46918	6.73291	8.78348	0.95605	4.18862	5.41711	0.58672	0.0	0.0	0.0
Node 56		6.341380000000001	6.88086	6.67225	8.54338	5.92723	4.93382	4.537059999999999	3.84567	5.74301	4.784610000000001	3.60729	6.06892	4.85684	2.72691	4.615410000000001	6.53745	6.562080000000001	3.3230299999999997	5.44434	0.7885700000000001	0.0	0.0	0.0
Node 139		3.05007	3.60812	0.72441	12.13524	5.20436	5.68597	5.63334	2.90362	10.31203	8.781600000000001	4.74267	0.0	5.11858	2.34415	6.68096	7.79883	8.35302	4.64584	4.96759	0.0	0.0	0.0	0.0
Node 96		3.08659	4.07971	5.98425	4.58721	3.3491899999999997	4.35783	4.33262	6.14511	4.50145	6.41183	3.8233200000000003	4.61271	5.09016	3.04103	3.4307600000000003	7.455150000000001	7.048260000000001	6.94925	1.9224100000000002	0.0	0.0	0.0	0.0
Node 51		5.0556	3.7757899999999998	8.81179	2.29395	9.20412	4.15189	3.7483000000000004	5.70082	3.93031	4.3947	6.414159999999999	2.2770200000000003	4.52176	5.08134	2.31685	7.69285	4.6975299999999995	6.501410000000001	6.8368899999999995	1.1198	0.0	0.0	0.0
Node 87		4.85968	8.39293	4.536840000000001	4.8365	7.62012	2.27633	5.38046	5.98849	4.5818200000000004	7.932110000000001	4.35492	12.51654	10.48813	3.4753800000000004	6.74066	4.9885600000000005	5.93075	2.19449	1.56847	1.71893	0.0	0.0	0.0
Node 94		6.98225	5.87918	7.2026699999999995	6.33043	7.1418	1.58028	4.75111	3.76465	3.39806	6.27971	3.1581400000000004	4.258900000000001	5.73349	2.11025	3.6943200000000003	2.31833	8.48152	7.12572	1.55757	2.2520100000000003	0.0	0.0	0.0
Node 85		5.39112	6.98563	2.78189	7.158399999999999	5.42105	3.39589	5.28822	6.55609	6.75867	3.0517	2.45774	8.47697	1.70636	3.19879	3.7055	7.74165	3.6351799999999996	6.2653799999999995	6.512560000000001	0.7885700000000001	0.0	0.0	0.0
Node 150		3.53431	3.60224	5.91152	3.15884	5.72049	6.17607	5.5239400000000005	8.00203	5.58085	5.46861	6.4558599999999995	2.85961	3.73164	6.07216	4.1396500000000005	5.25776	9.58751	4.082319999999999	3.73393	0.53308	0.0	0.0	0.0
Node 180		3.14921	8.82419	5.5508500000000005	2.60933	4.00241	3.2904299999999997	5.35397	5.9715	4.16866	5.676550000000001	9.78822	4.36801	3.5685700000000002	5.25886	4.6241900000000005	4.907360000000001	8.85635	2.8464300000000002	6.52873	2.2520100000000003	0.0	0.0	0.0
Node 196		6.03881	4.568309999999999	6.660760000000001	7.34509	9.65834	8.17347	6.55558	5.545859999999999	7.5018199999999995	7.17034	2.06555	7.21189	5.87366	4.02938	6.15705	3.68471	7.27962	3.33078	6.01419	0.53308	0.0	0.0	0.0
Node 18		5.8333200000000005	6.40288	6.08789	4.76343	5.62756	4.90555	4.5991	4.24007	7.159790000000001	6.20116	7.00017	6.31002	6.366579999999999	3.23564	4.14159	6.1536100000000005	4.92814	4.03516	1.1602899999999998	0.0	0.0	0.0	0.0
Node 46		2.86984	5.5196000000000005	5.1043199999999995	7.14057	3.9988799999999998	5.1446499999999995	4.13711	5.5709599999999995	4.97117	2.9271599999999998	6.33796	6.75555	4.6190500000000005	2.35719	5.98594	6.513059999999999	7.792540000000001	5.01053	5.37468	1.90837	0.0	0.0	0.0
Node 24		4.67302	7.868790000000001	4.18678	7.859439999999999	9.70049	6.11709	7.55415	5.93015	10.41323	2.71685	3.33385	6.3565700000000005	4.25759	1.9521	3.00942	4.70154	6.23744	7.14796	5.14581	1.71893	0.0	0.0	0.0
Node 179		6.34887	4.49081	1.35202	9.05348	7.406949999999999	6.93151	4.23737	5.73876	10.76523	6.27095	8.64729	8.61735	2.11867	4.32027	6.40484	4.873609999999999	5.99507	4.19878	5.7886	1.3752900000000001	0.0	0.0	0.0
Node 185		4.87254	5.73756	5.07321	4.242859999999999	9.23871	8.65825	6.324789999999999	6.59053	2.83472	6.83712	7.980049999999999	8.36153	5.9118900000000005	3.6809700000000003	3.20603	5.72745	6.760149999999999	5.60178	2.40974	0.0	0.0	0.0	0.0
Node 66		2.0554200000000002	9.80785	5.93142	8.09262	5.20076	7.81279	6.6039200000000005	1.87133	5.35423	6.483790000000001	8.44936	7.849780000000001	6.21495	3.73591	5.69841	6.02337	5.1781	4.49253	3.14696	0.7885700000000001	0.0	0.0	0.0
Node 181		5.4025799999999995	8.20849	4.83822	0.55987	7.6238399999999995	3.32584	1.76237	5.01937	4.05706	6.80986	6.21862	6.08732	7.2943999999999996	4.93847	6.00726	3.3878600000000003	4.27067	5.83314	3.06629	1.90837	0.0	0.0	0.0
Node 137		3.60044	4.38941	5.32388	6.11349	5.98698	9.26872	5.00881	3.95664	9.02077	3.94968	4.35783	2.37078	6.77079	3.2572799999999997	0.67634	4.53626	3.4729900000000002	1.36305	7.274909999999999	0.7885700000000001	0.0	0.0	0.0
Node 78		0.6201	5.30081	6.9084	4.874499999999999	9.160260000000001	2.41587	2.9469499999999997	3.92243	3.42016	1.70079	4.31405	5.38737	2.24411	4.05696	4.986	5.41792	7.3933100000000005	4.43817	5.2338000000000005	0.7885700000000001	0.0	0.0	0.0
Node 64		6.54332	3.26177	3.5526	6.642149999999999	8.22797	5.658379999999999	1.99148	5.91201	2.00538	7.69644	6.483890000000001	5.56179	5.8406899999999995	3.97683	6.69872	6.72175	6.424040000000001	6.3610299999999995	5.85444	1.51708	0.0	0.0	0.0
Node 98		2.5602300000000002	6.63556	4.16138	7.37927	5.83247	6.21035	4.09363	3.5192	7.587530000000001	5.09	6.22589	6.289459999999999	8.88544	4.313899999999999	5.15449	3.33089	9.46114	4.63541	3.1759999999999997	2.2520100000000003	0.0	0.0	0.0
Node 167		3.98226	3.1787099999999997	6.36337	7.09141	2.34816	8.02669	4.70888	6.02709	6.30162	6.15586	6.87103	4.92891	7.92317	2.47643	6.524430000000001	7.11066	4.02523	6.80304	3.8541499999999997	0.7885700000000001	0.0	0.0	0.0
Node 61		6.12633	6.806819999999999	5.0501499999999995	6.72663	3.6767000000000003	3.7892799999999998	3.74596	4.19408	7.393750000000001	5.49108	4.88576	7.25643	5.52605	2.63485	7.71011	3.48069	7.69281	3.1667899999999998	5.9025099999999995	1.3752900000000001	0.0	0.0	0.0
Node 12		5.03234	5.26824	5.18823	4.04685	11.04036	4.27713	7.0150500000000005	2.8205500000000003	4.56355	4.4429799999999995	3.82862	0.8989	8.21417	4.77608	8.14971	6.23084	4.40569	5.86226	5.42033	0.7885700000000001	0.0	0.0	0.0
Node 117		4.6157900000000005	5.15902	2.49791	4.18204	9.25575	8.0626	4.79796	6.05428	7.13853	3.52839	6.01598	4.56776	3.63452	6.35917	6.74613	3.67294	5.51171	6.06411	4.76366	2.30565	0.0	0.0	0.0
Node 163		6.94788	1.82549	6.1835	7.579719999999999	6.44225	5.01417	4.52524	4.19444	5.90885	2.14686	4.50889	2.38025	3.8212	3.8445300000000002	5.98991	4.012849999999999	7.99346	6.348660000000001	7.17965	0.9303600000000001	0.0	0.0	0.0
Node 0		4.38488	5.52586	3.4535799999999997	5.0533399999999995	8.762739999999999	5.54946	2.9766	4.817	5.44902	4.40802	3.59352	5.14673	9.2451	3.91284	4.85952	6.863759999999999	4.12575	3.01633	4.97557	0.53308	0.0	0.0	0.0
Node 187		3.87549	3.01647	3.85889	5.864260000000001	7.17506	4.77566	5.44423	6.22295	4.2135	7.40145	4.54704	4.8533	3.94582	3.4696	8.736049999999999	4.09287	5.72709	6.27714	7.100099999999999	0.0	0.0	0.0	0.0
Node 188		3.03154	3.49019	6.684660000000001	7.567830000000001	8.089269999999999	6.07439	5.58732	4.2687	5.68156	3.87257	4.49554	4.6146199999999995	1.74775	5.48473	1.40828	4.39556	7.70529	7.9873	6.01958	0.0	0.0	0.0	0.0
Node 132		3.89416	5.65888	0.9823200000000001	5.82229	7.8349	3.5194	6.70448	7.209899999999999	5.55005	3.65814	0.99781	9.7343	5.37829	3.2389099999999997	4.59898	4.8569	2.67225	5.03994	5.76526	1.90837	0.0	0.0	0.0
Node 43		2.0740499999999997	6.7947999999999995	2.38956	7.37715	7.60516	4.17034	7.92165	4.0649999999999995	9.08269	2.42015	8.882819999999999	6.811540000000001	4.93402	1.87429	7.57119	4.07114	7.0496	7.83601	1.93236	0.53308	0.0	0.0	0.0
Node 158		6.710629999999999	5.44617	4.84614	3.98018	4.44132	3.97102	4.56551	5.00397	4.63481	6.11685	3.0836200000000002	5.5402	6.3219899999999996	4.910810000000001	1.5268300000000001	10.77181	3.40497	3.92873	3.48075	0.7885700000000001	0.0	0.0	0.0
Node 121		4.63644	5.52969	7.97987	4.1111	8.280619999999999	5.27724	2.8944199999999998	4.3425	5.45572	10.156030000000001	8.86526	5.10475	4.025399999999999	4.33882	3.2695700000000003	3.3718600000000003	6.66384	5.26719	6.19491	0.9303600000000001	0.0	0.0	0.0
Node 144		4.44344	2.3022899999999997	5.76995	4.90529	5.24591	7.77095	5.82568	4.2909500000000005	7.47435	5.20812	2.4453	6.84528	2.17442	2.47416	8.32047	9.495330000000001	3.86433	8.488990000000001	5.138050000000001	0.7885700000000001	0.0	0.0	0.0
Node 138		5.45418	6.26847	7.59045	5.52661	9.23873	5.29877	3.27001	2.82479	8.27888	4.911630000000001	2.38376	5.0011600000000005	7.510840000000001	7.17464	3.82415	3.979	0.0	8.32239	3.2568600000000005	0.0	0.0	0.0	0.0
Node 30		4.42015	5.8980999999999995	4.53297	6.905390000000001	6.73437	2.21264	5.900650000000001	5.57318	3.95949	6.92841	4.6628099999999995	0.7427600000000001	7.93845	1.83257	2.15741	6.70889	4.114990000000001	4.41727	5.15032	1.71893	0.0	0.0	0.0
Node 101		2.26208	7.10924	3.32256	5.913729999999999	11.94829	6.89258	0.9544699999999999	6.2059299999999995	4.3151399999999995	6.12064	4.09199	4.78188	7.02443	5.97409	6.9111	5.16588	6.39145	4.63485	4.75789	0.0	0.0	0.0	0.0
Node 128		7.51942	3.52115	4.10784	4.98317	7.0141800000000005	5.95915	5.46443	7.54493	6.6178	0.59157	6.69801	8.0041	7.873670000000001	2.09576	8.93612	5.91045	6.705120000000001	7.165430000000001	4.22958	1.3752900000000001	0.0	0.0	0.0
Node 141		3.7312900000000004	3.1151600000000004	7.93349	7.409839999999999	9.90329	4.1174	1.35763	8.3529	7.752689999999999	5.00213	8.96358	6.3764199999999995	6.00446	6.16453	6.57773	2.30384	4.54654	3.7484	3.35552	0.7885700000000001	0.0	0.0	0.0
Node 197		2.88218	7.11261	1.65585	3.1869899999999998	7.755090000000001	4.5591800000000005	3.1752599999999997	4.11416	10.51323	4.77621	6.311509999999999	7.28736	3.05543	2.53331	2.16943	3.83514	7.315	2.6266000000000003	3.78103	0.53308	0.0	0.0	0.0
Node 91		5.20022	6.32898	6.24452	5.132140000000001	7.878499999999999	3.59755	2.39622	3.44535	0.85667	7.1386400000000005	5.08327	5.90049	7.86036	2.83229	5.97912	3.8806100000000003	4.02912	6.1873499999999995	5.72026	2.2520100000000003	0.0	0.0	0.0
Node 184		4.032850000000001	5.41023	4.89731	5.14038	5.08381	7.1973400000000005	5.87072	4.80033	5.6406	2.76864	5.01164	5.52086	9.44296	5.46138	6.721839999999999	5.1293	3.9752799999999997	6.052090000000001	5.42162	1.32165	0.0	0.0	0.0
Node 161		5.28387	4.26389	5.5098	0.96711	6.22297	1.75078	4.0579	4.45107	6.02219	9.407269999999999	5.71099	7.12096	3.50568	3.7248499999999996	5.83385	2.12551	6.499720000000001	4.45876	3.7233	1.32165	0.0	0.0	0.0
Node 17		3.54002	3.7742199999999997	6.06403	5.85111	6.254270000000001	7.75957	3.6313699999999995	5.02537	5.46342	9.1831	3.1770199999999997	5.67603	8.27826	2.60736	6.05908	3.51235	4.44379	5.44576	3.8828	0.7885700000000001	0.0	0.0	0.0
Node 76		5.07306	7.65339	3.95058	5.9174999999999995	7.1464799999999995	2.29871	4.13105	3.5827299999999997	6.62965	3.07685	6.85664	6.209350000000001	4.352609999999999	3.7859700000000003	4.7544	3.6892899999999997	6.68265	5.37431	5.8156300000000005	1.3752900000000001	0.0	0.0	0.0
Node 104		2.10728	7.14948	7.16059	2.3898800000000002	5.49327	4.01366	4.84215	4.49681	10.52604	2.92155	7.667540000000001	6.97644	8.402	1.97143	5.0295	6.378340000000001	5.80009	5.528779999999999	4.370340000000001	0.0	0.0	0.0	0.0
Node 48		3.8781299999999996	5.9124099999999995	6.7128	6.22588	3.06663	4.45014	7.156129999999999	4.68953	3.86739	4.62016	6.89128	8.51686	2.9938599999999997	2.31847	4.03949	2.7694199999999998	6.9436	5.59528	4.857340000000001	0.7885700000000001	0.0	0.0	0.0
Node 133		5.92569	4.32115	3.48855	7.314170000000001	7.7369900000000005	6.6259	6.04133	4.7532	6.69559	4.18602	6.9878599999999995	5.65929	7.0396	4.78439	9.27165	7.73996	8.42645	2.77076	4.71643	0.7885700000000001	0.0	0.0	0.0
Node 13		2.7436	3.05302	3.3682200000000004	3.3082000000000003	7.66468	6.09049	4.78993	3.3822699999999997	6.545090000000001	9.06701	3.0079100000000003	5.92119	8.86173	1.5502200000000002	5.97532	4.400119999999999	4.67014	3.949	3.5065899999999997	0.0	0.0	0.0	0.0
Node 68		3.0441800000000003	7.786129999999999	7.67573	7.426049999999999	6.99693	2.12092	6.22225	5.96143	8.09801	3.80564	4.87586	3.30661	2.96537	3.9298100000000002	4.09879	6.21455	4.0555	6.91342	4.51881	2.2520100000000003	0.0	0.0	0.0
Node 136		4.55583	5.47847	7.416259999999999	6.55678	5.44489	6.739249999999999	5.70254	6.525690000000001	3.64181	8.97914	6.645099999999999	5.7314	4.51724	5.31989	7.99657	7.71835	4.68948	4.5751100000000005	4.16204	0.7885700000000001	0.0	0.0	0.0
Node 1		5.2401	5.888809999999999	8.45717	6.60444	5.597300000000001	5.01293	4.2083	5.1448	2.54139	5.67753	4.76852	5.25286	3.77103	4.6116	2.57769	6.29354	5.519410000000001	5.139069999999999	3.60149	1.32165	0.0	0.0	0.0
Node 74		4.089799999999999	6.947780000000001	4.35321	5.06862	6.590070000000001	5.82697	4.21024	7.445110000000001	3.00236	7.5849	6.88265	5.160270000000001	3.58077	4.478610000000001	6.8687700000000005	2.2606100000000002	5.68623	6.05044	4.14016	0.7885700000000001	0.0	0.0	0.0
Node 38		5.0918	0.7501599999999999	4.76879	2.49749	7.28387	4.1878899999999994	5.25765	3.8699999999999997	7.30513	2.3656900000000003	6.89591	3.6931899999999995	9.65528	5.72419	6.56363	6.7471000000000005	5.08716	3.4195900000000004	1.94649	0.0	0.0	0.0	0.0
Node 198		3.4655400000000003	4.59078	2.3961799999999998	6.56311	10.878540000000001	3.40291	6.70765	5.85316	5.25598	2.86993	4.89506	3.8321199999999997	3.24853	3.5492700000000004	6.1475599999999995	4.5316	5.76732	5.8446299999999995	6.899189999999999	1.3752900000000001	0.0	0.0	0.0
Node 73		4.6387	9.7884	4.89867	4.64783	10.72663	8.53569	5.94262	9.421899999999999	5.84813	4.98912	3.38206	3.12446	5.1333400000000005	4.16117	6.59701	3.6767000000000003	5.58416	4.75121	0.58487	0.58672	0.0	0.0	0.0
Node 95		4.53716	2.47151	7.22652	4.87325	7.61416	4.54994	4.24779	4.44043	4.24141	2.4223000000000003	4.98512	4.13437	7.271990000000001	3.3878600000000003	3.70163	5.73797	4.36232	4.65263	5.2837700000000005	1.3752900000000001	0.0	0.0	0.0
Node 130		6.05693	5.78141	3.55544	5.7297	4.1728000000000005	5.84264	6.7985500000000005	4.89119	5.41559	4.68255	6.43473	5.07453	6.320430000000001	4.17824	4.5473	3.9643900000000003	6.71818	7.78151	7.26338	1.90837	0.0	0.0	0.0
Node 195		4.81784	6.8417900000000005	3.0871	2.85382	7.959720000000001	3.9898999999999996	6.964230000000001	5.23102	6.54933	6.18536	6.686069999999999	5.03317	4.76233	3.58836	7.58268	7.64617	11.38301	6.60274	4.90158	1.32165	0.0	0.0	0.0
Node 49		4.8982600000000005	7.20606	3.28206	3.97123	4.97028	8.59609	6.99451	4.60377	4.35301	7.52941	1.8592199999999999	5.22464	8.32498	4.7569	5.76523	4.984439999999999	3.8074700000000004	6.34286	5.82997	0.0	0.0	0.0	0.0
Node 169		5.03378	3.58197	4.19318	4.6493	7.808120000000001	5.53188	3.39189	2.02397	7.14274	5.42721	8.570969999999999	3.6830000000000003	5.64173	2.48421	3.8439599999999996	4.77595	7.91131	3.99497	6.96264	0.0	0.0	0.0	0.0
Node 42		2.91944	3.5980499999999997	6.5155199999999995	3.10718	9.0658	6.16504	5.24951	2.6303	3.86976	4.25709	5.62385	3.5831500000000003	11.75292	4.46646	7.21662	9.233379999999999	8.11041	5.879560000000001	4.520910000000001	0.7885700000000001	0.0	0.0	0.0
Node 126		3.5524199999999997	7.5770599999999995	2.28411	6.5492300000000006	4.09439	4.35161	3.0107	3.30043	9.35406	6.01719	9.36157	5.6140799999999995	9.3791	1.17395	3.08171	1.5971300000000002	4.27625	8.95428	5.00972	0.0	0.0	0.0	0.0
Node 92		3.73183	7.231020000000001	2.96333	2.72271	8.59664	4.07971	4.82735	4.492030000000001	4.85302	5.65193	6.07543	6.89868	7.86229	2.1937100000000003	2.95562	3.62516	5.28876	3.45854	2.9466699999999997	0.0	0.0	0.0	0.0
Node 53		4.45371	6.26083	6.8701799999999995	8.933969999999999	6.94179	7.96157	5.16227	4.52461	7.04003	6.837940000000001	6.47439	4.95447	6.832770000000001	5.9675899999999995	5.12158	7.45721	4.22588	4.91378	3.52156	0.7885700000000001	0.0	0.0	0.0
Node 71		2.0106599999999997	5.29716	3.8127099999999996	3.4725699999999997	6.86098	2.6099	3.24385	5.91023	8.612119999999999	4.74423	5.71099	5.65712	6.98308	4.71566	6.8687700000000005	7.2192300000000005	5.82595	6.350490000000001	5.27266	0.7885700000000001	0.0	0.0	0.0
Node 35		6.54272	7.60819	7.15063	2.4967799999999998	7.7	2.1319399999999997	3.83121	7.31682	5.915850000000001	2.97432	5.20551	4.35983	4.42643	4.2376499999999995	6.618989999999999	7.329339999999999	6.3488500000000005	9.3735	5.53862	0.58672	0.0	0.0	0.0
Node 115		4.1836	7.34332	9.44788	7.00209	6.66904	7.1730100000000006	3.6553000000000004	4.84471	2.94179	6.17295	6.477919999999999	5.41155	3.95338	4.251449999999999	4.9994	7.755140000000001	2.71295	7.66665	5.61943	0.9303600000000001	0.0	0.0	0.0
Node 171		4.6651	5.495839999999999	5.92516	7.43111	7.44635	6.03639	5.60159	2.70887	8.96664	4.05357	6.83944	4.89767	4.48216	3.31416	1.97219	5.72811	6.19074	6.92015	3.5640400000000003	0.0	0.0	0.0	0.0
Node 174		3.22073	7.1773299999999995	6.63753	7.554189999999999	11.37768	5.42084	5.28678	6.2910900000000005	3.7937199999999995	5.4966	9.4301	5.87323	4.48918	3.2364200000000003	2.9306	7.0151699999999995	8.68084	5.48959	4.01883	0.7885700000000001	0.0	0.0	0.0
Node 119		2.96416	4.768660000000001	2.6544499999999998	7.21644	10.71143	2.5112099999999997	6.882580000000001	5.98995	6.07718	9.15289	4.946140000000001	3.20406	5.921069999999999	5.72454	2.4346799999999997	7.548439999999999	3.71854	2.4625500000000002	1.53227	0.7885700000000001	0.0	0.0	0.0
Node 23		5.09549	3.0331099999999998	9.107289999999999	8.15693	8.59693	5.75908	6.870089999999999	3.23448	4.03841	6.1316299999999995	1.6611399999999998	5.79365	4.14514	1.9993699999999999	4.62838	7.07275	5.48598	5.30591	4.3880799999999995	1.3752900000000001	0.0	0.0	0.0
Node 7		3.19427	5.34085	3.75087	6.35539	6.38054	6.3463400000000005	7.19013	0.63385	6.53144	4.27407	5.62897	3.05543	5.9024	4.58571	6.24409	5.07449	3.99666	4.74676	3.7379599999999997	0.0	0.0	0.0	0.0
Node 93		6.00181	4.9983699999999995	3.37089	3.3490100000000003	8.76578	5.731109999999999	4.9936300000000005	3.57593	1.95935	9.18981	5.88932	8.48594	7.1471599999999995	1.47023	3.6857599999999997	6.71837	5.255039999999999	2.8620099999999997	3.46528	0.9303600000000001	0.0	0.0	0.0
Node 154		2.2349799999999997	4.30681	4.99042	6.18864	8.44233	4.16769	7.203270000000001	3.17765	5.24857	4.54988	2.57897	6.16148	9.8619	4.10665	6.02877	4.91798	5.44794	4.03032	3.6850300000000002	0.0	0.0	0.0	0.0
Node 54		4.60801	7.022449999999999	6.45177	7.9357999999999995	3.62537	4.20808	4.61745	5.949809999999999	8.99727	3.7768999999999995	4.94992	3.9440999999999997	7.657360000000001	1.8809	7.51358	8.90044	7.0639400000000006	5.5778300000000005	3.5815399999999995	0.0	0.0	0.0	0.0
Node 173		3.1290400000000003	7.4615	6.703589999999999	5.73684	5.39391	3.80223	4.58409	3.32719	3.88923	6.428730000000001	7.41879	11.14409	4.5456	4.2904	6.81571	7.59026	2.4597	6.548850000000001	7.0115300000000005	0.9303600000000001	0.0	0.0	0.0
Node 164		3.8297999999999996	7.15983	2.51128	6.259779999999999	4.417800000000001	5.3521	2.7585599999999997	5.8339799999999995	6.57495	4.95487	7.25255	6.790749999999999	8.49697	3.9224500000000004	6.627669999999999	5.05311	6.12864	6.05412	7.553260000000001	1.51708	0.0	0.0	0.0
Node 88		4.67298	4.23616	4.236940000000001	4.03244	10.16591	3.20694	4.45376	4.70752	8.04242	5.69676	7.661020000000001	4.72923	5.407830000000001	6.38383	5.305689999999999	5.08456	6.00162	2.63096	3.66695	0.53308	0.0	0.0	0.0
Node 77		3.94238	2.60311	5.24914	6.80973	5.00053	6.72422	3.58903	4.3520900000000005	6.7918400000000005	4.51642	2.69913	6.583279999999999	2.30179	2.90846	4.36024	4.16749	5.62561	1.92658	3.51448	1.71893	0.0	0.0	0.0
Node 41		4.54657	5.099270000000001	4.21573	4.74405	5.40948	5.50309	5.11893	3.1152800000000003	7.07916	4.27037	7.73677	6.45723	6.05201	2.7443	2.78575	7.64	6.2003200000000005	3.5922799999999997	5.2691300000000005	0.58672	0.0	0.0	0.0
Node 25		2.74646	7.25165	0.7728999999999999	8.09427	6.9667	5.35704	7.562530000000001	3.6580399999999997	3.5792200000000003	5.40211	6.44926	6.31695	9.80677	4.1530499999999995	2.98228	6.12551	9.35801	5.86496	5.62296	0.53308	0.0	0.0	0.0
Node 147		2.9575400000000003	5.27637	6.577850000000001	5.41014	4.04113	7.306070000000001	2.65416	6.58064	7.635889999999999	5.9151299999999996	8.71901	7.78548	6.86947	4.6088	2.27876	3.94778	6.50338	4.24416	6.406389999999999	1.51708	0.0	0.0	0.0
Node 186		5.46532	4.49089	4.35829	6.2118	7.677249999999999	3.87444	3.6608500000000004	3.0529	3.59383	5.60217	6.50626	6.843190000000001	3.67598	5.33239	8.17193	7.67538	3.01635	5.34063	1.34342	0.58672	0.0	0.0	0.0
Node 63		2.62098	6.74478	6.10319	4.15212	6.99182	3.48972	1.6673299999999998	6.355810000000001	8.804499999999999	4.58785	4.77118	5.00181	7.80726	5.86541	1.38323	4.9748399999999995	7.588	5.07827	3.2224999999999997	0.0	0.0	0.0	0.0
Node 190		5.22386	6.22746	7.197190000000001	3.10853	9.47231	4.7902000000000005	5.08565	5.19075	5.14429	5.5217	7.743510000000001	7.49276	5.18167	4.97401	5.236	5.80014	4.60072	6.585430000000001	3.64611	0.0	0.0	0.0	0.0
Node 142		1.82772	4.57213	6.69936	7.3232800000000005	4.1003	5.62699	6.374140000000001	5.8075	8.29571	4.42382	8.43734	3.11658	6.813279999999999	4.92013	5.73074	7.170020000000001	6.306760000000001	5.74697	4.73605	1.71893	0.0	0.0	0.0
Node 47		2.86233	7.253139999999999	3.56873	7.12966	5.4327	5.38794	3.9651899999999998	4.76607	6.15819	6.81851	5.514349999999999	4.33537	2.1062600000000002	3.00859	5.15257	2.9085900000000002	4.70514	3.72798	1.62078	2.30565	0.0	0.0	0.0
Node 99		1.62331	6.26751	5.9334	6.449390000000001	9.141639999999999	6.05152	3.90555	5.04158	5.58909	4.7066799999999995	3.1641299999999997	4.2548200000000005	6.11777	2.71085	5.15684	7.67931	4.9446900000000005	6.6461500000000004	3.84435	0.7885700000000001	0.0	0.0	0.0
Node 9		4.40662	7.785010000000001	4.29279	5.70801	5.8147400000000005	5.296	1.51932	6.441910000000001	6.4366	5.45807	7.56446	4.27372	6.707979999999999	3.9255400000000003	5.97028	3.2351400000000003	8.55835	6.49169	0.62721	1.32165	0.0	0.0	0.0
Node 6		4.2547	6.82601	5.9369	7.085170000000001	3.32734	5.023210000000001	4.57448	4.3619699999999995	3.08494	1.4331	6.0919300000000005	1.94918	6.73211	3.70498	6.00849	2.9551399999999997	7.324669999999999	2.83412	5.51789	1.90837	0.0	0.0	0.0
Node 149		4.0715	4.9710600000000005	9.241050000000001	5.8117	8.77267	1.84582	3.30455	3.48056	3.29386	7.413830000000001	6.228	5.34127	8.13075	4.04575	7.224120000000001	4.551229999999999	4.78477	5.15579	3.4480700000000004	0.7885700000000001	0.0	0.0	0.0
Node 90		5.59094	4.60584	2.40111	6.472160000000001	4.65227	4.66032	6.932589999999999	5.10784	3.6317000000000004	4.29041	3.44966	5.28174	9.67225	1.9457499999999999	4.87257	5.80716	2.01304	4.03029	7.108299999999999	0.58672	0.0	0.0	0.0
Node 135		3.6859500000000005	6.12801	6.18446	6.616429999999999	5.32876	5.81168	5.37604	3.5644	4.58387	5.85599	8.74553	1.6346699999999998	5.28447	2.76287	4.83781	5.26951	3.66661	2.35271	5.02083	1.32165	0.0	0.0	0.0
Node 151		6.77454	2.8942	8.09776	7.74422	4.78029	7.028700000000001	5.03785	6.32886	6.71953	2.8993	7.59276	3.34551	4.27189	7.8210299999999995	5.40863	7.33761	4.28681	3.6089499999999997	4.47156	1.3752900000000001	0.0	0.0	0.0
Node 81		3.8593200000000003	4.37254	5.53514	5.47506	4.89845	5.71479	4.5616200000000005	6.63571	6.403739999999999	6.36837	3.15906	2.3231800000000002	4.65729	1.46266	4.076840000000001	3.2230799999999995	6.770180000000001	3.89252	5.486470000000001	1.3752900000000001	0.0	0.0	0.0
Node 34		0.62047	4.79393	5.29485	6.18518	6.42128	4.12409	5.9157399999999996	3.2998	5.94696	2.8491400000000002	8.84587	4.45146	2.89562	6.846480000000001	2.17963	5.89335	9.39194	5.6588199999999995	3.24081	0.7885700000000001	0.0	0.0	0.0
Node 162		4.35106	0.70934	3.2212400000000003	1.7408799999999998	6.59941	0.6987	6.87351	3.04866	3.76008	5.7895	5.10471	3.4794199999999997	5.36928	4.56005	2.65841	10.13503	6.08485	4.89677	3.91884	1.32165	0.0	0.0	0.0
Node 129		3.59793	3.99505	4.722910000000001	2.3771299999999997	5.54663	6.4838000000000005	6.73143	6.51441	1.95935	5.37054	4.4921999999999995	3.8222600000000004	3.6431699999999996	4.80758	6.73556	7.6329400000000005	8.32897	5.00735	5.05872	1.1198	0.0	0.0	0.0
Node 69		5.81183	1.95279	8.68612	3.9879499999999997	9.50394	2.74726	5.4467799999999995	5.80016	5.84117	4.25897	6.54701	7.17632	1.9464100000000002	5.654590000000001	3.50488	6.347410000000001	4.96834	4.48574	5.27679	1.3752900000000001	0.0	0.0	0.0
Node 112		3.4812999999999996	2.95466	5.51816	7.90926	5.28137	3.13231	4.13105	3.96969	5.68976	4.007560000000001	5.945460000000001	5.27641	5.01001	2.54855	3.09471	8.499039999999999	6.51323	2.4741	3.52954	0.58672	0.0	0.0	0.0
Node 65		4.651940000000001	4.44012	3.02085	3.3408100000000003	7.93107	7.86109	4.15135	3.69961	8.70137	3.1484900000000002	4.41184	7.280499999999999	8.85211	1.9603599999999999	5.76	6.4535800000000005	7.393420000000001	7.22009	8.21481	0.53308	0.0	0.0	0.0
Node 152		5.87035	2.1864600000000003	4.1092200000000005	3.68016	6.37912	7.39968	3.68186	3.15635	6.61176	5.15914	2.54773	6.72347	4.50545	3.8972800000000003	6.04592	3.28745	6.82181	2.55573	4.52459	0.58672	0.0	0.0	0.0
Node 199		0.77273	6.0446800000000005	7.55319	10.43563	7.86302	6.02527	2.4598	5.80576	1.97783	6.761399999999999	7.14514	7.23046	8.76286	4.668130000000001	7.437399999999999	5.6950199999999995	4.83181	7.39591	6.4197299999999995	0.7885700000000001	0.0	0.0	0.0
Node 170		3.8049600000000003	2.3153300000000003	5.856809999999999	8.12335	6.02859	2.6743699999999997	5.2036999999999995	4.92864	5.13034	4.50968	8.02416	4.54496	3.63177	2.94718	7.77482	8.86662	7.29389	6.31935	6.0381	1.1198	0.0	0.0	0.0
Node 182		5.05058	4.8708599999999995	6.69536	3.6095099999999998	6.21427	0.8491000000000001	2.26057	6.380660000000001	2.4874899999999998	7.13501	5.86146	2.45586	8.68168	6.298080000000001	7.34273	4.804139999999999	4.83524	3.52569	2.65517	0.0	0.0	0.0	0.0
Node 124		5.24947	7.90068	4.95535	6.62339	5.37124	5.80431	5.57944	5.69016	4.84958	3.4431200000000004	6.97789	6.08882	7.9991699999999994	3.82063	1.81549	1.8099899999999998	1.70757	6.14646	1.56847	0.0	0.0	0.0	0.0
Node 157		5.12484	6.61896	6.76771	7.53983	7.609539999999999	3.29818	3.97876	7.73835	6.726179999999999	4.81081	2.44749	6.428540000000001	7.443239999999999	1.57831	3.49675	5.046670000000001	5.45952	6.9538199999999994	4.20906	1.71893	0.0	0.0	0.0
Node 44		6.94361	5.4198200000000005	4.91373	2.42162	10.94266	7.181800000000001	2.7694799999999997	5.87664	8.29382	5.8171	7.20683	3.9068	8.46334	4.14816	3.6078399999999995	4.53251	5.70026	7.062939999999999	6.22585	0.0	0.0	0.0	0.0
Node 159		3.03992	2.25545	5.70425	5.32257	6.330579999999999	3.14749	5.37761	2.01284	8.429219999999999	3.12529	3.83574	4.16756	5.83479	4.82735	8.04838	4.3734399999999996	3.48866	7.8618	6.7492399999999995	1.71893	0.0	0.0	0.0
Node 31		4.55537	4.71185	4.28905	6.80405	8.59428	6.35521	5.47732	7.77442	2.85809	2.02565	5.7314799999999995	4.11974	7.9052999999999995	6.35609	4.75038	1.20339	5.752800000000001	4.70758	3.84435	0.0	0.0	0.0	0.0
Node 183		4.38795	6.29316	6.72982	4.0691	7.48873	3.04323	3.8126599999999997	6.63966	7.698259999999999	6.28007	6.5305100000000005	4.64612	5.36962	1.94885	7.695390000000001	6.9726099999999995	7.342269999999999	2.51911	2.81364	0.53308	0.0	0.0	0.0
Node 67		4.522749999999999	7.499350000000001	3.1957199999999997	3.8461700000000003	7.19153	4.88318	5.58693	3.8560700000000003	4.56485	4.33816	5.02335	4.2096599999999995	8.70438	1.71516	6.495679999999999	6.682910000000001	5.603940000000001	1.83746	5.049180000000001	0.7885700000000001	0.0	0.0	0.0
Node 33		6.00819	6.61282	8.12737	3.25456	9.82185	6.549389999999999	8.46466	3.9980300000000004	4.70036	3.4403499999999996	5.81412	5.59194	4.46064	3.2990899999999996	2.91006	5.74412	5.58369	5.13269	3.6935000000000002	0.58672	0.0	0.0	0.0
Node 14		4.99364	3.71581	7.280970000000001	5.21971	8.84491	5.08966	4.20001	3.7525500000000003	3.7670000000000003	4.76708	3.5443700000000002	6.58763	10.35678	4.04725	6.46584	5.65663	2.5360199999999997	3.0992800000000003	6.7708	1.3752900000000001	0.0	0.0	0.0
Node 84		1.49696	6.9126900000000004	5.95852	6.308800000000001	7.261679999999999	3.2259599999999997	8.56603	2.81366	5.372380000000001	5.18956	5.74679	5.41107	1.42936	4.0110399999999995	4.98283	5.32136	6.22841	2.53545	4.4944	2.2520100000000003	0.0	0.0	0.0
Node 5		5.91403	3.16366	5.59313	9.44499	7.0976	6.63737	3.1717799999999996	5.76097	4.64367	5.11203	5.78185	1.22927	2.2385599999999997	2.5812600000000003	5.1983	4.96608	6.92315	2.2187200000000002	4.4255700000000004	0.0	0.0	0.0	0.0
Node 28		2.0667	4.933590000000001	2.7516700000000003	2.57602	3.20109	2.21264	6.23921	4.016179999999999	6.08864	3.35484	5.02856	5.83675	8.85015	2.89337	6.40027	5.94953	5.10612	7.989459999999999	7.1605	0.58672	0.0	0.0	0.0
Node 194		3.9272099999999996	2.89271	2.98685	0.72441	6.06129	7.0408	5.7412	2.87785	5.01664	5.79578	3.1081000000000003	4.47257	4.443890000000001	3.55607	7.498670000000001	7.250520000000001	5.77089	5.319780000000001	7.1900699999999995	1.46344	0.0	0.0	0.0
Node 100		2.1781800000000002	7.0508299999999995	2.48372	3.91697	5.94637	8.519300000000001	3.68121	2.99315	7.03374	5.22501	6.296060000000001	4.46138	6.19224	4.7617199999999995	3.42164	6.98397	4.25446	3.06912	6.54387	1.32165	0.0	0.0	0.0
Node 111		2.79331	1.93288	6.889480000000001	3.11928	6.13755	6.08475	6.83578	5.85461	7.75428	6.54202	8.64278	2.0639600000000002	6.523339999999999	5.18112	7.998489999999999	5.795059999999999	8.06354	5.26375	4.99281	0.0	0.0	0.0	0.0
Node 120		4.874160000000001	5.9590700000000005	6.81216	4.59037	5.36859	4.19799	5.0503800000000005	5.52942	6.40786	4.30884	8.0626	2.15924	6.818280000000001	0.0	7.05924	7.47549	3.2391900000000002	6.15916	1.3020500000000002	1.3752900000000001	0.0	0.0	0.0
Node 10		4.36873	7.319050000000001	4.36529	5.93831	1.5113100000000002	3.59711	4.51926	2.47211	6.10501	5.62737	3.38527	5.71262	3.92029	3.98327	4.74639	7.697959999999999	3.66092	3.31334	2.92726	0.58672	0.0	0.0	0.0
Node 114		4.54054	5.4389199999999995	4.77751	4.98628	0.78171	7.46652	3.1136	4.16933	5.909120000000001	6.432309999999999	5.7485599999999994	7.32316	5.84608	4.08474	6.16932	1.9870100000000002	4.19867	7.36623	4.0026399999999995	1.3752900000000001	0.0	0.0	0.0
Node 134		4.12572	4.14083	5.19359	6.50076	3.2794999999999996	1.51225	4.7376700000000005	6.00796	7.42505	4.06345	7.766299999999999	9.37893	9.89846	5.22532	4.1034	6.825430000000001	9.254560000000001	5.51269	4.87974	0.7885700000000001	0.0	0.0	0.0
Node 62		4.98371	5.5893999999999995	3.58078	6.1940599999999995	6.51187	4.05645	3.94032	5.65452	5.46068	4.04697	4.1556999999999995	5.00093	3.4109800000000003	1.99563	2.29336	3.9601900000000003	8.71246	6.8766099999999994	4.58599	1.1198	0.0	0.0	0.0
Node 50		3.13948	5.36517	5.909070000000001	5.49535	3.5596099999999997	5.4122900000000005	5.7351600000000005	4.25246	8.29752	6.78493	3.2907400000000004	8.657860000000001	7.2724899999999995	3.96626	7.315729999999999	6.23112	4.41567	5.41814	5.87575	0.0	0.0	0.0	0.0
Node 102		0.0	4.19797	6.150370000000001	7.25935	10.10592	4.07923	5.36777	6.91527	7.61024	7.24219	6.937930000000001	3.6420500000000002	2.87526	3.8389699999999998	7.28979	9.32103	4.86868	4.78782	5.068849999999999	1.32165	0.0	0.0	0.0
Node 75		1.32981	9.63758	4.21384	1.70211	11.33272	3.5987999999999998	7.06109	4.82669	3.04025	4.80126	2.30112	4.54331	4.29365	2.9955	6.37328	6.5607299999999995	4.57537	5.1135399999999995	3.17945	1.32165	0.0	0.0	0.0
Node 153		6.27216	0.9051699999999999	4.252190000000001	8.78124	6.24265	4.4758	5.2869	7.18906	4.577	6.23848	5.66032	7.52995	5.76933	4.14353	5.85178	8.3119	7.25083	5.031879999999999	5.0900300000000005	0.53308	0.0	0.0	0.0
Node 70		5.03425	3.8873100000000003	6.84149	6.348389999999999	5.38522	3.11263	7.140140000000001	5.0696900000000005	5.50422	3.24693	1.7439799999999999	1.82081	7.35846	3.28225	4.45743	8.460429999999999	4.04478	2.2292	2.24993	0.0	0.0	0.0	0.0
Node 86		5.94757	6.10954	4.0060199999999995	6.702120000000001	8.0176	7.2937199999999995	4.24238	6.84506	7.92346	5.9044300000000005	7.03888	5.11077	6.78971	4.0680000000000005	5.76047	4.96052	3.65577	6.28587	3.3415800000000004	0.53308	0.0	0.0	0.0
Node 143		4.06796	2.61944	5.4899000000000004	4.05097	6.53921	6.10493	4.7026699999999995	5.38969	6.02049	2.23718	7.827520000000001	7.3093900000000005	8.89987	4.51424	4.5679	3.9828099999999997	7.061770000000001	6.59864	5.79816	0.0	0.0	0.0	0.0
Node 156		5.87033	6.56253	4.3616	5.1365	7.64966	6.99562	5.3876800000000005	3.86834	7.43292	4.29289	5.7072199999999995	3.90489	7.17077	3.94466	8.773259999999999	1.88772	5.70571	4.07116	5.36656	0.53308	0.0	0.0	0.0
Node 140		4.82199	4.638380000000001	3.71627	9.49777	8.33253	3.72918	1.30428	2.66022	5.746720000000001	3.64055	5.07378	4.02909	9.810789999999999	4.006069999999999	5.938969999999999	9.957	0.68433	4.21628	4.47954	0.0	0.0	0.0	0.0
Node 191		5.867229999999999	5.73776	4.32333	3.86995	7.700500000000001	2.11551	5.45224	5.58817	7.03374	3.13807	8.531550000000001	6.49573	2.12617	6.256	4.49377	5.2675600000000005	3.724	5.21978	3.8502300000000003	0.53308	0.0	0.0	0.0
Node 2		2.6498	3.4205	4.03487	8.77646	4.95122	6.357419999999999	7.178310000000001	4.2687	8.064979999999998	8.09076	7.2176	5.09989	6.37453	3.5023199999999997	6.01958	7.350529999999999	8.152420000000001	2.59418	2.95809	0.53308	0.0	0.0	0.0
Node 165		5.28293	4.55703	6.17734	5.86158	8.473740000000001	4.06913	3.2633	6.38288	8.49162	4.0471	6.829440000000001	2.68528	6.268890000000001	3.4006300000000005	2.16656	7.471469999999999	7.07552	1.86289	6.303050000000001	1.51708	0.0	0.0	0.0
Node 79		3.25625	8.307409999999999	3.38062	5.13047	10.23808	4.06226	7.1537500000000005	7.33602	7.79092	5.77919	7.187399999999999	2.89466	4.3907099999999994	3.79305	4.85952	9.83091	6.87768	4.62936	2.75072	0.58672	0.0	0.0	0.0
Node 116		3.4039300000000003	5.66454	3.5109000000000004	3.83719	7.77864	4.88032	3.03719	2.09782	6.63517	7.75951	6.29968	5.8389299999999995	5.11143	5.47694	2.44209	5.531280000000001	8.117	6.80799	5.1172	0.0	0.0	0.0	0.0
Node 145		5.48815	6.11229	5.23951	3.2578799999999997	7.91311	2.99878	3.78703	6.270689999999999	4.98566	4.9973	5.348929999999999	5.15677	8.05998	3.23564	6.37674	5.4842	4.56599	3.4448	5.76688	0.9303600000000001	0.0	0.0	0.0
Node 57		7.50056	5.7691	7.7637	6.10402	2.94092	6.75197	3.05002	3.75533	8.23741	7.19655	7.39262	0.7427600000000001	7.3366299999999995	6.18278	8.56432	1.86015	5.59339	5.38596	5.653	0.0	0.0	0.0	0.0
Node 83		1.25887	0.9051699999999999	5.11851	7.5042100000000005	7.143910000000001	1.98477	6.67951	5.75753	4.18037	6.08279	5.44277	6.08163	3.2053499999999997	3.1702500000000002	5.51205	8.49659	3.40976	3.4491599999999996	2.0691	0.58672	0.0	0.0	0.0
Node 20		3.22186	8.28558	5.505240000000001	4.53362	7.770199999999999	7.9279399999999995	6.83555	4.63204	3.5620400000000005	1.4800900000000001	7.964849999999999	7.85193	3.8049399999999998	1.71288	2.2778	4.39868	3.83301	6.3025	5.5245299999999995	1.90837	0.0	0.0	0.0
Node 122		6.63152	4.08691	1.42222	4.80054	6.824520000000001	7.0674399999999995	4.37167	6.724810000000001	6.832979999999999	6.6237	2.62629	5.18168	7.01084	4.37924	6.22178	7.452459999999999	0.73449	6.58856	6.446880000000001	1.71893	0.0	0.0	0.0
Node 40		3.60808	2.61784	5.727539999999999	6.91792	7.10287	5.25258	6.17629	4.46072	5.34746	4.09298	4.36923	6.353490000000001	1.9212900000000002	2.83476	5.74925	5.130520000000001	4.5746	5.021599999999999	5.52675	0.58672	0.0	0.0	0.0
Node 105		0.70934	4.7251	2.1894299999999998	7.57374	4.5421000000000005	9.16225	4.84215	3.19334	2.45643	6.779490000000001	5.8835	6.31749	8.79818	6.69853	5.4754499999999995	2.6684200000000002	5.0623000000000005	5.09715	8.21481	0.7885700000000001	0.0	0.0	0.0
Node 160		6.22582	4.66648	6.0107	5.89672	7.016699999999999	5.0773	6.20981	4.98994	6.18275	5.67123	4.51031	7.1491299999999995	5.13091	6.22574	3.375	6.866899999999999	3.7668500000000003	3.95123	6.67032	0.0	0.0	0.0	0.0
Node 192		2.54605	5.2346200000000005	5.11483	3.5101	10.19734	4.19898	5.79444	2.73929	5.62223	6.711749999999999	7.74971	5.07961	9.70485	4.6714	4.87291	2.82339	6.63526	5.72872	2.23241	1.71893	0.0	0.0	0.0
Node 45		5.32403	5.51243	6.9729	3.4112000000000005	7.13814	3.13107	5.24043	2.8928100000000003	4.75009	4.374560000000001	5.06194	2.86949	6.413240000000001	1.03514	6.82212	7.8523499999999995	2.9964999999999997	1.72637	3.07328	1.32165	0.0	0.0	0.0
Node 146		2.78316	5.92158	5.44295	4.67325	4.93664	3.5795399999999997	3.0578000000000003	4.28065	6.37143	0.53844	8.138539999999999	4.17145	5.51988	4.22471	2.17963	4.3524	7.86859	5.37035	2.23885	0.7885700000000001	0.0	0.0	0.0
Node 58		4.8149	5.90399	8.66493	8.66875	6.40318	4.34277	2.92598	5.25973	9.42606	8.399529999999999	4.19198	6.36903	7.812810000000001	2.5226599999999997	5.40863	9.91825	7.930909999999999	3.5373799999999997	3.20118	0.9303600000000001	0.0	0.0	0.0
Node 22		2.74169	8.453	4.93663	2.40027	3.8234	2.42629	5.21121	7.46944	3.05774	7.9099699999999995	3.4199300000000004	7.25773	8.426359999999999	2.50765	5.39703	4.62775	4.02912	5.87859	3.40993	0.9303600000000001	0.0	0.0	0.0
Node 80		4.52771	5.75971	5.0431799999999996	4.86191	5.46206	6.17952	6.4054	5.23178	2.456	6.26577	6.20965	4.96196	7.68426	3.5002400000000002	4.12319	6.861299999999999	3.89037	5.272679999999999	5.77795	0.53308	0.0	0.0	0.0
Node 177		4.639950000000001	2.0632	4.09214	7.68789	9.52932	3.86331	2.93872	6.98544	6.64037	6.60796	6.7452	1.55362	6.24123	1.2096799999999999	4.91003	6.58981	5.05572	4.23247	2.03731	0.0	0.0	0.0	0.0
Node 178		4.21225	1.55754	5.19805	4.87343	5.68159	3.20767	8.34304	3.3889799999999997	3.2528300000000003	4.30679	6.251950000000001	5.73879	5.87721	2.08104	7.26865	4.11604	6.83095	5.50205	5.62576	0.7885700000000001	0.0	0.0	0.0
Node 168		3.27862	5.96443	5.06076	5.11311	9.37291	3.2185699999999997	5.60548	4.64632	7.06488	3.8037799999999997	5.26146	6.2435	8.75569	4.36961	4.45108	9.19702	7.043919999999999	6.616070000000001	4.40404	0.7885700000000001	0.0	0.0	0.0
Node 19		3.52666	3.6881200000000005	5.46963	5.01112	8.70586	3.64767	5.29603	6.2883700000000005	6.02734	4.14049	5.98555	2.63866	5.9919	3.43532	5.14115	5.8879	4.84613	6.19192	4.20318	1.32165	0.0	0.0	0.0
Node 109		2.271	6.96213	4.75537	0.0	7.6805200000000005	4.6008000000000004	6.24275	5.09428	6.09808	4.68455	5.22059	8.116950000000001	7.91068	5.85967	4.13119	2.9439900000000003	8.71982	4.4263900000000005	4.67741	0.7885700000000001	0.0	0.0	0.0
Node 82		3.1844900000000003	4.12922	5.72639	2.62555	7.00847	5.63002	3.1531499999999997	4.92236	7.8195500000000004	7.293869999999999	8.36764	4.32709	5.60135	4.43626	2.2876	3.50871	5.1886	1.94054	4.0661000000000005	1.32165	0.0	0.0	0.0
Node 123		2.91485	4.58441	2.29974	3.45019	6.96494	5.05977	5.08597	5.67702	11.60468	2.26939	6.02127	7.94482	4.46041	5.35224	5.0553099999999995	5.6192	6.4132	5.0510399999999995	3.09061	1.3752900000000001	0.0	0.0	0.0
Node 127		5.342700000000001	5.93633	7.67186	5.9864	6.00028	2.13328	4.868	6.290800000000001	5.97315	1.64002	7.66155	4.51465	5.43509	4.0110399999999995	4.22333	6.86543	6.9290400000000005	5.391909999999999	7.2130600000000005	1.1198	0.0	0.0	0.0
Node 27		3.4927600000000005	4.55053	5.19805	0.68074	7.1573899999999995	7.80203	9.99512	4.92738	4.91539	3.8529	1.52941	9.620049999999999	8.4707	4.37984	6.132420000000001	2.0685599999999997	2.57165	4.42715	3.2479500000000003	0.7885700000000001	0.0	0.0	0.0
Node 39		1.25924	5.01615	3.94222	3.8888899999999995	5.73298	4.042	0.0	4.8741699999999994	8.80238	3.54892	3.4610700000000003	3.6717899999999997	6.9383799999999995	3.42126	6.850199999999999	5.51002	5.45124	6.80506	3.68428	0.58672	0.0	0.0	0.0
Node 16		3.6781300000000003	3.74626	7.06208	0.91919	7.96842	4.18043	5.2179400000000005	5.92382	2.10435	5.14894	5.047610000000001	3.54996	6.377819999999999	4.90251	5.8586800000000006	3.8829700000000003	5.30424	2.62446	2.2993900000000003	1.1198	0.0	0.0	0.0
Node 166		2.96152	10.60001	4.99692	8.18559	6.36586	3.85186	5.620909999999999	5.444990000000001	4.73592	6.12865	3.62236	5.08955	6.31692	3.65157	6.40583	5.45843	6.52923	5.15472	6.10124	0.7885700000000001	0.0	0.0	0.0
Node 52		4.19774	4.03874	2.50627	4.11227	6.99693	8.65523	6.310440000000001	5.48755	2.52088	7.713240000000001	4.8064	2.5247599999999997	3.7771899999999996	5.19218	3.54979	4.4237899999999994	4.10555	7.1385000000000005	2.871	0.0	0.0	0.0	0.0
Node 36		2.7888699999999997	6.18954	7.67573	7.0093000000000005	10.079730000000001	2.8798500000000002	1.6519	7.515370000000001	6.18379	6.12629	4.52825	5.0036700000000005	5.88889	4.76845	5.38698	8.30998	5.85975	4.86908	3.4683800000000002	0.7885700000000001	0.0	0.0	0.0
