Node 136		6.896850000000001	9.07257	14.1105	12.598680000000002	8.70477	12.565090000000001	11.19838	9.898769999999999	11.43619	9.40549	11.67301	12.593589999999999	8.10693	12.76145	10.9191	12.995049999999999	8.319840000000001	8.207780000000001	8.793769999999999	3.64922	0.0	0.0	0.0
Node 5		7.40895	8.94954	13.68542	14.95475	11.17208	11.13664	10.3418	8.89359	10.07548	8.4802	14.21566	7.47414	6.47229	11.480509999999999	10.634920000000001	10.55632	11.133790000000001	6.94235	9.40998	3.64922	0.0	0.0	0.0
Node 59		7.63228	10.63172	11.0165	14.23034	13.17375	11.24807	10.3418	8.18117	15.695509999999999	9.63287	13.232859999999999	9.86697	7.904559999999999	11.73251	10.957600000000001	15.208309999999999	11.79013	6.641279999999999	9.23684	3.64922	0.0	0.0	0.0
Node 173		10.43548	10.66217	12.00375	15.093039999999998	9.989	11.13664	8.77189	8.8175	11.56643	9.99409	12.03602	11.97175	8.083590000000001	12.14803	10.92273	12.26056	9.1111	8.78223	9.55226	3.64922	0.0	0.0	0.0
Node 130		7.50717	12.51506	8.5464	14.228399999999999	10.50893	11.09304	10.72721	9.03981	15.179519999999998	8.161290000000001	11.45341	7.31803	9.68312	9.36381	9.990730000000001	12.26056	9.77074	9.67866	10.16769	3.64922	0.0	0.0	0.0
Node 20		5.96578	14.095920000000001	14.545930000000002	11.78419	11.156789999999999	15.69307	10.48254	9.069009999999999	10.57952	5.548299999999999	15.70252	11.18031	6.65548	8.376999999999999	7.51814	11.91	10.90799	9.53305	10.16769	3.64922	0.0	0.0	0.0
Node 108		7.71896	11.5008	12.581129999999998	10.8853	9.10554	13.404530000000001	9.30029	6.448460000000001	14.17977	7.2274400000000005	10.531500000000001	10.62762	12.190520000000001	8.5814	10.10787	11.529399999999999	9.116620000000001	9.14904	9.23684	3.64922	0.0	0.0	0.0
Node 25		11.25048	12.287049999999999	4.835570000000001	13.32309	9.342730000000001	14.2235	10.07508	9.77164	11.43602	8.69173	11.13712	10.19345	10.99285	10.555100000000001	7.552630000000001	9.87998	10.31539	9.74451	9.55226	3.64922	0.0	0.0	0.0
Node 81		8.98645	8.0954	12.68449	12.58485	10.3408	11.13664	10.5	11.77351	14.832210000000002	10.55095	10.31903	8.96023	9.38888	9.084150000000001	8.07968	11.17551	11.820319999999999	8.83499	9.645529999999999	3.64922	0.0	0.0	0.0
Node 139		6.896850000000001	11.56734	7.70725	15.70238	10.48753	11.13664	9.40465	8.39467	13.302169999999998	10.07718	12.09707	3.6111699999999995	8.90594	10.33956	9.775730000000001	11.529399999999999	11.28291	9.40944	8.621410000000001	3.64922	0.0	0.0	0.0
Node 179		9.61595	9.84547	10.33492	14.601410000000001	11.417819999999999	14.78982	9.71052	11.392439999999999	16.129170000000002	10.07718	11.67301	10.19724	8.84841	10.76149	11.99911	10.70835	10.983329999999999	7.071470000000001	10.16769	3.64922	0.0	0.0	0.0
Node 4		8.09076	14.095920000000001	9.40445	10.21625	8.74635	13.45897	8.6899	7.227029999999999	13.42052	10.02051	9.742140000000001	9.2139	8.94421	12.48799	10.10787	11.53509	11.9587	8.78223	8.51918	3.64922	0.0	0.0	0.0
Node 150		10.74493	8.0954	11.91159	8.58315	9.359639999999999	12.554170000000001	8.37431	9.812840000000001	13.310150000000002	8.161290000000001	15.13757	7.30286	8.43793	12.99542	9.748700000000001	12.15757	11.28291	8.24461	8.973939999999999	3.64922	0.0	0.0	0.0
Node 164		7.83381	14.095920000000001	8.401110000000001	14.075289999999999	7.08344	12.10165	8.96918	8.22678	12.966230000000001	6.993180000000001	15.70252	12.593589999999999	8.58987	10.8043	10.10787	8.10945	11.28291	8.83499	9.40998	3.64922	0.0	0.0	0.0
Node 8		6.47746	6.0986199999999995	12.68449	13.32309	7.8717999999999995	10.36628	9.08673	8.18117	12.85221	9.609810000000001	11.45341	12.7896	8.75789	11.51697	6.84631	13.174800000000001	7.6982	8.73311	8.621410000000001	3.64922	0.0	0.0	0.0
Node 84		5.96578	10.75064	15.615789999999999	15.091099999999999	10.20956	10.52797	11.11053	7.227029999999999	14.832210000000002	8.69173	13.276089999999998	10.583779999999999	7.55473	10.868419999999999	8.2096	12.40913	12.39396	8.73311	9.23684	3.64922	0.0	0.0	0.0
Node 149		8.55218	8.8683	14.458319999999999	13.503989999999998	12.62444	12.091109999999999	9.644369999999999	8.8175	10.70976	9.46173	12.13202	10.86082	10.86037	11.51697	12.22119	10.614469999999999	9.00158	8.04996	8.621410000000001	3.64922	0.0	0.0	0.0
Node 27		6.276750000000001	9.568150000000001	12.78949	10.16089	8.55355	14.09763	10.36021	12.06142	14.573649999999999	6.95478	10.31903	11.739479999999999	9.434800000000001	10.871369999999999	9.990730000000001	9.87998	9.00158	9.41621	8.04696	3.64922	0.0	0.0	0.0
Node 49		9.89793	13.898360000000002	11.91159	14.23034	9.510860000000001	12.492989999999999	10.36021	8.22678	8.35587	8.69173	10.31903	10.41966	10.63796	11.727609999999999	8.771139999999999	11.58422	11.28291	10.25311	9.23684	3.64922	0.0	0.0	0.0
Node 135		7.69725	11.56734	12.00375	13.35874	9.54025	11.834069999999999	8.6899	10.12738	10.90537	10.11204	14.80362	7.25959	10.28656	10.252740000000001	9.748700000000001	12.02197	11.151819999999999	6.94235	9.55226	3.64922	0.0	0.0	0.0
Node 158		6.896850000000001	11.56734	12.00375	14.282429999999998	8.98274	13.343350000000001	9.49072	9.48648	14.17977	10.32357	11.84982	11.14405	9.38888	11.51697	4.94646	12.26056	8.87001	6.94235	8.43923	3.64922	0.0	0.0	0.0
Node 95		7.86676	8.845559999999999	11.0165	14.23034	12.62444	12.81121	10.36021	10.12738	13.4215	7.32368	11.096449999999999	9.2139	10.99285	10.868419999999999	6.7541	11.58422	10.458	8.99369	9.23684	3.64922	0.0	0.0	0.0
Node 38		8.06227	5.88199	10.62677	11.56705	11.96129	12.707099999999999	10.19105	7.89601	14.12647	6.9814	14.51778	11.015089999999999	10.0697	10.868419999999999	9.775730000000001	10.800600000000001	7.6316	8.226329999999999	9.23684	3.64922	0.0	0.0	0.0
Node 142		7.01218	9.84547	13.039200000000001	15.70238	7.8717999999999995	14.78982	7.97504	8.39467	15.11824	8.806709999999999	11.55701	7.38525	9.00233	11.51697	8.30176	10.611139999999999	11.20959	9.41621	7.90375	3.64922	0.0	0.0	0.0
Node 53		8.987910000000001	10.75064	11.23085	15.091099999999999	10.25481	14.2235	9.40574	10.8398	14.30192	10.52453	11.70207	11.74503	8.803809999999999	11.51697	9.2416	12.26056	6.0722	6.96846	9.23684	3.64922	0.0	0.0	0.0
Node 128		12.902359999999998	12.51506	11.91159	11.76183	10.25481	13.50864	9.40574	9.49184	14.30192	5.48193	11.10811	11.21455	10.46803	9.83328	9.775730000000001	11.58422	10.458	7.92888	9.23684	3.64922	0.0	0.0	0.0
Node 37		6.276750000000001	6.7041	12.00375	13.351109999999998	10.04143	14.17383	9.46847	7.227029999999999	11.96646	10.32357	11.933720000000001	10.41966	9.94108	12.76145	6.7541	12.88155	9.08676	8.73311	8.43923	3.64922	0.0	0.0	0.0
Node 45		9.82516	10.75064	13.86519	9.00514	11.23494	11.001809999999999	7.97504	7.79782	12.96638	8.4802	12.696969999999999	8.96023	12.190520000000001	8.23021	11.67186	13.91384	9.0071	9.01224	8.43923	3.64922	0.0	0.0	0.0
Node 155		6.896850000000001	6.3115000000000006	11.23085	13.877	11.17208	13.45897	8.363389999999999	8.855509999999999	13.5882	8.161290000000001	13.232859999999999	11.809980000000001	9.49033	12.37125	9.91667	11.58422	7.6982	8.76908	9.43141	3.64922	0.0	0.0	0.0
Node 109		7.3262599999999996	11.56734	9.40445	1.69152	10.63719	11.85674	8.30217	7.901370000000001	12.96638	7.3581900000000005	13.610040000000001	12.66064	9.520299999999999	11.51697	8.828809999999999	11.1598	11.9587	8.27804	9.43141	3.64922	0.0	0.0	0.0
Node 138		8.30284	11.74216	12.09136	11.03535	11.092	11.13664	9.62938	8.18117	12.71858	10.32357	10.00876	9.204320000000001	9.38888	11.40023	8.24773	11.28748	7.6982	9.36032	9.23684	3.64922	0.0	0.0	0.0
Node 34		3.36652	12.488050000000001	11.23085	13.877	11.22238	11.85674	10.42294	9.17324	13.710349999999998	7.67478	14.78061	9.86697	9.47307	11.51697	6.85858	10.55632	12.50206	7.27443	9.55226	3.64922	0.0	0.0	0.0
Node 153		8.12666	7.7627500000000005	12.581129999999998	14.281849999999999	8.03993	13.404530000000001	9.644369999999999	9.84222	9.90598	9.47497	15.05652	9.65977	8.19753	9.0778	8.55014	10.611139999999999	10.29607	7.475510000000001	9.55226	3.64922	0.0	0.0	0.0
Node 162		8.79783	9.368020000000001	12.00375	9.34773	11.23494	6.9906999999999995	10.36021	7.65088	9.15069	9.87286	12.13202	9.88214	8.06754	10.868419999999999	8.38821	12.26056	10.645069999999999	8.89906	10.977689999999999	3.64922	0.0	0.0	0.0
Node 88		10.60522	8.99133	12.01743	10.49014	10.48753	11.95209	7.977480000000001	6.37036	12.5582	10.20138	14.5222	10.176499999999999	9.26109	11.19875	9.09382	13.085469999999999	9.79558	9.42353	9.55226	3.64922	0.0	0.0	0.0
Node 185		7.80202	11.5008	12.56362	15.81745	11.16304	15.69307	10.180530000000001	10.697669999999999	11.97461	10.06654	14.78061	12.627830000000001	9.520299999999999	9.12613	7.61686	10.853060000000001	9.68884	9.15333	8.621410000000001	3.64922	0.0	0.0	0.0
Node 47		4.11323	15.76005	11.23085	14.75921	8.430029999999999	10.38895	10.3418	9.17324	11.43619	10.02051	12.85387	11.809980000000001	7.43504	8.667769999999999	10.10787	10.853060000000001	9.91391	6.79495	8.07611	3.64922	0.0	0.0	0.0
Node 51		7.64865	9.74149	14.458319999999999	7.539	12.62444	11.1984	9.70795	10.67046	12.7106	8.87505	14.21566	9.86697	8.10693	13.14194	7.552630000000001	12.26056	11.28291	8.78223	10.16769	3.64922	0.0	0.0	0.0
Node 99		6.71594	10.196900000000001	12.00375	15.091099999999999	11.16304	11.85674	7.72954	9.763959999999999	15.179519999999998	9.176	10.531500000000001	8.612680000000001	10.39742	12.48799	9.76865	13.971990000000002	10.59565	8.78223	9.55226	3.64922	0.0	0.0	0.0
Node 191		7.64701	13.406290000000002	10.62677	12.62453	11.20763	11.05938	11.35225	8.8175	11.96663	9.609810000000001	14.53386	10.26539	9.38888	11.616219999999998	10.38654	12.73491	10.99541	8.73311	8.43923	3.64922	0.0	0.0	0.0
Node 113		7.02691	10.66217	11.91159	12.598680000000002	12.636800000000001	13.4764	11.135	8.22678	9.62268	7.66854	11.13712	9.86697	11.54505	12.48799	8.515649999999999	10.55632	9.0071	6.0564100000000005	10.83541	3.64922	0.0	0.0	0.0
Node 52		6.896850000000001	9.74149	12.528559999999999	11.80449	11.039499999999999	15.554129999999999	10.36021	8.18117	7.31541	8.161290000000001	10.531500000000001	11.015089999999999	8.25161	12.97209	6.769010000000001	10.853060000000001	9.77074	9.53305	9.55226	3.64922	0.0	0.0	0.0
Node 114		5.96578	9.84547	12.80384	12.598680000000002	5.21956	11.24807	8.99553	9.40278	12.7106	10.06654	13.104289999999999	10.41966	10.37743	13.253770000000001	11.67186	7.336860000000001	10.52674	8.78223	9.43141	3.64922	0.0	0.0	0.0
Node 156		10.74493	9.84547	12.00375	13.350880000000002	9.70284	12.788540000000001	9.644369999999999	8.74042	15.45125	9.07937	12.05903	9.77351	10.39742	9.36381	9.97759	8.02322	10.60117	8.82321	9.23684	3.64922	0.0	0.0	0.0
Node 103		5.94297	10.65546	11.593879999999999	12.51426	11.89005	14.89393	10.34929	8.18117	9.40165	9.79313	14.21566	9.72058	9.49033	10.33956	10.16554	13.81996	9.559040000000001	9.53305	9.23684	3.64922	0.0	0.0	0.0
Node 107		11.54533	8.115020000000001	12.00375	9.36446	10.50893	12.091109999999999	5.90111	7.227029999999999	14.18775	7.67478	10.85492	11.18031	10.08576	10.33956	9.775730000000001	11.58422	9.77074	8.78223	7.72157	3.64922	0.0	0.0	0.0
Node 32		7.63228	9.97774	15.035699999999999	10.16089	13.47354	11.0252	9.644369999999999	10.48949	14.18775	10.32357	10.120650000000001	8.877839999999999	8.461820000000001	11.51697	8.99322	9.87998	9.74345	9.834950000000001	9.23684	3.64922	0.0	0.0	0.0
Node 87		6.896850000000001	10.63172	11.91159	14.366689999999998	11.96129	9.668849999999999	9.644369999999999	10.4383	9.11871	9.63287	10.31903	12.627830000000001	10.99285	11.6267	10.634920000000001	11.58422	8.87001	8.207780000000001	8.07611	3.64922	0.0	0.0	0.0
Node 144		5.85221	8.9121	11.69724	15.091099999999999	8.79076	15.08232	10.72721	7.3245000000000005	15.179519999999998	8.60863	8.740870000000001	11.58521	6.65548	11.83944	11.13992	12.31871	11.28291	9.89986	9.23684	3.64922	0.0	0.0	0.0
Node 94		9.1625	9.84547	14.458319999999999	12.598680000000002	11.96129	12.047130000000001	11.91324	9.99498	10.11819	9.79313	10.531500000000001	9.2139	10.19384	6.3842099999999995	9.29927	10.55632	10.59565	8.78223	7.65902	3.64922	0.0	0.0	0.0
Node 112		6.92294	8.0954	12.68449	15.091099999999999	10.53624	11.769350000000001	7.72954	10.56768	14.832210000000002	10.32357	12.529090000000002	9.86697	9.49033	10.33956	7.53772	12.995049999999999	9.68884	7.071470000000001	10.16769	3.64922	0.0	0.0	0.0
Node 73		4.7102699999999995	12.4045	14.545930000000002	11.08008	13.299949999999999	10.13857	8.6899	9.65973	14.17977	8.161290000000001	9.61561	11.51362	8.25161	7.55816	9.11036	11.58422	10.458	8.9586	8.15161	3.64922	0.0	0.0	0.0
Node 57		8.340019999999999	11.56734	13.12325	12.35646	6.79984	14.78982	8.8481	8.89576	14.12647	8.69173	12.43784	8.30716	10.28964	11.51697	9.76865	5.912640000000001	10.458	8.73311	9.23684	3.64922	0.0	0.0	0.0
Node 75		7.50717	12.53677	14.458319999999999	9.96106	11.89809	6.8617	9.40574	9.90645	9.11871	10.27018	11.13712	8.224770000000001	10.23976	10.23052	9.85949	10.614469999999999	11.28291	8.73311	9.55226	3.64922	0.0	0.0	0.0
Node 105		7.50717	9.97774	6.72493	11.94278	7.31983	13.2246	10.36021	10.328710000000001	9.53227	9.46173	14.21566	10.41966	8.35374	13.527230000000001	10.10787	8.41928	8.20759	7.55333	9.55226	3.64922	0.0	0.0	0.0
Node 170		6.658790000000001	12.49232	11.23085	14.366689999999998	7.948869999999999	11.24807	9.08673	7.227029999999999	14.12647	8.806709999999999	13.232859999999999	10.46795	8.90594	10.868419999999999	10.10787	13.17829	9.68884	6.89064	7.8238	3.64922	0.0	0.0	0.0
Node 22		8.40939	14.059830000000002	12.76022	12.66719	8.591899999999999	11.945500000000001	10.36021	9.78918	9.07588	10.32357	12.51992	10.41966	10.48657	8.23021	10.09133	10.800600000000001	9.089	8.73311	8.65012	3.64922	0.0	0.0	0.0
Node 116		7.63228	9.84547	8.334859999999999	12.51426	10.48753	13.36415	8.44196	7.227029999999999	14.240639999999999	10.55095	11.55701	9.86697	7.458380000000001	11.727609999999999	8.04519	12.31871	11.28291	8.73311	9.43141	3.64922	0.0	0.0	0.0
Node 14		6.276750000000001	9.97774	11.593879999999999	12.51426	12.62444	10.99762	8.83386	8.18117	11.109960000000001	8.87505	10.56776	7.102650000000001	10.39742	11.83944	10.09841	12.40913	9.68884	6.79257	9.55226	3.64922	0.0	0.0	0.0
Node 9		7.3262599999999996	15.76005	12.86426	10.44137	8.677890000000001	12.81121	3.75289	8.32425	10.15312	9.689540000000001	15.098809999999999	8.29199	11.412569999999999	10.76784	8.99322	10.853060000000001	9.10832	8.207780000000001	5.93105	3.64922	0.0	0.0	0.0
Node 71		7.7990699999999995	10.75064	9.276489999999999	9.78942	12.69614	13.343350000000001	8.6899	9.84222	11.44282	10.27018	11.4304	10.19724	8.91814	10.33956	10.634920000000001	12.40913	8.319840000000001	7.54291	9.23684	3.64922	0.0	0.0	0.0
Node 183		9.15955	9.07257	13.473379999999999	10.28186	9.788829999999999	10.48399	8.6899	7.227029999999999	14.58795	9.40549	11.87289	8.142380000000001	8.25161	8.83495	10.10787	9.87998	8.188270000000001	8.207780000000001	8.662830000000001	3.64922	0.0	0.0	0.0
Node 168		8.55218	13.30967	10.33492	10.88025	10.48128	11.13664	9.40574	9.763959999999999	14.58795	7.888630000000001	10.31903	11.015089999999999	10.99285	10.76149	9.07236	12.879750000000001	11.19027	9.40944	9.55226	3.64922	0.0	0.0	0.0
Node 125		6.74109	11.5008	10.049389999999999	14.95475	12.51326	12.66695	10.789940000000001	9.27071	14.58795	8.161290000000001	13.31676	11.74503	8.25161	13.041030000000001	10.9191	14.648330000000001	7.42775	9.15333	10.977689999999999	3.64922	0.0	0.0	0.0
Node 35		10.1752	9.75995	13.62073	10.53997	10.48128	11.50643	9.70397	10.8398	14.95154	6.9814	10.31903	10.19345	8.10693	10.11929	11.55523	13.17829	8.188270000000001	9.15333	9.23684	3.64922	0.0	0.0	0.0
Node 48		7.7990699999999995	9.84547	12.68449	13.877	10.54249	11.85674	10.36021	9.17324	14.43555	7.888630000000001	11.55701	12.40306	8.10693	12.48799	8.24409	8.84544	11.04372	9.42353	8.65012	3.64922	0.0	0.0	0.0
Node 12		7.80202	8.006929999999999	10.049389999999999	11.00718	13.299949999999999	12.707099999999999	10.36021	9.180919999999999	13.3825	9.98784	9.93903	6.52382	9.7109	11.40023	10.634920000000001	11.58422	9.68884	8.78223	9.4514	3.64922	0.0	0.0	0.0
Node 50		6.276750000000001	10.75064	11.23085	14.409350000000002	9.95872	13.343350000000001	10.36021	9.17324	15.5233	8.69173	10.78618	10.19724	10.463989999999999	12.28275	10.634920000000001	13.085469999999999	10.60117	8.82321	8.621410000000001	3.64922	0.0	0.0	0.0
Node 111		6.658790000000001	8.99133	12.00375	12.48624	10.723180000000001	12.81121	12.151869999999999	7.3245000000000005	13.710349999999998	9.40549	11.70207	6.113770000000001	7.20768	11.51697	10.10787	12.26056	11.9587	8.72649	9.58097	3.64922	0.0	0.0	0.0
Node 118		7.64701	7.5918399999999995	12.86426	12.66719	9.128730000000001	14.2235	7.97504	6.696739999999999	13.323099999999998	7.16952	13.05393	11.08324	8.10693	10.868419999999999	10.84046	13.91384	11.19092	8.76908	10.16769	3.64922	0.0	0.0	0.0
Node 199		2.06427	9.97774	12.68449	16.354779999999998	10.48128	12.50533	5.807840000000001	8.22678	11.718829999999999	9.10243	12.85387	9.86697	11.65938	10.868419999999999	9.775730000000001	10.800600000000001	11.28291	8.78223	9.43141	3.64922	0.0	0.0	0.0
Node 6		7.163659999999999	11.56734	14.545930000000002	13.66853	9.21839	14.2235	9.644369999999999	9.17324	11.85393	7.883279999999999	11.70207	8.224770000000001	8.10693	9.24101	10.857	12.641160000000001	11.79013	6.94235	10.16769	3.64922	0.0	0.0	0.0
Node 18		8.8343	11.34081	11.23085	14.049439999999999	10.54249	11.9185	9.644369999999999	5.61787	11.15272	9.2833	15.77806	10.65951	9.38888	11.51697	9.637410000000001	10.611139999999999	10.06236	6.0564100000000005	9.55226	3.64922	0.0	0.0	0.0
Node 178		8.79783	8.60448	12.00375	12.598680000000002	10.25481	11.13664	10.969619999999999	9.180919999999999	11.77078	8.69173	9.40314	8.30716	8.43793	7.55816	10.726719999999998	14.128660000000002	8.319840000000001	8.165930000000001	8.51918	3.64922	0.0	0.0	0.0
Node 180		8.08414	14.059830000000002	13.68542	9.988	8.79076	9.402249999999999	8.93195	7.227029999999999	9.11871	9.40549	12.03602	9.27154	7.20768	7.759539999999999	8.515649999999999	9.60027	10.60117	7.52722	7.72157	3.64922	0.0	0.0	0.0
Node 129		6.7012100000000006	9.97774	11.23085	5.855230000000001	7.76519	12.81121	10.36021	9.49184	10.97486	9.79313	8.553189999999999	10.19345	7.55473	9.79682	7.7861	12.31871	10.21417	6.17338	9.58097	3.64922	0.0	0.0	0.0
Node 132		5.96578	9.84547	10.2436	13.308449999999999	9.48321	8.59609	10.3418	9.84758	13.5882	7.3581900000000005	7.50324	10.41966	8.006689999999999	11.40023	8.55014	13.17829	6.29676	9.36032	8.621410000000001	3.64922	0.0	0.0	0.0
Node 79		7.1312	13.12411	10.62677	13.34894	11.16304	11.85674	9.644369999999999	9.49184	10.43642	10.32357	14.13461	8.05999	9.09213	10.76784	9.85949	12.995049999999999	11.79013	8.73311	9.58097	3.64922	0.0	0.0	0.0
Node 163		9.37467	6.368119999999999	12.810469999999999	11.91693	10.42885	11.77289	11.91324	9.08709	11.207989999999999	8.26011	11.06179	9.27154	8.35374	10.871369999999999	9.75606	10.611139999999999	11.28291	9.36032	10.16769	3.64922	0.0	0.0	0.0
Node 28		6.896850000000001	8.99133	12.581129999999998	12.47533	10.23172	11.05938	10.18431	8.18117	13.84398	8.806709999999999	15.13757	10.17967	9.687560000000001	6.3842099999999995	11.38405	12.995049999999999	9.089	9.48393	9.23684	3.64922	0.0	0.0	0.0
Node 3		7.63228	10.75064	12.00375	14.601410000000001	7.8717999999999995	11.90827	10.42379	9.65437	12.5582	10.07718	13.610040000000001	8.29199	8.10693	10.11294	9.85949	12.879750000000001	11.86863	9.40944	9.55226	3.64922	0.0	0.0	0.0
Node 43		3.36652	13.254299999999999	13.38785	14.366689999999998	10.20956	11.09304	10.42294	9.180919999999999	15.695509999999999	7.888630000000001	14.53386	12.66064	8.06101	10.252740000000001	11.67186	9.87998	9.77074	9.40944	8.621410000000001	3.64922	0.0	0.0	0.0
Node 117		7.56741	10.75064	9.276489999999999	12.51426	13.299949999999999	14.17383	8.6899	8.22678	12.96638	8.806709999999999	14.21566	9.60181	7.41246	10.868419999999999	9.39787	9.60027	10.60117	8.73311	8.07611	3.64922	0.0	0.0	0.0
Node 89		9.28761	10.63172	12.78949	14.228399999999999	9.788829999999999	15.50992	8.6899	8.39467	13.302169999999998	9.689540000000001	12.60097	9.86697	9.38888	10.33956	9.76865	12.112390000000001	9.56935	9.67866	7.9808900000000005	3.64922	0.0	0.0	0.0
Node 80		6.896850000000001	8.99133	9.276489999999999	11.56705	9.342730000000001	12.492989999999999	9.644369999999999	7.89601	12.96638	8.69173	11.514299999999999	9.99593	9.885489999999999	13.253770000000001	8.24409	12.26056	9.08676	8.66539	9.40998	3.64922	0.0	0.0	0.0
Node 131		7.6181600000000005	9.081809999999999	15.035699999999999	14.366689999999998	8.12592	11.8586	10.3418	8.22678	11.31366	8.60239	11.24094	10.41966	9.38888	11.1036	8.24409	2.77061	11.28291	7.622909999999999	7.979360000000001	3.64922	0.0	0.0	0.0
Node 41		9.4544	8.086160000000001	12.00375	11.372	11.436300000000001	13.79175	8.6899	7.227029999999999	14.573649999999999	9.40549	14.174990000000001	11.08324	7.41246	9.316320000000001	8.24409	12.26056	9.77074	8.73311	8.621410000000001	3.64922	0.0	0.0	0.0
Node 69		8.55218	8.91938	15.035699999999999	10.8853	11.15068	13.427200000000001	8.017710000000001	10.12738	12.88861	8.39432	12.85387	10.41966	8.25161	12.1129	7.567749999999999	9.87998	11.28291	7.622909999999999	8.621410000000001	3.64922	0.0	0.0	0.0
Node 123		5.96578	10.7279	10.62677	12.67644	11.20763	12.091109999999999	7.97504	7.37011	15.45125	8.161290000000001	10.30204	9.86697	10.39742	10.868419999999999	9.637410000000001	10.853060000000001	7.231990000000001	8.07866	9.55226	3.64922	0.0	0.0	0.0
Node 55		7.69725	11.60105	13.13513	12.48624	10.50893	12.81121	12.3203	9.84222	9.57939	10.32357	10.74898	11.775739999999999	7.20768	10.11929	10.10787	10.55632	11.28291	9.40944	6.44767	3.64922	0.0	0.0	0.0
Node 195		8.55218	14.10437	9.276489999999999	7.392799999999999	11.96129	13.427200000000001	10.789940000000001	10.12738	13.84398	8.161290000000001	13.595869999999998	9.86697	8.49352	10.93172	10.38654	12.26056	10.88996	7.55333	10.16769	3.64922	0.0	0.0	0.0
Node 86		9.73794	11.74216	12.76022	13.54665	8.480970000000001	14.1965	9.644369999999999	9.898769999999999	11.718829999999999	7.32368	11.198170000000001	8.96023	9.61534	10.83196	8.771139999999999	10.55632	11.04372	9.53305	7.65902	3.64922	0.0	0.0	0.0
Node 171		10.64016	9.84547	12.76022	13.55802	10.54249	14.2235	9.644369999999999	8.22678	14.421249999999999	8.69173	15.62147	9.77351	7.55473	12.48799	8.99322	11.58422	10.46456	8.78223	8.43923	3.64922	0.0	0.0	0.0
Node 137		8.187510000000001	8.02345	13.26187	15.091099999999999	10.95351	14.78982	8.69088	9.65973	12.564829999999999	6.424340000000001	10.00281	8.29199	8.90594	12.04878	6.94403	9.87998	9.68884	5.48181	10.04684	3.64922	0.0	0.0	0.0
Node 194		8.25733	13.231470000000002	12.581129999999998	4.99472	12.39956	11.8586	10.17042	8.74042	12.96638	10.55095	12.60097	9.86697	7.20768	10.11929	10.92273	14.128660000000002	11.151819999999999	9.89986	10.16769	3.64922	0.0	0.0	0.0
Node 104		5.34568	10.75064	11.0165	14.228399999999999	11.89809	12.50533	9.644369999999999	7.227029999999999	15.10394	7.10359	14.80362	10.41966	10.99285	10.76784	11.38405	11.58422	11.151819999999999	9.15333	9.55226	3.64922	0.0	0.0	0.0
Node 146		9.10433	9.07257	13.65084	12.73302	8.430029999999999	12.788540000000001	8.056049999999999	9.84222	11.43619	2.06901	14.78061	8.9248	7.20768	13.200660000000001	7.46047	9.87998	11.28291	8.73311	8.965539999999999	3.64922	0.0	0.0	0.0
Node 147		9.90626	10.60487	13.533120000000002	14.075289999999999	8.42379	11.13664	7.032109999999999	8.90112	14.17977	8.161290000000001	11.61376	9.27154	10.08576	13.200660000000001	6.7403900000000005	10.79341	11.151819999999999	7.493790000000001	9.23684	3.64922	0.0	0.0	0.0
Node 23		9.0896	7.27329	13.44164	14.09862	9.48946	10.87004	9.644369999999999	9.17324	7.8538499999999996	10.32357	9.40314	9.72058	7.41246	10.11929	10.80559	11.28748	9.69492	8.10272	8.621410000000001	3.64922	0.0	0.0	0.0
Node 40		5.05281	10.7279	15.035699999999999	15.091099999999999	10.3408	13.52607	10.17042	9.180919999999999	14.58795	8.03744	11.70207	8.45369	5.79335	11.51697	9.990730000000001	11.28748	11.276959999999999	9.40944	8.51918	3.64922	0.0	0.0	0.0
Node 66		7.53326	14.200899999999999	12.00375	13.684940000000001	7.08344	14.89393	9.644369999999999	8.8175	11.9661	9.689540000000001	15.62147	11.08324	9.66498	10.11929	9.748700000000001	11.02505	9.77074	7.475510000000001	9.55226	3.64922	0.0	0.0	0.0
Node 126		7.311529999999999	13.231470000000002	9.61599	13.684940000000001	10.50893	11.13664	10.41883	9.49184	12.96638	9.609810000000001	15.70252	9.27154	12.190520000000001	9.4169	10.957600000000001	10.614469999999999	10.989889999999999	9.68164	9.23684	3.64922	0.0	0.0	0.0
Node 42		8.25733	7.7627500000000005	11.593879999999999	14.18579	12.62444	14.2235	10.18431	9.65973	10.083630000000001	6.95478	15.70252	7.06991	9.687560000000001	12.37616	9.775730000000001	12.31871	10.465349999999999	8.14824	10.04684	3.64922	0.0	0.0	0.0
Node 102		3.4655400000000003	9.07772	15.31883	14.23034	13.299949999999999	10.20131	11.11053	10.12738	14.17977	9.52047	15.70252	7.31803	7.245010000000001	11.84257	10.51778	12.995049999999999	11.29499	8.73311	9.23684	3.64922	0.0	0.0	0.0
Node 190		7.64701	11.56734	13.533120000000002	11.80449	9.788829999999999	11.13664	9.644369999999999	10.12738	12.844230000000001	8.0876	12.05903	9.86697	7.904559999999999	10.76784	9.85949	10.21946	11.29499	10.41391	8.74979	3.64922	0.0	0.0	0.0
Node 187		7.2564400000000004	10.75064	11.593879999999999	14.25162	11.23494	11.09304	8.6899	7.37011	11.718829999999999	10.02051	13.41882	8.29199	10.19384	10.11929	9.775730000000001	9.87998	9.0071	8.07866	9.55226	3.64922	0.0	0.0	0.0
Node 74		6.56307	13.406290000000002	12.68449	14.228399999999999	11.20763	12.091109999999999	8.223600000000001	10.67046	10.97486	9.07937	11.87289	8.30716	9.59276	11.51697	9.775730000000001	7.4393	10.59565	9.48393	9.23684	3.64922	0.0	0.0	0.0
Node 166		6.896850000000001	14.095920000000001	12.10875	14.366689999999998	12.546289999999999	11.77289	8.37431	8.8175	11.96663	8.161290000000001	9.75408	9.27154	7.59427	10.77814	10.8061	9.82752	11.28291	8.14824	10.36226	3.64922	0.0	0.0	0.0
Node 127		7.50717	10.75064	13.26187	11.91693	10.04143	12.091109999999999	8.056049999999999	8.316569999999999	11.96663	6.65205	13.952829999999999	9.86697	6.66926	10.868419999999999	10.05475	12.26056	10.458	8.89906	9.23684	3.64922	0.0	0.0	0.0
Node 145		10.22627	10.63172	12.969259999999998	13.15322	11.23494	12.091109999999999	8.132259999999999	9.48648	12.717229999999999	8.87505	11.5264	9.2139	10.99285	10.868419999999999	10.16554	11.58422	8.88933	8.04996	9.37008	3.64922	0.0	0.0	0.0
Node 165		5.98288	8.006929999999999	14.1105	11.56705	12.779670000000001	10.13857	7.26913	8.26947	14.832210000000002	6.95478	12.53934	8.224770000000001	9.434800000000001	12.28275	8.2096	10.611139999999999	11.80824	8.65311	10.16769	3.64922	0.0	0.0	0.0
Node 7		7.163659999999999	14.17919	12.68449	13.54665	10.50893	12.788540000000001	9.46847	5.07944	12.85221	10.51828	10.78618	9.591619999999999	9.8015	10.868419999999999	10.85337	12.31871	10.382660000000001	8.78223	9.55226	3.64922	0.0	0.0	0.0
Node 184		5.34568	10.75064	10.2436	15.091099999999999	8.677890000000001	14.81249	8.93195	9.48648	10.97486	6.9814	12.696969999999999	8.45369	10.99285	9.42325	9.990730000000001	12.26056	9.77626	8.62805	9.23684	3.64922	0.0	0.0	0.0
Node 100		7.92913	10.66217	8.555010000000001	13.32309	10.06283	11.769350000000001	9.46847	6.75631	12.5049	9.609810000000001	11.13712	6.52382	9.30701	11.83944	9.2416	9.87998	10.458	8.78223	9.55226	3.64922	0.0	0.0	0.0
Node 97		7.64701	9.97774	11.91159	13.877	9.788829999999999	11.13664	10.42294	9.898769999999999	11.852459999999999	9.689540000000001	6.21233	9.86697	8.25161	12.22964	8.04519	11.1598	9.01318	8.78223	8.662830000000001	3.64922	0.0	0.0	0.0
Node 161		8.44741	10.75064	11.593879999999999	1.69152	7.84295	12.71032	10.01515	8.81482	12.96638	10.32357	10.18056	11.99706	9.04978	9.83328	9.41641	7.58234	10.59565	9.39766	9.55226	3.64922	0.0	0.0	0.0
Node 189		6.065799999999999	9.84547	9.276489999999999	15.091099999999999	11.96129	12.091109999999999	6.096010000000001	10.7181	9.15069	9.2002	11.13712	7.25959	7.20768	10.868419999999999	10.92273	11.58422	11.28291	5.90901	9.38049	3.64922	0.0	0.0	0.0
Node 56		8.70424	11.56734	12.4774	14.23034	12.43511	11.13664	9.62938	8.97264	11.718829999999999	9.47497	11.70207	8.224770000000001	8.10693	10.11929	9.21076	12.879750000000001	12.50206	6.749099999999999	10.025409999999999	3.64922	0.0	0.0	0.0
Node 58		8.995849999999999	10.66217	14.458319999999999	15.645010000000001	7.74828	11.84499	11.1974	7.89601	15.70981	9.689540000000001	10.78618	10.108350000000002	10.08576	12.04878	9.11036	13.91278	10.60117	7.622909999999999	7.8238	3.64922	0.0	0.0	0.0
Node 2		5.63798	10.75064	11.10411	12.99542	11.14443	14.17383	10.180530000000001	7.227029999999999	14.573649999999999	9.689540000000001	13.88171	10.18596	8.803809999999999	10.11929	10.10787	12.26056	10.90799	6.749099999999999	10.16769	3.64922	0.0	0.0	0.0
Node 36		6.5761	13.94081	10.049389999999999	14.0348	12.779670000000001	10.13857	5.3705099999999995	8.22678	11.852459999999999	9.98784	11.13712	9.77351	11.65938	9.83328	7.53772	11.529399999999999	11.28291	8.73311	9.23684	3.64922	0.0	0.0	0.0
Node 160		8.987779999999999	10.75064	13.576740000000001	11.76183	12.51326	12.492989999999999	10.3418	9.79951	14.420269999999999	8.747969999999999	10.20327	10.92163	8.8826	11.40023	8.30176	12.31871	10.527849999999999	8.207780000000001	9.55226	3.64922	0.0	0.0	0.0
Node 196		9.64227	11.74216	11.23085	15.091099999999999	11.96129	12.091109999999999	10.36021	10.4383	10.11819	10.73427	13.31676	11.739479999999999	10.39742	11.19875	9.19727	10.611139999999999	11.87525	6.19766	9.55226	3.64922	0.0	0.0	0.0
Node 120		8.260290000000001	10.47308	14.35496	13.32309	9.788829999999999	9.51344	8.92103	7.3245000000000005	11.96663	8.69173	15.70252	7.25959	10.99285	6.7213400000000005	10.84046	13.704659999999999	10.42608	8.78223	8.793769999999999	3.64922	0.0	0.0	0.0
Node 67		11.54533	10.75064	13.004679999999999	12.58485	10.54249	11.13664	8.69088	9.710920000000002	10.11819	8.60239	9.75408	10.19345	9.7912	11.63733	9.748700000000001	13.614239999999999	10.42111	7.3254399999999995	9.55226	3.64922	0.0	0.0	0.0
Node 96		5.94069	8.0954	13.26187	14.139180000000001	9.95544	11.13664	9.644369999999999	9.8273	13.248869999999998	8.69173	6.419239999999999	10.41966	8.43793	11.533619999999999	7.9523399999999995	11.529399999999999	10.60117	8.99122	7.10614	3.64922	0.0	0.0	0.0
Node 44		6.62103	11.5008	11.10411	9.082510000000001	11.87078	13.79175	7.97504	9.78918	12.564829999999999	7.3581900000000005	11.13712	7.30286	10.28964	13.200660000000001	7.509580000000001	10.611139999999999	9.91391	9.67866	9.55226	3.64922	0.0	0.0	0.0
Node 167		8.47258	9.84547	13.533120000000002	12.598680000000002	6.1789	11.85674	9.644369999999999	9.10042	11.97461	8.4802	12.13202	10.3262	10.99285	8.59246	9.637410000000001	12.11585	8.29171	8.10272	9.23684	3.64922	0.0	0.0	0.0
Node 151		8.98645	8.91938	15.20592	15.311179999999998	7.74828	13.50864	10.36021	9.49184	14.30192	8.161290000000001	12.66791	10.85703	7.458380000000001	11.51697	10.09133	9.87998	8.28341	8.73311	9.23684	3.64922	0.0	0.0	0.0
Node 176		6.276750000000001	8.99133	9.276489999999999	12.48624	13.299949999999999	9.624870000000001	10.36021	8.74042	12.966230000000001	10.32357	8.838189999999999	10.59136	10.08576	7.032760000000001	10.07338	10.611139999999999	9.0071	8.83499	7.44628	3.64922	0.0	0.0	0.0
Node 106		10.064720000000001	11.53689	13.367709999999999	11.76183	9.788829999999999	12.091109999999999	9.70795	8.952309999999999	11.45373	8.94453	8.40344	9.86697	11.09517	10.76784	11.47206	12.49846	10.989889999999999	8.14824	9.55226	3.64922	0.0	0.0	0.0
Node 85		6.276750000000001	9.84547	8.555010000000001	15.091099999999999	9.40347	11.13664	10.42294	9.04978	11.852459999999999	8.0876	8.838189999999999	11.97175	7.55473	9.316320000000001	10.67435	9.87998	10.90799	7.475510000000001	9.36522	3.64922	0.0	0.0	0.0
Node 1		7.69725	10.75064	14.458319999999999	12.598680000000002	9.65825	12.091109999999999	10.36021	10.328710000000001	10.77118	8.161290000000001	12.66791	10.025960000000001	7.98335	12.37616	5.35065	11.629299999999999	10.21417	8.88359	7.85251	3.64922	0.0	0.0	0.0
Node 19		5.33037	7.61266	12.00375	13.34894	12.62444	11.13664	9.644369999999999	8.8175	13.82968	8.161290000000001	15.77806	7.31803	9.885489999999999	10.11929	8.771139999999999	12.447130000000001	9.00158	7.48419	9.55226	3.64922	0.0	0.0	0.0
Node 119		4.4164	14.095920000000001	11.23085	12.625230000000002	13.299949999999999	12.788730000000001	10.01515	10.12738	12.310400000000001	10.55095	12.13202	10.65951	9.7109	13.0198	7.16872	12.20521	9.00158	7.475510000000001	7.8238	3.64922	0.0	0.0	0.0
Node 186		8.66751	8.99133	12.810469999999999	16.04986	11.23494	10.13857	8.6899	9.84222	11.497300000000001	7.66854	11.70207	10.59136	7.42145	11.83944	10.634920000000001	11.02505	10.59565	9.15333	3.6599199999999996	3.64922	0.0	0.0	0.0
Node 98		6.896850000000001	11.5008	12.46182	14.95475	9.06248	14.17383	8.11895	6.7942100000000005	14.29977	9.609810000000001	13.41882	12.40306	10.0697	11.58404	9.09382	7.9799999999999995	11.28291	8.207780000000001	9.23684	3.64922	0.0	0.0	0.0
Node 143		6.896850000000001	8.02345	12.45439	10.8853	10.91347	15.50992	9.46847	9.10042	12.31341	10.32357	12.13202	10.43709	10.0936	11.40023	9.93863	8.923929999999999	11.28291	8.73311	8.51918	3.64922	0.0	0.0	0.0
Node 197		6.5761	13.293520000000001	13.26187	14.1179	11.99206	12.36548	9.644369999999999	8.22678	12.717229999999999	9.08541	11.87289	11.08324	7.55473	8.32394	6.32484	9.60027	11.28291	6.82538	9.55226	3.64922	0.0	0.0	0.0
Node 115		6.71594	13.28693	13.86519	14.366689999999998	7.52954	14.89393	9.644369999999999	9.27071	11.436169999999999	7.69516	12.51992	9.86697	8.803809999999999	11.83944	9.75606	12.26056	7.72548	9.72349	9.23684	3.64922	0.0	0.0	0.0
Node 77		7.71896	10.7279	12.00375	11.94278	8.677890000000001	12.81121	7.72954	8.18117	13.84398	9.73974	11.31393	10.025960000000001	7.458380000000001	8.06706	9.2416	10.611139999999999	10.59565	8.78223	8.43923	3.64922	0.0	0.0	0.0
Node 148		8.40939	11.37825	11.23085	13.46138	10.43669	10.13857	10.3418	9.180919999999999	12.829930000000001	9.07937	10.00876	7.31803	8.90594	11.51697	9.2416	10.611139999999999	11.67715	8.9586	10.025409999999999	3.64922	0.0	0.0	0.0
Node 154		9.53643	9.84547	12.895999999999999	14.366689999999998	12.62178	12.707099999999999	9.644369999999999	9.241349999999999	14.088239999999999	9.40549	9.40314	10.19345	11.038770000000001	12.48799	9.41641	13.237499999999999	9.77074	8.12778	9.23684	3.64922	0.0	0.0	0.0
Node 140		9.99477	9.07257	9.40445	14.912139999999999	10.3408	15.69307	6.71149	9.833219999999999	12.73153	8.27627	10.31903	9.25776	10.67435	10.11929	10.16554	10.55632	7.6982	9.39766	8.43923	3.64922	0.0	0.0	0.0
Node 175		5.98151	14.095920000000001	12.09136	13.37421	10.50893	12.81121	10.36021	9.10042	12.435939999999999	9.606449999999999	13.232859999999999	9.87252	10.39742	10.33956	9.19727	11.529399999999999	9.1111	8.73311	7.72157	3.64922	0.0	0.0	0.0
Node 152		9.08973	6.8487800000000005	11.0165	10.842640000000001	10.093729999999999	12.091109999999999	9.46847	9.17324	12.7106	10.73427	12.529090000000002	10.59136	9.687560000000001	10.871369999999999	9.24868	8.1691	10.458	6.76152	10.977689999999999	3.64922	0.0	0.0	0.0
Node 29		9.598230000000001	9.66226	10.049389999999999	12.76516	11.17208	10.52797	8.6899	9.84222	11.97461	8.69173	11.096449999999999	8.29199	7.847429999999999	10.11929	10.50519	11.58422	9.68884	8.10272	8.621410000000001	3.64922	0.0	0.0	0.0
Node 39		4.4164	11.5008	12.00375	13.49614	10.024479999999999	11.79684	2.89207	9.90645	12.844230000000001	9.609810000000001	11.45341	7.971100000000001	10.69045	7.7288	11.55523	11.58422	10.458	9.48393	6.43595	3.64922	0.0	0.0	0.0
Node 83		8.09076	6.551229999999999	12.00375	16.04986	12.62444	7.8484	10.3418	8.23531	11.025129999999999	8.69173	11.63234	11.51362	8.06101	6.46836	11.38405	15.267520000000001	9.33009	8.73311	8.07611	3.64922	0.0	0.0	0.0
Node 110		8.79783	9.07257	13.77758	9.63863	11.1552	9.668849999999999	11.35225	8.18117	11.96663	10.20138	10.78618	10.59136	10.39742	11.83944	10.10787	10.078420000000001	9.40742	8.73311	10.025409999999999	3.64922	0.0	0.0	0.0
Node 72		4.62103	13.190750000000001	9.54867	14.1179	11.26259	10.13857	8.437890000000001	10.12738	11.96663	10.32357	11.70207	10.19345	9.885489999999999	11.51697	8.771139999999999	12.995049999999999	10.88996	8.73311	9.38049	3.64922	0.0	0.0	0.0
Node 21		8.66751	10.88083	11.91159	14.73776	9.40347	14.17383	7.34119	9.75121	14.96584	6.9814	11.70207	8.29199	8.006689999999999	11.08396	8.24409	9.87998	9.0071	5.08915	7.72157	3.64922	0.0	0.0	0.0
Node 26		9.1625	8.99133	11.23085	13.684940000000001	10.25481	13.427200000000001	8.99553	9.49184	13.829530000000002	9.40549	10.18056	11.18031	8.803809999999999	10.76784	8.515649999999999	12.26056	11.04372	8.83499	10.16769	3.64922	0.0	0.0	0.0
Node 0		8.935609999999999	11.5008	12.895999999999999	11.80449	10.48753	14.89393	9.95242	9.180919999999999	10.15312	10.32357	10.49684	10.35244	11.54505	11.73251	9.85949	13.91384	11.320860000000001	8.07866	10.16769	3.64922	0.0	0.0	0.0
Node 92		4.43171	13.190750000000001	8.58263	13.03821	10.89656	11.85674	10.42294	10.8398	12.966230000000001	9.40549	11.24094	12.661739999999998	10.67435	10.33956	7.53772	11.17551	10.36463	5.90901	7.579070000000001	3.64922	0.0	0.0	0.0
Node 10		9.349630000000001	13.30967	12.969259999999998	16.354779999999998	7.08344	9.46158	10.44519	9.17324	14.17977	6.389830000000001	9.61561	11.015089999999999	6.042199999999999	12.22964	10.10787	12.879750000000001	9.76479	8.80078	8.621410000000001	3.64922	0.0	0.0	0.0
Node 78		6.896850000000001	10.75064	11.91159	12.598680000000002	11.90434	10.52797	9.644369999999999	9.17324	10.43642	6.95478	9.65304	11.38986	6.3526	10.33956	9.775730000000001	12.31871	11.28291	8.207780000000001	9.43141	3.64922	0.0	0.0	0.0
Node 122		9.4544	8.17664	11.23085	11.76183	11.91045	13.79175	9.30029	9.710920000000002	13.5739	8.07195	6.50934	9.2139	10.26935	12.48799	9.2416	11.58422	6.03012	8.73311	9.23684	3.64922	0.0	0.0	0.0
Node 169		8.88039	9.07257	11.015659999999999	13.48511	11.20763	10.929369999999999	9.644369999999999	7.227029999999999	11.30772	6.95478	12.32186	8.89301	9.38888	12.48799	8.04519	9.60027	11.28291	9.36032	9.23684	3.64922	0.0	0.0	0.0
Node 64		8.32529	9.84547	9.44146	14.049439999999999	11.17208	13.427200000000001	7.158589999999999	11.38708	10.36665	11.66131	12.43784	7.971100000000001	8.75789	9.316320000000001	12.22119	10.611139999999999	11.86863	9.40944	9.55226	3.64922	0.0	0.0	0.0
Node 91		8.187510000000001	12.49232	13.533120000000002	13.32309	12.546289999999999	11.24807	8.37431	9.75121	7.159	9.40549	12.237960000000001	9.51292	8.06101	10.868419999999999	9.990730000000001	8.0968	10.59565	8.207780000000001	8.621410000000001	3.64922	0.0	0.0	0.0
Node 159		8.55218	5.9027	13.533120000000002	15.091099999999999	10.25481	11.05938	9.46847	6.7942100000000005	12.7106	8.26635	14.488719999999999	8.29199	7.20768	10.868419999999999	10.51778	9.60027	9.10832	9.67866	9.40998	3.64922	0.0	0.0	0.0
Node 68		7.69725	11.74216	13.250300000000001	15.091099999999999	10.723180000000001	11.85674	10.36021	6.37036	11.85393	9.40549	11.10782	5.73304	6.45343	11.533619999999999	6.769010000000001	13.085469999999999	10.59565	9.55116	8.662830000000001	3.64922	0.0	0.0	0.0
Node 70		9.90921	9.973650000000001	14.458319999999999	14.366689999999998	10.34459	10.52797	9.40574	9.84758	11.97461	6.119079999999999	9.75408	7.26743	10.463989999999999	9.59043	7.625419999999999	11.58422	9.91391	4.67189	9.55226	3.64922	0.0	0.0	0.0
Node 101		7.77398	12.475060000000001	10.62677	11.56705	12.51326	14.72864	6.096010000000001	9.89334	10.47889	10.32357	9.75408	9.86697	9.7109	11.91142	10.09133	9.87998	11.28291	8.11395	9.23684	3.64922	0.0	0.0	0.0
Node 133		8.48423	9.93477	9.347669999999999	14.366689999999998	11.17208	13.5034	8.30217	7.50663	12.71858	7.888630000000001	14.21566	8.29199	9.66498	10.868419999999999	10.38654	12.89171	12.50206	9.15333	9.55226	3.64922	0.0	0.0	0.0
Node 54		9.31456	12.51506	11.23085	13.46138	8.12592	13.430420000000002	10.36021	9.03764	12.924260000000002	8.69173	12.14064	10.176499999999999	9.38888	11.40023	11.67186	13.174800000000001	11.28291	9.40944	8.621410000000001	3.64922	0.0	0.0	0.0
Node 192		9.1625	12.3175	13.77758	10.62964	12.45631	13.50864	9.644369999999999	6.559629999999999	11.43581	8.4802	14.69956	11.51362	10.08576	10.33956	7.53772	9.60027	10.458	8.73311	8.51918	3.64922	0.0	0.0	0.0
Node 13		7.7990699999999995	8.169220000000001	12.68449	12.779630000000001	10.06283	11.50643	10.36021	7.3245000000000005	12.844230000000001	10.98394	12.01836	10.03219	10.39742	6.909609999999999	10.634920000000001	10.611139999999999	10.88117	8.73311	10.16769	3.64922	0.0	0.0	0.0
Node 182		7.64701	12.53677	12.86426	11.94278	11.23494	10.52797	6.75557	7.227029999999999	11.97461	10.32357	11.67301	8.45369	9.1587	10.11929	9.2416	11.1598	11.28291	9.14904	9.307749999999999	3.64922	0.0	0.0	0.0
Node 172		6.71594	10.75064	12.00375	13.325029999999998	9.342730000000001	14.2235	9.40574	9.17324	14.573649999999999	7.3581900000000005	15.62147	8.29199	7.94132	10.76784	9.990730000000001	12.995049999999999	9.089	8.24375	6.6487099999999995	3.64922	0.0	0.0	0.0
Node 61		8.55218	13.190750000000001	12.78949	14.53123	8.12592	14.89393	11.3733	10.4383	12.5582	9.07937	10.00876	11.015089999999999	9.38888	9.02555	10.634920000000001	12.26389	11.28291	8.73311	10.16769	3.64922	0.0	0.0	0.0
Node 134		8.08414	9.84547	10.33492	12.66714	8.62546	8.58607	10.3418	9.763959999999999	15.179519999999998	8.69173	11.95497	11.015089999999999	11.65938	11.40023	10.80559	11.28748	10.52674	9.53305	9.55226	3.64922	0.0	0.0	0.0
Node 188		6.896850000000001	7.190230000000001	11.23085	14.366689999999998	11.15068	11.9185	10.41916	9.180919999999999	14.573649999999999	9.58413	12.32186	11.51362	7.53868	13.14194	6.21405	11.58422	11.56905	10.25311	9.55226	3.64922	0.0	0.0	0.0
Node 157		8.920960000000001	13.406290000000002	14.458319999999999	12.822239999999999	10.50893	11.85674	9.09015	9.49184	11.06784	7.3581900000000005	9.75408	8.29758	9.29459	6.99376	10.634920000000001	10.611139999999999	9.68289	9.40944	9.23684	3.64922	0.0	0.0	0.0
Node 174		10.12483	10.70767	10.33492	14.601410000000001	11.17208	12.788540000000001	10.906889999999999	9.17324	7.580159999999999	9.07937	14.879159999999999	9.86697	8.25161	10.33956	7.567749999999999	12.26056	11.133790000000001	9.74451	8.621410000000001	3.64922	0.0	0.0	0.0
Node 76		7.7990699999999995	16.46939	11.0165	13.37691	10.3408	11.85674	9.644369999999999	8.18117	11.96663	7.3581900000000005	14.21566	11.17012	8.45519	10.33956	9.11036	11.58422	10.29607	8.898200000000001	8.43923	3.64922	0.0	0.0	0.0
Node 63		8.25733	11.5008	12.68449	11.357059999999999	10.3408	13.4764	7.35737	9.84758	14.30192	8.161290000000001	11.70207	11.015089999999999	12.190520000000001	10.868419999999999	8.24409	12.879750000000001	11.28291	8.207780000000001	8.793769999999999	3.64922	0.0	0.0	0.0
Node 31		6.766179999999999	10.75064	14.35496	14.601410000000001	13.39484	15.50992	10.3418	9.180919999999999	9.579749999999999	7.888630000000001	14.13461	7.47414	9.02542	12.48799	9.52027	7.57723	11.8148	9.42353	9.55226	3.64922	0.0	0.0	0.0
Node 17		6.896850000000001	10.75064	12.698170000000001	8.83644	8.08151	13.50864	8.132259999999999	10.12738	12.96638	10.32357	9.75408	10.86082	10.39742	9.83328	10.80559	9.60027	9.79558	8.73311	8.662830000000001	3.64922	0.0	0.0	0.0
Node 46		7.64701	10.75064	10.2436	13.325029999999998	8.12592	12.81121	10.3418	8.32425	14.30192	7.888630000000001	10.22123	11.67151	9.60282	8.15121	10.857	12.26056	11.12098	8.207780000000001	9.23684	3.64922	0.0	0.0	0.0
Node 198		5.34568	12.49232	10.049389999999999	15.091099999999999	12.779670000000001	9.76389	10.41883	9.17324	11.718829999999999	7.2274400000000005	11.315290000000001	9.27154	6.906180000000001	9.4169	10.634920000000001	10.853060000000001	10.232330000000001	9.40944	8.51014	3.64922	0.0	0.0	0.0
Node 124		5.96578	14.84608	9.276489999999999	11.63058	10.3408	11.85674	10.36021	9.90645	11.97461	8.82977	12.85387	11.23827	9.42442	10.8043	5.31948	10.611139999999999	8.429359999999999	9.39766	9.23684	3.64922	0.0	0.0	0.0
Node 24		11.544	14.812330000000001	12.00375	12.598680000000002	11.86383	13.73057	11.1974	9.763959999999999	15.12942	8.03744	11.67306	11.40163	8.083590000000001	10.33956	6.0777600000000005	10.853060000000001	11.32681	9.36032	10.16769	3.64922	0.0	0.0	0.0
Node 82		9.20506	8.943249999999999	10.33492	11.08008	11.436300000000001	13.5034	7.740460000000001	8.18117	14.58795	9.99409	11.785969999999999	10.41966	10.19384	12.04878	7.07527	9.60027	10.60117	8.73311	9.58097	3.64922	0.0	0.0	0.0
Node 177		9.99477	9.84547	10.33492	15.81745	11.740200000000002	11.13664	8.363389999999999	10.4383	12.85221	9.52047	12.03602	8.28241	8.90594	8.01957	9.52027	12.31871	11.80824	7.475510000000001	8.662830000000001	3.64922	0.0	0.0	0.0
Node 11		6.09584	9.84547	11.593879999999999	14.6538	10.06283	10.52797	9.40574	7.3245000000000005	8.078249999999999	8.87505	15.710360000000001	12.7896	7.157769999999999	11.51697	10.634920000000001	12.45388	10.19606	7.475510000000001	9.23684	3.64922	0.0	0.0	0.0
Node 65		8.36768	9.75995	10.20818	7.539	11.87078	13.83596	6.875050000000001	10.12738	15.45125	6.424340000000001	10.74898	10.41966	10.746039999999999	7.032760000000001	9.966239999999999	10.853060000000001	11.28947	8.73311	9.55226	3.64922	0.0	0.0	0.0
Node 141		7.50717	8.99133	13.26187	13.50404	13.50602	11.13664	8.363389999999999	11.15847	15.5233	8.356	14.80362	10.3262	8.8826	9.83328	10.612870000000001	10.70489	9.707	8.73311	9.030199999999999	3.64922	0.0	0.0	0.0
Node 181		7.01218	14.84608	10.33492	3.78076	11.89809	12.81121	6.096010000000001	9.84758	12.7106	9.79313	12.66791	11.51362	10.19384	12.552109999999999	10.16554	7.36081	8.429359999999999	9.36032	9.55226	3.64922	0.0	0.0	0.0
Node 33		7.705190000000001	10.75064	13.533120000000002	12.63631	12.62444	11.13664	10.22828	8.8175	10.15312	9.47497	12.85387	9.60181	9.434800000000001	9.316320000000001	6.8658	10.853060000000001	10.90799	8.78223	9.38049	3.64922	0.0	0.0	0.0
Node 16		8.950339999999999	8.89883	13.078880000000002	6.4916	9.342730000000001	13.404530000000001	10.36021	8.8175	7.580159999999999	9.40549	10.18056	7.54424	9.38888	11.08396	10.634920000000001	10.611139999999999	11.28291	8.76367	4.14512	3.64922	0.0	0.0	0.0
Node 15		9.4544	12.3175	14.458319999999999	13.50404	10.024479999999999	14.89393	9.40574	9.763959999999999	9.47914	7.16952	9.75408	6.449580000000001	6.042199999999999	9.36381	6.84631	13.24812	6.03562	9.72349	9.23684	3.64922	0.0	0.0	0.0
Node 60		7.69725	9.84547	10.2436	10.44137	10.3408	11.2254	10.36021	6.7942100000000005	9.68098	9.40549	10.85492	11.998159999999999	9.95797	8.23021	9.84295	13.614239999999999	11.67715	8.73311	8.662830000000001	3.64922	0.0	0.0	0.0
Node 90		8.30757	11.5008	12.45439	12.51426	8.46838	11.85674	10.3418	8.22678	10.62243	8.82977	10.05199	9.86697	10.99285	10.33956	9.2416	13.14362	9.00158	8.73311	9.55226	3.64922	0.0	0.0	0.0
Node 193		10.74493	6.3065	12.68449	8.84654	10.04143	12.707099999999999	9.644369999999999	10.35692	14.58795	10.4535	11.13712	9.99593	10.08576	12.07049	6.769010000000001	11.529399999999999	10.645069999999999	6.13406	9.55226	3.64922	0.0	0.0	0.0
Node 62		6.896850000000001	10.72381	11.0165	13.03821	10.20956	11.1984	6.2287799999999995	9.89334	10.470740000000001	8.4802	9.75408	6.3455200000000005	8.70045	7.09301	9.990730000000001	9.60027	11.32681	8.78223	7.65902	3.64922	0.0	0.0	0.0
Node 30		7.64701	10.75064	11.23085	13.37691	11.883140000000001	10.38895	10.19105	10.328710000000001	8.695070000000001	9.689540000000001	11.70207	8.30716	11.309180000000001	8.83495	6.769010000000001	10.800600000000001	10.59565	8.207780000000001	9.23684	3.64922	0.0	0.0	0.0
Node 121		9.08973	13.190750000000001	10.89479	12.653310000000001	11.96129	11.834069999999999	8.223600000000001	8.18117	14.832210000000002	10.55095	14.80362	8.28241	7.458380000000001	11.40023	9.11036	12.40913	10.35646	8.07866	9.23684	3.64922	0.0	0.0	0.0
Node 93		7.50717	10.75064	12.969259999999998	11.78985	10.48128	13.36415	7.97504	7.49225	9.04895	10.22444	14.21566	12.66064	11.65938	10.868419999999999	7.51814	11.58422	11.67715	5.36915	7.9808900000000005	3.64922	0.0	0.0	0.0
