Node 58		4.98866	2.12715	3.21978	5.46008	2.29967	4.60724	5.53836	4.3885	6.90289	4.62868	8.80661	4.72794	6.68802	4.29489	6.017399999999999	2.6960499999999996	9.29889	5.167619999999999	3.19539	0.0	0.0	0.0	0.0
Node 2		5.83103	1.8454000000000002	6.14912	6.34005	2.09584	6.282640000000001	2.02096	6.50071	3.6105199999999997	1.73695	1.40663	6.82765	6.5229	0.66653	6.4733600000000004	9.19037	3.3891999999999998	4.39305	1.3752900000000001	0.0	0.0	0.0	0.0
Node 67		5.63469	3.10457	5.69585	5.0471200000000005	6.88584	6.92535	6.854590000000001	9.92042	1.9512	4.44974	6.02724	7.42733	6.586119999999999	4.73989	5.24419	5.32958	8.66224	1.36961	2.09295	0.9308500000000001	0.0	0.0	0.0
Node 36		3.2872199999999996	3.79576	1.8626299999999998	5.03726	4.71023	4.17998	3.09054	6.00537	2.8536099999999998	4.92128	8.04036	3.9953000000000003	7.40906	5.88343	6.0191	5.13469	8.421	6.1464	1.46393	0.0	0.0	0.0	0.0
Node 38		3.13298	8.333680000000001	4.942880000000001	5.29185	3.7679400000000003	7.40298	7.01466	1.70838	1.39987	3.1203700000000003	4.16297	5.851520000000001	2.35249	3.655	6.87701	3.78806	4.58728	2.8406000000000002	4.414	1.5985699999999998	0.0	0.0	0.0
Node 164		3.9424099999999997	5.863	1.8626299999999998	3.83526	3.15328	5.21506	6.342580000000001	2.2409499999999998	3.2935	2.9127400000000003	4.7265500000000005	2.04825	5.82385	2.6190499999999997	7.5662199999999995	3.97194	3.26595	4.9614199999999995	4.76334	0.9308500000000001	0.0	0.0	0.0
Node 104		2.84162	4.30677	2.66943	5.29097	5.78107	6.09131	4.96317	7.144889999999999	2.4271399999999996	2.3822300000000003	6.11944	4.43492	4.51066	3.99397	7.311579999999999	0.51446	7.11305	2.90611	2.67642	1.5985699999999998	0.0	0.0	0.0
Node 148		1.4313799999999999	6.418939999999999	2.65724	5.38896	4.56117	7.802829999999999	2.61644	2.08275	7.794429999999999	5.19675	6.954739999999999	1.9301700000000002	2.97716	5.06769	5.2086	3.8501800000000004	6.67495	5.40842	3.68137	1.9298	0.0	0.0	0.0
Node 112		2.41084	2.88291	2.45046	4.01353	3.2642900000000004	6.284280000000001	4.64117	4.56054	3.67879	5.55649	6.035159999999999	7.25889	6.42924	6.06752	7.022970000000001	1.6645900000000002	5.33665	2.0101999999999998	3.60089	0.7885700000000001	0.0	0.0	0.0
Node 51		3.79294	1.87322	4.69831	3.83497	6.39556	4.53859	4.58753	4.68823	2.8799200000000003	1.62157	3.96127	6.09918	8.927069999999999	1.58348	3.58138	5.1032	2.71821	4.125179999999999	4.522530000000001	0.9308500000000001	0.0	0.0	0.0
Node 61		2.07997	0.7501599999999999	3.17046	2.5344700000000002	2.07816	5.54393	4.30922	4.35672	2.66878	4.74809	4.03083	4.972300000000001	6.829140000000001	3.45356	6.90224	6.40558	7.60129	4.59818	4.45404	0.58672	0.0	0.0	0.0
Node 77		2.0110300000000003	7.04036	4.1627600000000005	5.97718	2.99282	3.0911299999999997	5.20931	5.57723	2.8951700000000002	3.0802199999999997	4.71078	2.11902	4.47714	3.3414800000000002	1.86367	5.69435	5.3634	2.38075	3.00692	1.34308	0.0	0.0	0.0
Node 29		2.34854	2.15033	2.40048	6.3505	8.11316	2.13373	5.3951199999999995	6.577330000000001	5.13784	4.5882	7.048150000000001	5.91265	1.62092	3.12886	5.99953	1.32932	6.96455	5.05818	4.15486	0.8099999999999999	0.0	0.0	0.0
Node 5		5.40848	2.8121899999999997	2.51862	4.4618400000000005	2.92812	4.83689	3.2590099999999995	6.760579999999999	7.4787300000000005	8.04841	3.6863	6.806579999999999	4.47805	1.31353	6.747160000000001	3.8059999999999996	5.2599100000000005	1.12482	3.44338	0.58672	0.0	0.0	0.0
Node 121		3.06834	3.6158	1.35206	3.11384	5.57292	5.0740300000000005	4.36189	4.79243	7.7025999999999994	6.55669	7.620970000000001	1.5265499999999999	6.74227	4.45966	6.308120000000001	2.89671	4.8560300000000005	1.5901399999999999	3.3915599999999997	0.9308500000000001	0.0	0.0	0.0
Node 32		6.21173	5.8976	5.3316799999999995	3.33004	5.63547	2.21887	7.9873899999999995	8.51041	1.8214899999999998	7.48038	5.4943800000000005	2.9770499999999998	1.5901100000000001	2.1937100000000003	6.190840000000001	3.1263699999999996	0.75483	5.54969	4.59122	0.8099999999999999	0.0	0.0	0.0
Node 65		2.5951999999999997	7.7588799999999996	2.50798	4.61265	5.53271	7.80579	5.96916	5.42628	4.24543	1.84736	3.2073699999999996	5.49443	7.20964	2.69828	6.32755	2.80455	3.76761	2.1265	3.79151	0.0	0.0	0.0	0.0
Node 115		3.13781	6.94361	3.6494999999999997	6.02913	3.2555199999999997	6.444310000000001	4.70305	3.83342	5.082380000000001	0.53844	4.39851	8.3819	6.2468900000000005	4.987769999999999	7.6913800000000005	4.01169	9.63628	4.764	2.75497	0.53308	0.0	0.0	0.0
Node 143		2.3017	5.69843	0.76458	5.71519	4.23994	3.29826	5.91715	3.78328	2.1727	3.7384899999999996	2.28674	4.56199	6.41944	1.36726	7.58968	4.4840100000000005	4.19917	4.430429999999999	1.83746	0.53308	0.0	0.0	0.0
Node 41		2.14439	3.74091	2.7017800000000003	1.73169	9.4419	2.5967000000000002	2.91038	5.8739300000000005	0.67434	3.02632	7.26895	4.30295	3.95904	2.5390200000000003	4.6956	5.41211	1.71983	4.72259	1.74701	1.9298	0.0	0.0	0.0
Node 141		2.38667	5.3797999999999995	3.35217	2.60139	6.42905	4.8592900000000006	2.2478499999999997	3.0131	4.20718	3.41872	5.67145	5.36909	6.24818	1.95103	6.57396	4.77908	2.65648	5.45903	4.26379	0.8099999999999999	0.0	0.0	0.0
Node 45		5.54049	5.8513	0.83915	5.80959	5.1806600000000005	7.79874	3.82378	4.90428	6.37219	0.0	4.81175	1.37626	5.75402	3.08889	2.50678	4.455690000000001	4.99637	5.1132	6.83352	0.0	0.0	0.0	0.0
Node 42		1.5862	4.55947	5.83183	5.26304	7.015630000000001	3.50875	3.118	3.42033	5.5371999999999995	5.579	6.51293	2.8776900000000003	4.524360000000001	2.54121	1.05721	4.18961	3.26846	6.94336	5.28216	2.71837	0.0	0.0	0.0
Node 39		3.92225	0.5551	4.36987	4.509259999999999	6.05771	1.9447599999999998	5.4283	8.45551	5.0690100000000005	1.8428799999999999	4.099060000000001	7.15631	5.96376	6.480370000000001	2.8667499999999997	4.320460000000001	7.042	4.35964	2.97058	1.74085	0.0	0.0	0.0
Node 149		5.8349400000000005	5.65226	3.25517	1.75276	2.40327	5.4307300000000005	6.94365	3.81576	4.53713	4.99571	11.32371	3.27334	2.97808	3.37922	5.59972	4.52199	1.73915	4.24193	3.91228	1.74085	0.0	0.0	0.0
Node 53		2.24404	4.60283	2.52626	5.73684	2.12204	6.964770000000001	3.70993	6.40278	3.80149	2.80213	0.7832399999999999	8.49629	3.92338	2.6803299999999997	3.4778000000000002	2.14626	7.4986999999999995	3.98359	2.6665200000000002	0.8099999999999999	0.0	0.0	0.0
Node 154		2.5974	4.88505	1.51353	7.30093	3.2349	5.11719	3.3518100000000004	4.39189	3.32988	4.74809	6.74895	4.86534	3.85773	2.76459	0.53181	4.01349	5.62487	6.81737	2.66452	3.0625	0.0	0.0	0.0
Node 134		5.0407399999999996	5.64767	3.5531699999999997	5.595350000000001	3.2233400000000003	6.37601	3.52882	6.4182500000000005	6.2148	5.49206	4.70896	5.80783	0.0	2.61285	5.10386	1.5840199999999998	8.496879999999999	7.311140000000001	4.58831	0.8099999999999999	0.0	0.0	0.0
Node 86		2.0484	4.68917	3.6270499999999997	3.54217	6.1037	2.87006	2.96169	5.25373	2.51989	8.06504	3.7060400000000002	5.359789999999999	4.98933	3.54101	7.22464	5.57154	4.1758299999999995	3.4493099999999997	4.4374400000000005	2.52942	0.0	0.0	0.0
Node 96		3.83005	3.4122899999999996	0.0	2.78197	3.9345199999999996	2.31231	4.22048	1.66998	2.5368399999999998	7.98116	4.9949	6.0343800000000005	7.38861	5.16881	7.056089999999999	3.72776	2.69543	3.7767399999999998	3.9650600000000003	0.9308500000000001	0.0	0.0	0.0
Node 90		2.91608	6.36229	4.03612	2.3602600000000002	5.70895	6.270040000000001	8.55457	4.95317	2.98915	3.4146900000000002	4.0871699999999995	1.4578	2.13009	3.90026	3.9417599999999995	3.3372100000000002	5.565939999999999	5.22203	2.00156	0.8099999999999999	0.0	0.0	0.0
Node 119		3.2237099999999996	1.4690699999999999	3.05802	6.71002	3.13569	9.40391	2.8996999999999997	3.7331700000000003	3.82914	4.01407	1.57554	5.78022	1.70394	5.26612	4.75321	2.94636	2.35163	1.30925	2.59879	0.0	0.0	0.0	0.0
Node 191		3.74457	6.10565	4.304729999999999	5.26673	1.5113100000000002	1.47093	5.57873	3.8699200000000005	2.75969	6.47916	5.45235	6.74665	3.8236100000000004	3.1237500000000002	4.2681	3.59964	5.5000800000000005	5.54479	5.35222	0.0	0.0	0.0	0.0
Node 20		6.16251	8.88044	4.65387	5.4362	6.253069999999999	6.554609999999999	7.059559999999999	4.7946	5.04941	7.806490000000001	7.87263	3.7405099999999996	3.72521	2.99233	3.2278300000000004	4.21812	7.578799999999999	4.3019799999999995	2.05691	1.74085	0.0	0.0	0.0
Node 66		7.17445	4.51651	2.3922100000000004	1.75276	8.61496	4.74523	7.29287	0.7124199999999999	6.45106	6.33686	8.37925	5.02497	8.4153	2.708	5.22994	5.27682	1.7291	0.0	5.71259	1.1198	0.0	0.0	0.0
Node 79		4.6629	3.9731500000000004	2.21114	1.42632	3.17101	3.0011300000000003	4.117719999999999	7.02711	1.65924	6.277620000000001	5.74268	3.5617900000000002	2.76742	3.8855	8.05579	6.089519999999999	6.5684000000000005	5.09914	5.5125399999999996	1.3967200000000002	0.0	0.0	0.0
Node 186		4.37428	4.3830800000000005	2.60357	5.18904	7.327509999999999	4.36156	4.64067	4.62342	2.46136	1.4988	5.76829	6.46721	3.3392999999999997	1.89612	3.6834100000000003	4.59242	1.5985699999999998	5.80687	3.4263799999999995	0.8099999999999999	0.0	0.0	0.0
Node 9		1.68629	5.02781	0.7728999999999999	0.55987	5.93771	5.89678	3.98571	3.15719	2.4904699999999997	7.259029999999999	2.31316	8.40725	6.32611	4.12846	4.45009	5.49341	1.72521	5.2562299999999995	2.83742	1.74085	0.0	0.0	0.0
Node 82		2.93711	1.50729	4.25692	2.8052799999999998	6.31442	8.91355	5.35236	6.26853	6.4068700000000005	3.3538699999999997	8.9299	5.30178	6.24613	4.34988	3.87366	4.01856	2.66927	6.1434299999999995	3.7428999999999997	0.0	0.0	0.0	0.0
Node 124		2.32149	4.02186	2.7021900000000003	3.8868300000000002	3.9591399999999997	3.72566	7.40721	8.19262	3.9571099999999997	3.9895	7.75464	5.98172	3.6247700000000003	2.5390200000000003	3.85601	4.2018699999999995	8.329939999999999	3.11731	3.04168	0.7885700000000001	0.0	0.0	0.0
Node 116		3.6901	1.68847	2.8672	1.61321	4.74179	4.0053	4.37127	6.359380000000001	3.3840500000000002	7.75536	4.44536	7.48306	3.43028	2.53986	5.8317	4.25709	8.61137	4.30405	2.53173	3.0625	0.0	0.0	0.0
Node 17		4.62967	3.6666499999999997	6.28544	4.90519	2.02208	6.20104	2.9964999999999997	6.45379	7.19118	1.9570500000000002	5.57862	3.4224200000000002	7.01441	4.36515	6.17752	1.46062	2.13989	6.3384599999999995	0.7885700000000001	0.7885700000000001	0.0	0.0	0.0
Node 129		4.70813	7.447679999999999	1.8231000000000002	1.8663200000000002	1.6185600000000002	1.91407	6.19123	2.04827	6.40744	8.04512	3.9060400000000004	3.6437299999999997	4.05576	4.47189	5.6370499999999995	4.54598	5.17512	6.876740000000001	2.38679	0.0	0.0	0.0	0.0
Node 131		5.11227	4.3161	2.7017800000000003	4.02066	6.995410000000001	5.03064	4.7044299999999994	3.5596900000000002	6.9454	5.691	6.93691	3.30718	4.392	5.76956	2.8821	2.24162	10.49858	5.7848	3.4144599999999996	1.3752900000000001	0.0	0.0	0.0
Node 12		4.793279999999999	10.396139999999999	2.5902000000000003	4.9997300000000005	5.44858	2.48434	3.4307600000000003	4.4326799999999995	4.8719600000000005	3.54953	6.46568	4.88739	6.90013	1.19834	6.4654799999999994	2.2178199999999997	7.259989999999999	3.9868	4.59478	0.9308500000000001	0.0	0.0	0.0
Node 28		4.28058	3.65225	4.07986	3.87044	7.7087	4.4938899999999995	2.94484	1.9859000000000002	5.4307300000000005	5.30973	5.063759999999999	6.7241599999999995	7.79854	3.9298699999999998	5.10405	1.78794	5.28794	6.5827800000000005	3.91477	0.0	0.0	0.0	0.0
Node 47		5.72388	5.411910000000001	1.93497	5.7658000000000005	7.30798	2.3716399999999997	2.85949	5.9334999999999996	5.87172	5.95869	5.46793	5.984310000000001	3.9793000000000003	3.8301700000000003	4.55995	3.42325	4.93847	6.4883999999999995	5.809480000000001	1.46393	0.0	0.0	0.0
Node 100		5.9642599999999995	2.87748	5.40286	3.38113	5.72666	1.9665599999999999	6.953679999999999	4.95617	7.03624	5.52675	3.82213	2.7893399999999997	7.90128	6.195069999999999	4.2029499999999995	5.47013	9.78663	5.61721	4.65744	2.2525	0.0	0.0	0.0
Node 140		0.87686	6.49458	0.94772	5.85187	4.93356	5.02482	6.7541199999999995	5.79347	5.34175	2.60002	5.74819	5.60323	4.61507	3.31124	5.75686	3.5047	3.9448600000000003	4.90552	2.88731	2.27393	0.0	0.0	0.0
Node 22		3.19464	1.44477	1.4733100000000001	4.23434	5.52921	4.26403	0.7148599999999999	3.4409099999999997	7.0709800000000005	5.44566	6.18243	5.19761	4.503909999999999	2.2701599999999997	2.19813	4.36824	4.38464	2.50257	3.39251	0.0	0.0	0.0	0.0
Node 49		1.5580800000000001	1.91069	5.0415	3.8529800000000005	6.753480000000001	3.99576	5.35284	5.87178	5.79657	7.56631	2.85795	3.54982	3.03605	4.14584	4.1413899999999995	5.29322	4.77566	5.805140000000001	4.77707	0.8099999999999999	0.0	0.0	0.0
Node 13		4.82166	5.15966	5.58603	5.82865	6.18642	5.674259999999999	3.63588	4.26836	4.05839	3.90444	9.95356	3.65091	7.45045	3.39207	4.91594	0.0	7.52956	2.22877	5.784269999999999	0.58672	0.0	0.0	0.0
Node 157		2.19207	5.43818	1.6877799999999998	5.496560000000001	3.98187	3.07483	4.35269	4.57743	6.314590000000001	3.75028	5.27679	3.15615	4.61507	4.355910000000001	4.28491	5.281969999999999	7.32771	5.794910000000001	7.73513	0.8099999999999999	0.0	0.0	0.0
Node 19		1.47928	2.75657	1.39902	6.94681	1.40185	5.38037	4.80818	3.6342600000000003	4.62214	1.9990299999999999	6.73951	6.76191	3.7493899999999996	1.27858	7.79744	3.9313399999999996	8.0641	2.1080200000000002	4.24315	0.9308500000000001	0.0	0.0	0.0
Node 109		1.4827299999999999	2.91179	4.1827499999999995	3.30668	5.13689	1.5464200000000001	6.7767800000000005	6.7943299999999995	3.18689	4.56611	6.63545	5.16693	8.30758	3.8094900000000003	6.0692200000000005	4.95506	7.3568	4.07332	2.0211099999999997	0.0	0.0	0.0	0.0
Node 137		3.88669	5.4291	2.55067	1.6185999999999998	6.939330000000001	5.1142199999999995	3.03788	3.4832	6.303100000000001	4.38167	4.3763700000000005	2.4773799999999997	3.1728300000000003	0.6968799999999999	3.89431	1.6920399999999998	6.779590000000001	2.86442	5.36855	0.9308500000000001	0.0	0.0	0.0
Node 26		2.69779	7.55291	3.43771	7.430299999999999	4.4085399999999995	3.84251	3.2352600000000002	4.458270000000001	7.12324	2.9148400000000003	6.35978	4.97284	5.18359	4.7403	1.5789399999999998	7.05098	3.12541	2.6947	5.93473	1.3967200000000002	0.0	0.0	0.0
Node 54		3.2253999999999996	3.2413200000000004	6.27513	3.2869	3.9207899999999998	10.0763	5.5575399999999995	4.02743	5.86041	7.259029999999999	4.9601	4.17748	7.471559999999999	4.05699	5.3782000000000005	3.76603	7.275619999999999	3.56666	2.9448	0.8099999999999999	0.0	0.0	0.0
Node 175		0.62047	6.01658	3.35932	3.91891	6.549449999999999	4.19898	1.99416	6.05672	4.42895	2.01333	4.24099	3.2676	5.95213	2.69825	2.98863	4.54615	5.29421	5.72938	5.98805	0.8099999999999999	0.0	0.0	0.0
Node 35		2.4481900000000003	2.4409400000000003	0.98725	3.77961	6.965159999999999	8.54496	4.27649	5.70604	6.65346	6.81672	6.990670000000001	6.24256	5.185560000000001	3.0396	1.91594	6.78747	7.3048	4.86006	1.9948000000000001	0.58672	0.0	0.0	0.0
Node 71		5.3678799999999995	3.5568400000000002	4.09586	6.61476	2.94809	10.02824	2.4964500000000003	7.09148	4.67626	7.74675	6.03854	3.17186	4.26185	2.27382	6.82211	2.00733	7.5223700000000004	4.42335	2.96371	0.8099999999999999	0.0	0.0	0.0
Node 3		3.8274500000000002	0.73543	5.9482	2.7898699999999996	6.56644	5.21916	2.87998	2.40894	6.8766300000000005	4.557300000000001	7.46576	5.6950199999999995	5.1314	4.94829	3.13314	7.043380000000001	3.9232799999999997	2.12222	2.02649	0.53308	0.0	0.0	0.0
Node 155		8.13015	4.57364	2.65724	5.31822	5.25875	6.36977	5.61277	2.51195	5.8685599999999996	4.2529699999999995	6.696630000000001	3.12285	5.33999	3.1316200000000003	6.96799	3.8904199999999998	5.24033	3.8699699999999995	4.78842	0.0	0.0	0.0	0.0
Node 88		2.75275	6.26766	4.11209	5.41422	5.6152500000000005	10.13128	5.0521	2.59873	5.9566	9.89486	1.94303	5.70094	4.955699999999999	1.66257	5.20313	3.1177900000000003	7.434699999999999	1.7362300000000002	2.72997	1.46393	0.0	0.0	0.0
Node 15		6.32586	2.43176	4.79269	4.52471	4.95706	2.70074	3.97314	5.11799	6.08563	5.16142	8.822099999999999	5.41102	5.00818	1.70509	3.8136499999999995	7.103560000000001	2.30591	4.32599	4.16217	0.53308	0.0	0.0	0.0
Node 179		2.88041	1.46591	4.10484	3.0150300000000003	4.061780000000001	1.57046	5.3712	7.88914	2.6100600000000003	4.84469	4.29085	7.8910599999999995	1.39444	2.68863	2.36193	5.3374999999999995	5.25856	3.11179	3.6296799999999996	0.9308500000000001	0.0	0.0	0.0
Node 192		5.54025	3.62764	3.09439	4.31489	5.7027	6.89283	3.77879	5.33241	4.8632	2.84993	8.45605	4.94504	4.28429	2.11409	1.47671	4.30374	2.62056	3.7029	3.8328599999999997	0.0	0.0	0.0	0.0
Node 43		1.6602	5.23514	2.1886900000000002	0.8605099999999999	4.96852	5.32752	6.705469999999999	4.52135	5.86989	4.419759999999999	6.516089999999999	7.172439999999999	3.98306	4.70139	5.20004	4.6388300000000005	4.92683	3.39184	4.65639	0.53308	0.0	0.0	0.0
Node 128		4.6476299999999995	2.38152	0.57738	3.2738000000000005	5.87257	6.39967	3.22533	6.59071	5.10652	4.390610000000001	3.55499	7.65449	3.8828099999999997	2.87466	6.46953	5.09895	8.44762	7.63162	3.46153	1.3967200000000002	0.0	0.0	0.0
Node 132		3.06548	5.55338	1.37657	5.14027	5.02095	10.36511	3.45127	4.32424	3.96077	7.029299999999999	4.84897	8.8517	8.15936	4.59773	6.51872	3.15613	5.13614	10.07286	4.31743	0.0	0.0	0.0	0.0
Node 56		3.8708	0.69301	3.23227	5.061249999999999	2.26035	1.54336	5.72124	6.63608	4.21289	2.87268	2.39008	2.21827	5.21121	3.42794	7.07624	6.97814	7.0684499999999995	7.31814	3.62289	1.3752900000000001	0.0	0.0	0.0
Node 156		6.87372	4.76023	5.1824200000000005	2.5377899999999998	4.48071	4.51066	5.23066	3.77807	2.5273	3.93895	2.80039	8.42038	7.138669999999999	1.72575	7.27222	5.312250000000001	8.652519999999999	0.58572	5.59429	0.58672	0.0	0.0	0.0
Node 151		1.69757	5.30587	4.57214	4.73514	2.73553	4.17667	2.97934	4.8832699999999996	4.39567	5.3273399999999995	5.01814	9.193900000000001	3.63557	4.56987	5.48279	1.1576	3.32767	3.2222	5.02787	0.0	0.0	0.0	0.0
Node 21		3.70089	3.19072	3.2455499999999997	2.51734	4.72859	5.16873	5.33556	5.23301	2.78109	7.664219999999999	2.2273	7.045719999999999	5.38618	4.1532800000000005	6.08891	2.91194	7.74307	2.06614	3.59763	1.3752900000000001	0.0	0.0	0.0
Node 170		2.12806	1.24984	2.6603499999999998	5.30239	4.47633	6.596159999999999	4.70721	2.99899	6.16433	1.8114499999999998	8.3826	6.21221	2.93581	3.6053	6.96652	3.57702	3.5063999999999997	5.925339999999999	1.34487	2.71837	0.0	0.0	0.0
Node 6		3.91918	7.234649999999999	2.4605599999999996	5.56841	6.34147	2.00093	8.04382	6.8568299999999995	5.48857	3.3374300000000003	6.4723500000000005	3.59151	2.8368700000000002	6.47049	5.36877	7.65779	4.72315	1.7362300000000002	2.73203	1.34308	0.0	0.0	0.0
Node 113		1.70102	8.96544	2.6431	2.95076	4.7900100000000005	4.93605	3.3650800000000003	4.39466	2.34739	3.41872	4.94031	4.89283	8.586689999999999	3.8896100000000002	6.14546	5.3032900000000005	0.0	4.29009	4.34881	0.58672	0.0	0.0	0.0
Node 118		6.3038	6.93224	1.7601499999999999	5.04868	4.62786	6.11249	2.6507	3.6730699999999996	9.21667	2.36793	7.98573	5.01455	4.2790099999999995	4.6196399999999995	6.96652	2.0984800000000003	2.71475	3.46473	2.87153	0.7885700000000001	0.0	0.0	0.0
Node 135		3.6259	3.68616	5.2524500000000005	2.4975	6.48271	4.85245	3.86117	7.05845	6.24279	5.36576	5.09993	4.00811	9.00197	2.3586099999999997	3.39515	3.7880700000000003	8.4967	4.647740000000001	3.85622	1.5985699999999998	0.0	0.0	0.0
Node 189		2.46313	2.80662	3.71819	0.0	6.7778599999999996	6.946960000000001	5.92668	2.77669	5.11146	3.14808	3.35659	4.7976	4.88302	2.80924	5.10298	4.87795	5.11946	3.01315	3.2175000000000002	1.32165	0.0	0.0	0.0
Node 107		1.6392	7.5238700000000005	4.89339	8.30691	6.02553	6.22497	4.78096	3.2334899999999998	5.47573	2.3764	7.95913	7.60088	5.78787	1.8619900000000003	8.11976	1.5604200000000001	5.44265	2.35721	2.75332	1.32165	0.0	0.0	0.0
Node 197		5.17154	5.90955	2.3813299999999997	0.96711	4.73213	7.12112	7.0184999999999995	4.83786	8.22683	5.20862	5.9965	3.4938900000000004	6.696820000000001	6.06998	2.51868	5.46144	4.0249500000000005	4.08042	3.37685	0.0	0.0	0.0	0.0
Node 93		2.11469	7.14193	5.029999999999999	8.28049	7.61719	5.8876100000000005	5.63786	5.7561599999999995	2.17806	6.437460000000001	9.12829	5.286	5.79235	3.73611	5.61585	2.6839600000000003	6.9759199999999995	5.10503	1.2839	0.9308500000000001	0.0	0.0	0.0
Node 120		2.38781	7.61023	4.392320000000001	5.019959999999999	5.07018	3.16267	5.3163599999999995	5.56221	6.88762	5.5239400000000005	6.545710000000001	4.51142	5.23969	3.86161	2.89437	6.3281	3.44804	2.7106399999999997	1.52189	0.0	0.0	0.0	0.0
Node 108		3.55814	2.09965	0.0	4.49165	3.26177	2.82453	7.51734	4.51948	3.8725500000000004	5.62666	7.7726299999999995	5.7022200000000005	5.63062	8.02458	7.675369999999999	3.8899299999999997	7.582890000000001	3.75855	5.4035	0.0	0.0	0.0	0.0
Node 172		5.52339	1.52189	9.43054	1.32445	6.84892	4.70789	4.35641	4.40885	6.77748	2.94511	4.07989	3.57016	3.05498	3.48267	4.51714	0.0	6.6857299999999995	2.92854	5.09042	1.51757	0.0	0.0	0.0
Node 91		4.65024	2.47512	3.1766799999999997	6.31226	2.19209	6.264849999999999	6.829540000000001	7.4290400000000005	2.36039	3.9234699999999996	5.81574	2.05593	5.21885	5.27372	2.96054	3.5808	4.7962	0.52533	2.7128300000000003	0.0	0.0	0.0	0.0
Node 160		4.44462	5.79975	2.51423	3.77961	7.2879700000000005	9.67765	3.0911500000000003	7.027120000000001	1.8536899999999998	1.9868199999999998	6.07478	4.03006	2.72865	6.3927700000000005	6.49968	5.193169999999999	6.37399	3.92154	3.42364	2.18529	0.0	0.0	0.0
Node 4		6.229139999999999	8.05813	1.78186	6.81652	6.12445	5.5888	7.69424	4.934340000000001	2.96772	3.78171	4.54629	3.8096900000000002	3.9596899999999997	3.66299	6.24334	6.73546	8.003689999999999	2.85773	4.012919999999999	0.9308500000000001	0.0	0.0	0.0
Node 162		4.712269999999999	5.9937	4.03139	6.32258	2.2797	4.57927	5.34903	6.35882	6.780410000000001	6.83581	4.78733	4.69011	6.70328	1.86132	3.86346	2.6484199999999998	2.86137	2.84774	5.89036	1.3967200000000002	0.0	0.0	0.0
Node 78		2.20621	6.3645499999999995	3.68833	3.8204000000000002	6.76967	5.15034	4.82618	3.9564299999999997	5.1418800000000005	6.436699999999999	8.38551	4.42693	5.622739999999999	4.17114	8.45054	5.54847	7.89268	5.51063	1.9488599999999998	0.7885700000000001	0.0	0.0	0.0
Node 95		3.01255	3.46741	5.41122	6.84113	2.3322599999999998	5.90547	0.76408	9.08982	7.88991	4.56842	0.77742	7.61792	6.708450000000001	4.56331	7.18612	6.79646	8.27857	4.36065	1.6963700000000002	0.53308	0.0	0.0	0.0
Node 16		6.07662	4.7220699999999995	4.21458	7.19044	3.90329	4.82705	3.6470299999999995	4.4228700000000005	4.38863	5.755529999999999	6.595389999999999	2.4038299999999997	3.79688	1.8984	7.72674	3.82056	3.38259	2.97264	4.67922	0.0	0.0	0.0	0.0
Node 194		3.6381200000000002	3.1663900000000003	3.9929699999999997	4.5719	4.0223700000000004	2.3669599999999997	3.0542	3.8382899999999998	2.9169899999999997	4.76774	7.13195	2.31308	2.72552	5.32055	6.09258	4.63178	7.10332	3.86009	6.5093499999999995	0.0	0.0	0.0	0.0
Node 18		2.14072	4.428039999999999	4.1192899999999995	7.639749999999999	3.29548	7.65715	8.57946	0.5466799999999999	8.81971	3.29367	4.85757	5.72189	5.297140000000001	2.6937699999999998	6.24017	5.523759999999999	4.36486	2.8685	5.87303	0.0	0.0	0.0	0.0
Node 74		2.8829000000000002	3.33913	4.59416	5.46927	3.7629799999999998	5.28221	5.312950000000001	4.3209	3.8188899999999997	3.20803	7.02542	2.71144	3.6190100000000003	2.88287	5.92873	2.92795	3.25441	3.5461600000000004	2.35859	0.53308	0.0	0.0	0.0
Node 188		0.8004000000000001	4.14848	2.42001	5.40235	3.6875199999999997	4.504650000000001	2.38421	5.8787899999999995	6.43633	2.85923	6.327929999999999	5.54613	2.41433	4.0095	3.51369	3.16437	4.88873	4.626580000000001	4.1717900000000006	1.3967200000000002	0.0	0.0	0.0
Node 177		3.3045400000000003	4.59751	2.47911	5.10765	7.1252200000000006	4.67834	4.90213	5.55656	3.35756	4.44761	5.61902	5.4549	5.5995	5.89232	6.52513	5.9786	6.23559	4.315250000000001	3.53554	1.32165	0.0	0.0	0.0
Node 34		4.06048	4.96873	4.99372	3.65315	2.4696800000000003	4.6359699999999995	2.94484	2.74655	4.0582199999999995	3.74585	4.3450500000000005	5.14208	5.65679	3.68302	3.3029900000000003	2.80511	2.4993000000000003	3.4742	5.30141	0.0	0.0	0.0	0.0
Node 62		2.35247	6.98051	4.392320000000001	0.0	3.23904	8.17866	2.29988	7.64305	3.3843400000000003	5.199059999999999	4.0867	5.09494	7.376779999999999	4.0398499999999995	4.75183	7.722999999999999	6.71523	3.6214299999999997	2.98486	1.74085	0.0	0.0	0.0
Node 185		2.07652	3.5334200000000004	2.40236	2.94689	4.44514	4.64856	3.03755	4.294160000000001	4.23648	8.14505	7.35204	4.78924	5.02491	0.64855	7.94151	3.69796	4.82514	1.57652	7.38346	1.51757	0.0	0.0	0.0
Node 117		7.823189999999999	4.98638	2.99739	3.84555	7.03974	6.0509	2.2783100000000003	9.89179	2.62644	2.66398	4.20965	6.0107800000000005	5.00005	2.0337899999999998	5.1056799999999996	5.46862	0.8283699999999999	2.3812699999999998	3.49017	2.32757	0.0	0.0	0.0
Node 55		1.38557	3.36191	1.3636300000000001	3.98408	3.79279	6.238910000000001	7.057040000000001	1.8201599999999998	3.4611099999999997	3.68061	4.2226300000000005	1.6826899999999998	7.97037	4.86728	2.96948	6.999229999999999	6.61849	2.22376	4.958060000000001	1.71942	0.0	0.0	0.0
Node 183		4.1378900000000005	2.25732	4.766900000000001	6.09986	6.11062	3.26472	5.23944	4.53991	6.777629999999999	4.56311	7.08762	5.66711	4.25001	3.45168	2.2495000000000003	3.0815599999999996	3.6250299999999998	1.52698	6.81006	0.0	0.0	0.0	0.0
Node 142		3.87953	5.45396	0.8167000000000001	5.06271	4.928310000000001	1.54336	1.56747	6.2289200000000005	4.91444	6.447260000000001	5.2576	3.69125	5.33578	5.9067799999999995	5.11789	5.47798	7.805470000000001	5.915	6.697839999999999	1.74085	0.0	0.0	0.0
Node 102		3.5550900000000003	6.11991	1.6616300000000002	4.652769999999999	5.9124099999999995	4.86541	3.92293	8.00885	0.67434	5.1529	5.88994	6.86509	8.20462	4.0142999999999995	6.0461	3.1782199999999996	6.3752	1.48597	3.6648899999999998	0.58672	0.0	0.0	0.0
Node 105		2.26749	6.651120000000001	4.219259999999999	1.7009	5.47433	4.24477	4.27916	1.33243	2.3517799999999998	6.77586	6.24915	6.76292	1.8725100000000001	3.96844	5.99412	4.2411200000000004	6.43174	1.41953	3.6002899999999998	1.3967200000000002	0.0	0.0	0.0
Node 0		4.38211	1.3327200000000001	2.67503	2.60467	4.02691	4.70296	3.3563799999999997	4.28634	2.56496	3.92229	7.34211	7.33346	3.91232	1.3052899999999998	1.48402	3.57109	4.361820000000001	3.24782	2.53558	0.58672	0.0	0.0	0.0
Node 122		4.81681	6.18776	2.70787	3.8918	2.95524	5.8561700000000005	5.66713	1.7995299999999999	3.9676799999999997	5.57712	5.62468	5.380780000000001	3.2516200000000004	2.27952	2.34298	3.9976900000000004	5.5785599999999995	4.178719999999999	6.21266	1.5985699999999998	0.0	0.0	0.0
Node 57		4.104710000000001	4.98607	1.91483	3.87358	4.49016	7.252699999999999	3.39009	1.38272	3.5894299999999997	4.9088	3.88738	7.57376	4.69928	2.7716600000000002	7.109119999999999	4.2212	5.6387	4.966	4.41154	1.34308	0.0	0.0	0.0
Node 75		4.89951	6.0030600000000005	1.8062600000000002	0.0	7.57067	6.40439	7.126689999999999	4.5809999999999995	2.35993	4.14898	1.6296499999999998	3.82775	7.506799999999999	1.8372099999999998	3.87107	6.407839999999999	5.982	7.21667	3.7778199999999997	1.3752900000000001	0.0	0.0	0.0
Node 97		2.94365	3.2795400000000003	1.8263999999999998	5.58774	5.272410000000001	10.046230000000001	5.65519	5.5938	4.5972	8.16817	6.23084	5.59124	8.294039999999999	3.33382	0.75548	3.7079899999999997	6.04003	3.78546	6.62735	2.2525	0.0	0.0	0.0
Node 98		4.060020000000001	3.8861600000000003	4.0323400000000005	6.04499	3.54162	5.4965	7.033449999999999	2.91513	5.97812	4.2007200000000005	2.94756	6.33297	6.39636	2.7581100000000003	2.3480999999999996	7.463	1.79063	8.32736	5.86384	1.5985699999999998	0.0	0.0	0.0
Node 31		5.43976	4.470940000000001	6.9706	1.6973599999999998	5.36385	6.69753	7.304950000000001	6.28142	5.85894	3.36817	6.2453899999999996	6.69037	2.70218	3.31115	7.186030000000001	4.38816	7.65861	5.45654	4.38953	0.8099999999999999	0.0	0.0	0.0
Node 176		5.34696	6.933269999999999	1.5896000000000001	4.9415000000000004	2.27369	4.63852	4.50312	1.27006	7.8974	4.13048	4.6668899999999995	4.60501	3.28443	2.96117	3.73736	5.45392	7.582949999999999	1.45071	3.72179	0.0	0.0	0.0	0.0
Node 94		6.32477	2.29479	1.8626299999999998	5.80928	4.47819	0.99807	4.72584	5.8086	1.89899	4.64841	6.23199	5.16509	4.9275199999999995	3.22372	4.56705	2.80323	6.0227	1.37556	4.260660000000001	0.9308500000000001	0.0	0.0	0.0
Node 23		4.78451	2.57702	4.392320000000001	9.363539999999999	4.12411	3.3981699999999995	5.475	2.17814	5.02754	5.55173	6.54768	4.69983	5.9325	0.5127999999999999	9.19311	3.02461	5.9924	3.65438	3.3408100000000003	0.58672	0.0	0.0	0.0
Node 166		4.69543	2.36791	4.44179	2.43854	7.478899999999999	7.47361	3.6091100000000003	4.40576	4.0506	9.357840000000001	1.69933	5.01092	3.91206	3.06467	4.51243	6.569510000000001	0.98504	3.76567	5.06405	0.7885700000000001	0.0	0.0	0.0
Node 159		2.05897	3.25307	4.13264	6.879910000000001	5.99895	3.21587	2.66566	4.1573400000000005	5.0967400000000005	4.06307	4.85767	5.3826	3.7847600000000003	4.27091	3.71231	0.86264	8.417860000000001	5.74685	3.0203	0.58672	0.0	0.0	0.0
Node 114		2.07732	4.2072	0.8167000000000001	2.2167	5.25244	6.284249999999999	3.75309	4.978479999999999	2.71419	4.3498	0.0	2.94266	7.248309999999999	3.4499000000000004	3.63406	1.71088	2.06879	5.83126	4.52746	0.0	0.0	0.0	0.0
Node 173		5.30103	5.37178	4.50824	4.64582	4.4830000000000005	7.9942899999999995	4.83407	5.32145	6.679390000000001	5.64416	7.112069999999999	2.66107	4.17572	1.6025999999999998	1.48402	2.00733	6.716360000000001	5.33471	4.3649000000000004	0.7885700000000001	0.0	0.0	0.0
Node 48		4.50737	6.93777	2.36425	3.9022599999999996	4.50624	11.36828	4.31746	1.49441	4.35643	1.40174	6.80392	4.81541	4.3893	3.24152	6.11012	6.70713	7.89838	6.12424	2.10155	0.0	0.0	0.0	0.0
Node 125		3.0830699999999998	4.53836	2.45508	4.56112	7.08896	4.95741	6.985710000000001	7.2285	3.09731	5.84072	9.08554	1.73976	3.08172	3.9313800000000003	4.8886899999999995	5.72142	6.63226	2.07822	3.1350500000000006	0.9308500000000001	0.0	0.0	0.0
Node 25		4.19017	4.3837399999999995	4.87931	2.26317	4.62252	3.73089	3.18214	4.37075	4.37775	7.44415	6.35463	3.4192199999999997	4.20867	1.4382300000000001	3.00498	8.25423	9.339129999999999	4.7975200000000005	5.27585	0.8099999999999999	0.0	0.0	0.0
Node 99		0.87686	5.83402	2.5201700000000002	0.8605099999999999	3.2996200000000004	7.735939999999999	5.87679	9.08314	3.29886	6.597980000000001	1.91253	7.851859999999999	7.48326	4.29702	2.8286	6.968789999999999	5.9201999999999995	4.40548	3.8453	0.8099999999999999	0.0	0.0	0.0
Node 145		8.56058	5.2067000000000005	3.56873	5.90881	7.684589999999999	7.174220000000001	3.87272	2.02128	4.43155	6.69922	5.18952	0.7427600000000001	2.83491	6.53332	5.4946	4.3368400000000005	3.9095999999999997	3.53353	3.93552	1.74085	0.0	0.0	0.0
Node 37		1.37063	0.7501599999999999	2.6793299999999998	2.2975	3.6875199999999997	4.594659999999999	2.82848	6.568849999999999	4.0319	2.8776	1.4830299999999998	4.2785400000000005	6.10869	1.19662	1.39808	5.91638	6.44773	3.9693899999999998	3.01572	0.9308500000000001	0.0	0.0	0.0
Node 123		2.42794	9.30891	2.7017800000000003	5.28213	4.06615	5.63349	4.24475	5.73553	4.0555	2.93664	6.28478	7.112749999999999	9.24158	4.9864	2.43282	0.69146	9.44861	3.31763	4.0508500000000005	0.58672	0.0	0.0	0.0
Node 126		5.74512	0.7728999999999999	4.0437199999999995	3.2751200000000003	5.73125	3.93854	5.0807199999999995	4.95685	6.8548100000000005	3.10962	7.901039999999999	2.9499299999999997	1.50954	2.99606	4.60105	6.296060000000001	3.61894	3.53411	4.71263	1.32165	0.0	0.0	0.0
Node 136		3.3998800000000005	3.00174	3.6270499999999997	0.78171	7.87119	4.55672	6.87975	2.99181	1.90153	6.36376	4.26703	5.10369	7.28578	3.22938	3.58583	2.41667	5.47507	3.28765	4.06727	0.0	0.0	0.0	0.0
Node 181		2.9507700000000003	0.9139700000000001	5.67111	6.09224	9.297740000000001	5.12798	6.17864	5.84443	4.47821	6.3007599999999995	7.603070000000001	5.457809999999999	3.3657600000000003	4.5255	6.687139999999999	4.21329	5.5127500000000005	7.23506	3.97264	0.9308500000000001	0.0	0.0	0.0
Node 174		5.32148	2.02573	5.20297	5.45294	2.43318	4.6842500000000005	3.81253	5.82569	4.90546	4.10175	5.01926	7.716670000000001	7.18798	0.6968799999999999	6.943630000000001	4.29802	5.0281899999999995	3.45014	3.7242699999999997	0.0	0.0	0.0	0.0
Node 7		2.2298999999999998	1.8818499999999998	0.7946099999999999	4.70832	6.584149999999999	2.68574	5.54139	5.6573400000000005	4.66897	4.05222	1.5647399999999998	1.60619	7.3317	7.14556	6.13545	5.75233	5.5175	6.991759999999999	2.07257	1.46393	0.0	0.0	0.0
Node 52		0.0	8.49452	3.7164099999999998	3.94297	5.69646	3.7018799999999996	4.117719999999999	4.7635499999999995	5.16801	3.35199	6.51089	5.0391699999999995	5.08956	0.6712199999999999	3.82826	4.11829	5.6170100000000005	4.70729	5.61227	0.0	0.0	0.0	0.0
Node 44		5.06391	3.3787200000000004	3.5184800000000003	2.17847	4.74621	4.66313	7.1931400000000005	0.95414	5.0444700000000005	5.4432	4.99321	6.08495	4.1658599999999995	3.7414000000000005	6.6532800000000005	4.54844	8.28361	1.41966	2.8469700000000002	0.0	0.0	0.0	0.0
Node 40		2.78325	4.09156	5.4333100000000005	1.60143	2.52941	7.21224	2.84516	2.95337	0.66898	4.3418	7.99092	4.6629	3.14628	4.50696	5.04567	2.06048	6.00155	4.3347	4.680829999999999	0.0	0.0	0.0	0.0
Node 110		4.87242	5.37069	2.61265	5.16993	4.7669999999999995	5.6699	4.7010499999999995	3.05863	6.44162	2.71523	1.8306099999999998	2.9858	5.55862	5.15722	6.265070000000001	7.3241	8.16039	4.24046	4.93166	0.0	0.0	0.0	0.0
Node 72		3.3617	3.96834	4.04016	3.4100400000000004	7.216989999999999	7.02927	6.313059999999999	6.9384500000000005	2.14649	7.81242	3.9978399999999996	3.76485	4.05809	3.7822099999999996	3.2205200000000005	3.8068699999999995	5.6525300000000005	4.7888399999999995	5.13816	2.27393	0.0	0.0	0.0
Node 73		4.6951600000000004	7.11888	3.39391	6.94087	9.56161	5.82762	8.28516	2.73288	3.27918	5.40781	5.2516300000000005	5.46725	6.7363599999999995	1.3301800000000001	4.9048	4.92769	0.0	6.62053	2.93034	0.0	0.0	0.0	0.0
Node 196		2.42624	9.1251	4.878480000000001	4.207940000000001	4.875100000000001	6.62664	3.6616799999999996	5.755529999999999	5.98155	3.8321099999999997	7.51124	5.27215	6.79752	5.5406200000000005	6.05537	5.30999	5.89616	4.31346	2.18785	1.34308	0.0	0.0	0.0
Node 150		4.37062	4.45173	2.64738	3.4343	3.95128	3.0610999999999997	3.20781	5.30762	6.532509999999999	3.9974000000000003	4.9552	4.25448	3.42426	2.89515	5.91336	5.49801	3.57705	6.26582	3.1442400000000004	0.9308500000000001	0.0	0.0	0.0
Node 59		6.33605	6.75333	2.6793299999999998	1.12568	7.215059999999999	3.8394699999999995	4.24041	7.0416099999999995	3.7831200000000003	5.9664	4.86231	2.88542	6.29097	3.35774	1.83729	3.7894400000000004	3.10635	4.24198	4.13931	1.71942	0.0	0.0	0.0
Node 169		4.26438	1.7026199999999998	4.63559	3.9758500000000003	4.23944	2.0328	6.13354	6.387370000000001	5.12323	2.21626	9.776909999999999	6.0785800000000005	2.1062600000000002	5.33961	4.5162	6.8917	6.15165	3.8165999999999998	6.790369999999999	2.52942	0.0	0.0	0.0
Node 68		4.060020000000001	5.24482	3.12337	3.2738000000000005	5.70271	4.09637	5.37317	4.3136399999999995	5.4401600000000006	3.7994899999999996	1.49118	5.599889999999999	5.62872	4.43215	6.0641	4.6998	4.19168	4.35032	3.10151	0.53308	0.0	0.0	0.0
Node 139		5.9766	5.494820000000001	0.7946099999999999	0.0	4.21446	7.229710000000001	4.8894899999999994	3.5871	3.15879	8.01748	1.93895	5.18046	7.26918	2.98741	9.17089	3.05981	4.507619999999999	6.529179999999999	2.94035	1.34308	0.0	0.0	0.0
Node 106		2.06238	2.14577	4.50089	2.8230399999999998	4.60425	5.2026200000000005	3.64947	6.25758	2.76005	4.14898	8.73249	8.49996	6.4084699999999994	4.01398	4.08843	5.5195099999999995	1.6454	7.137309999999999	2.59903	1.74085	0.0	0.0	0.0
Node 111		4.6334	1.328	5.919300000000001	6.657870000000001	0.95934	6.296609999999999	3.68662	2.0376700000000003	9.693290000000001	6.032	3.5525300000000004	3.41932	7.4494299999999996	5.5102	7.73126	4.88745	4.4711	5.69178	4.71332	0.8099999999999999	0.0	0.0	0.0
Node 180		3.6346700000000003	2.7390399999999997	3.55731	7.53694	7.362209999999999	3.50268	0.85912	4.50127	4.10072	4.36698	5.67507	5.41599	5.78493	4.67421	6.89875	1.46062	7.86174	4.9067	2.78104	0.8099999999999999	0.0	0.0	0.0
Node 46		0.74671	5.36346	4.26314	5.95476	4.71211	5.14487	6.74812	8.272300000000001	4.0757200000000005	3.5063999999999997	4.17357	6.13555	5.8412	3.07024	4.56542	2.75077	6.1900900000000005	4.95286	4.2055299999999995	0.0	0.0	0.0	0.0
Node 182		0.7501599999999999	3.6356800000000002	2.44001	3.67694	6.29463	6.62555	4.15943	6.56119	7.82948	6.90916	7.89985	3.0535099999999997	3.60823	8.14111	4.77681	4.87146	2.76036	6.7672099999999995	5.5428999999999995	2.86065	0.0	0.0	0.0
Node 163		2.53706	5.2084	2.63553	5.21579	6.09173	0.8491000000000001	6.45945	4.52477	5.10415	7.1239	8.77578	5.44704	5.05164	4.3190800000000005	6.0038	6.12381	5.72202	4.97218	2.59903	1.74085	0.0	0.0	0.0
Node 144		3.13653	3.1042199999999998	3.39818	5.23557	3.28978	10.27087	6.646789999999999	4.54932	8.07512	6.5015600000000004	8.62713	6.70263	2.55482	3.28305	6.70576	5.839600000000001	8.84124	4.68285	3.4030199999999997	2.27393	0.0	0.0	0.0
Node 168		0.73257	1.7026199999999998	3.2266700000000004	0.55987	4.1742300000000006	2.3001899999999997	2.9251	3.00584	8.11712	4.03684	3.93151	3.63974	5.22044	3.84237	4.49122	1.6162200000000002	7.477930000000001	5.83341	3.54434	0.8099999999999999	0.0	0.0	0.0
Node 33		3.43397	4.88888	2.55903	6.370629999999999	7.06595	5.13695	4.4103	7.12008	3.75129	2.30673	2.56962	3.1896899999999997	3.4251400000000003	5.63305	6.14909	2.9747	5.19095	6.616759999999999	3.05371	0.8099999999999999	0.0	0.0	0.0
Node 30		3.79368	3.53302	2.66356	3.1376	3.77365	4.380789999999999	6.97856	4.86386	7.556699999999999	2.0665	7.73904	6.866460000000001	5.1553700000000005	4.61171	3.76998	2.4639	2.2169600000000003	0.69042	6.61698	0.58672	0.0	0.0	0.0
Node 70		2.29561	6.16665	4.47298	1.34752	6.849379999999999	9.967189999999999	2.20911	6.8152099999999995	0.66898	6.702769999999999	6.72976	4.56715	7.86036	5.12211	6.3709299999999995	6.24571	4.7676799999999995	5.906079999999999	7.06165	2.52942	0.0	0.0	0.0
Node 193		3.8387499999999997	2.20933	4.26929	1.62509	8.82702	2.9342900000000003	4.62134	8.27043	4.76684	1.87541	4.76331	5.4215	7.44949	6.42539	3.89576	7.60102	3.1337200000000003	0.67579	5.22276	1.71942	0.0	0.0	0.0
Node 24		5.5635200000000005	2.76934	2.55178	4.4795799999999995	7.89093	3.45853	3.56135	1.7327100000000002	7.02328	5.818029999999999	5.03118	5.040080000000001	7.36375	4.54354	3.93319	4.57301	9.72023	4.15682	3.1207599999999998	1.3752900000000001	0.0	0.0	0.0
Node 63		4.4737	5.87699	5.62284	4.5172	4.05748	6.3012	5.14444	4.11315	2.33358	6.13497	4.90676	5.99383	6.06733	4.52813	3.83827	4.902229999999999	7.3797	4.098120000000001	4.49495	0.8099999999999999	0.0	0.0	0.0
Node 103		4.12289	4.58302	4.19821	5.38897	5.05845	4.816730000000001	5.19974	5.44352	3.73312	1.9990299999999999	6.0925	6.512510000000001	4.47264	4.70306	4.6786200000000004	4.01805	6.8052399999999995	2.55525	1.88377	0.8099999999999999	0.0	0.0	0.0
Node 190		5.18371	4.79541	1.8831799999999999	1.6973599999999998	1.5786000000000002	6.14557	2.0828699999999998	4.99697	5.67983	6.898029999999999	2.47946	2.59015	2.2385599999999997	2.28295	1.28729	3.03877	4.11578	4.57449	3.50512	1.46393	0.0	0.0	0.0
Node 1		0.0	5.050190000000001	4.30319	1.4580600000000001	5.493180000000001	3.88178	0.70835	8.90663	5.87745	5.7174700000000005	6.8471400000000004	4.50453	2.4755	2.2608300000000003	6.11119	6.38621	2.8223700000000003	6.97999	2.55373	0.9308500000000001	0.0	0.0	0.0
Node 101		2.82906	4.37517	4.1286000000000005	3.75656	5.872249999999999	6.342630000000001	3.61138	4.10115	3.77788	3.75028	5.10984	4.70301	3.59129	5.47544	5.46588	6.96056	5.70556	3.47975	2.70657	0.53308	0.0	0.0	0.0
Node 138		5.01454	4.35227	3.89165	3.3023700000000002	9.31506	6.24545	4.171119999999999	9.43456	2.58608	2.3822300000000003	7.843310000000001	5.90607	7.30566	4.12864	7.4798100000000005	5.4337	5.91854	6.062950000000001	3.00592	1.71942	0.0	0.0	0.0
Node 153		7.77308	7.6119	2.95208	6.5738199999999996	4.26615	7.79905	4.40887	3.3873699999999998	5.06314	5.5522599999999995	7.13983	2.2688900000000003	4.66108	5.34666	2.97313	5.5843	5.09029	1.45071	5.7356	2.2525	0.0	0.0	0.0
Node 187		4.67879	3.4759900000000004	1.35206	2.57602	4.60425	5.6395800000000005	4.96751	4.82622	5.29485	4.95854	3.3101499999999997	3.9710799999999997	1.87202	3.8937199999999996	5.13249	0.73599	1.7067599999999998	2.79452	3.05219	1.5985699999999998	0.0	0.0	0.0
Node 178		3.7269799999999997	6.36033	1.7145299999999999	4.6518999999999995	7.21493	7.26265	6.78946	2.97118	3.52108	0.0	7.5141	6.761830000000001	3.9291300000000002	4.91178	4.58941	0.0	5.18578	2.1154699999999997	0.0	2.83922	0.0	0.0	0.0
Node 64		4.074	5.7927100000000005	2.60935	0.0	4.12322	4.99431	5.16509	3.81973	5.56062	5.09762	1.8592199999999999	5.83754	4.82423	2.04666	4.60836	0.78362	5.76232	3.68804	6.12952	1.5985699999999998	0.0	0.0	0.0
Node 89		0.62047	6.35912	4.06415	4.519080000000001	3.28307	10.26126	6.697100000000001	3.67196	5.57564	6.23888	3.7062999999999997	5.0074	3.9177400000000002	3.03782	5.50614	2.1333499999999996	4.51504	4.37376	5.03043	0.9308500000000001	0.0	0.0	0.0
Node 133		2.95338	7.08666	1.8231000000000002	4.700010000000001	3.01058	5.81355	4.14973	2.99181	5.4375	5.47394	4.70859	4.80824	3.10964	5.280329999999999	5.98182	5.08054	4.9563500000000005	5.8718699999999995	4.4094	0.8099999999999999	0.0	0.0	0.0
Node 84		2.33291	5.24096	2.6816400000000002	3.73271	3.7650099999999997	6.58741	7.62445	6.965209999999999	2.84545	3.5115399999999997	4.53079	5.93591	7.10908	1.22718	3.63027	6.49296	7.11625	3.8320600000000002	4.71284	0.0	0.0	0.0	0.0
Node 81		2.53706	5.2751600000000005	2.6398	3.3556799999999996	7.10826	4.3859	3.8188899999999997	9.94113	3.28513	4.13631	4.3925	4.7236	1.96868	2.86949	7.07624	3.7429799999999998	9.80172	3.7091899999999995	4.88136	0.9308500000000001	0.0	0.0	0.0
Node 152		3.16465	5.88764	1.55306	5.1523	5.589849999999999	6.70294	6.91938	3.73263	1.9512	6.77586	5.59348	5.62368	6.91127	3.6870100000000003	4.7724	4.92627	2.4710300000000003	2.73025	2.65919	2.2525	0.0	0.0	0.0
Node 11		7.106	7.20613	2.43453	5.8053300000000005	7.91785	3.9825199999999996	3.4837399999999996	1.24189	0.0	5.37611	5.80616	5.09034	4.89308	2.5112	6.45032	7.84754	3.56572	4.14331	3.9330700000000003	0.9308500000000001	0.0	0.0	0.0
Node 195		5.07493	9.33084	2.38364	5.43482	5.39595	1.27619	3.14947	2.62943	4.42344	7.31266	3.08454	2.68193	3.89315	4.73201	3.4726600000000003	3.4101399999999997	5.494190000000001	3.6693700000000002	3.50512	1.34308	0.0	0.0	0.0
Node 130		1.45605	1.7530400000000002	1.71263	2.70799	6.05792	8.36847	8.03243	3.9308099999999997	3.1724500000000004	4.09148	3.95575	6.954820000000001	8.17672	5.70173	1.28094	3.62843	7.4013599999999995	4.99254	5.8809000000000005	1.3967200000000002	0.0	0.0	0.0
Node 85		4.7448999999999995	3.51905	5.0808100000000005	4.5841199999999995	2.4678	3.00902	5.87515	8.585890000000001	5.43969	7.259029999999999	5.11362	4.99637	5.92066	2.69293	5.67286	2.29602	8.29004	4.2238	4.54155	1.51757	0.0	0.0	0.0
Node 161		3.9600000000000004	2.23494	2.77412	4.72275	4.02755	5.9597999999999995	7.9722	5.24704	4.5126800000000005	4.17544	7.3454500000000005	8.33262	4.43708	5.401870000000001	4.7373400000000006	6.11016	6.6900200000000005	2.80105	6.8051	0.8099999999999999	0.0	0.0	0.0
Node 87		3.1514699999999998	6.7921499999999995	1.76172	4.76385	4.97595	7.6199900000000005	0.0	5.66134	2.876	5.465380000000001	1.57554	2.2604800000000003	9.48836	4.27106	5.58731	8.64211	8.626240000000001	1.90852	2.79917	1.74085	0.0	0.0	0.0
Node 165		4.82117	3.62108	2.6431	4.91405	8.15016	2.31469	9.170499999999999	5.65981	5.35265	3.8075900000000003	1.6933099999999999	2.32512	3.22818	3.58819	4.57595	5.90676	7.34733	5.29301	2.77731	0.9308500000000001	0.0	0.0	0.0
Node 127		3.33798	5.293740000000001	3.39077	4.86791	5.31694	0.99807	1.3446	7.25005	5.63561	6.866949999999999	6.09035	1.13687	6.07979	4.45637	5.38491	3.39471	5.32625	2.69789	5.78383	0.7885700000000001	0.0	0.0	0.0
Node 146		0.68122	4.41818	5.02149	4.18315	4.50509	8.624419999999999	2.8071200000000003	5.74655	3.60602	6.35483	5.549119999999999	5.22061	5.54606	3.43654	3.2401	3.16373	6.12682	3.6606899999999998	4.07416	0.8099999999999999	0.0	0.0	0.0
Node 80		5.52412	2.1138	4.15914	6.071689999999999	8.20992	5.28978	5.91333	5.30422	4.23207	4.05914	4.67035	3.7953099999999997	5.266089999999999	6.2094499999999995	1.29675	1.81869	1.55607	2.80396	2.03529	1.46393	0.0	0.0	0.0
Node 184		1.41379	7.13132	1.74233	3.47316	4.74435	8.101379999999999	6.777569999999999	4.35046	1.176	2.3019000000000003	7.317959999999999	6.81829	6.4624	3.80146	4.9528799999999995	5.25033	7.53252	3.84018	3.4724600000000003	1.34308	0.0	0.0	0.0
Node 14		5.2694	6.02541	0.0	3.6267	4.72859	4.49689	9.01019	4.6299399999999995	5.3856399999999995	3.51507	8.68635	5.805210000000001	6.95939	5.67183	3.60152	4.85374	3.46742	8.0178	5.1400500000000005	1.9298	0.0	0.0	0.0
Node 92		2.3217000000000003	4.29906	1.7868700000000002	5.28062	2.41545	6.49738	5.955209999999999	7.39928	4.30444	5.49091	6.61047	6.341130000000001	5.391719999999999	6.0157	4.68396	5.40999	6.3467899999999995	1.49149	4.9724900000000005	0.9308500000000001	0.0	0.0	0.0
Node 199		5.4460500000000005	3.99397	2.81076	6.45022	3.9591399999999997	2.4883200000000003	3.5640699999999996	2.02687	3.7390600000000003	5.93644	7.07239	7.889500000000001	6.8545300000000005	3.81958	3.38024	4.8569	6.632960000000001	3.74161	2.14248	2.32757	0.0	0.0	0.0
Node 8		4.74433	3.6446600000000005	1.8231000000000002	6.717289999999999	3.06806	3.1253	3.36025	2.32855	6.96654	2.86979	7.3366	9.947659999999999	3.94541	3.30139	5.39877	5.31443	1.42606	3.94539	5.27409	0.0	0.0	0.0	0.0
Node 198		3.03083	3.39832	3.99516	0.89225	7.856870000000001	6.448460000000001	5.59266	8.282680000000001	3.6166400000000003	0.53044	3.0086399999999998	6.4109799999999995	4.1924	4.57606	5.88275	7.0749699999999995	6.11029	4.97248	1.90837	2.13165	0.0	0.0	0.0
Node 50		3.9789600000000003	6.338240000000001	3.25344	5.03555	6.93219	5.63651	5.76638	4.4476700000000005	4.2766	7.34607	6.6115900000000005	4.91885	8.76436	3.16547	6.05442	4.31856	4.80731	4.5185200000000005	1.36625	1.71942	0.0	0.0	0.0
Node 10		4.307119999999999	2.8638299999999997	4.4635	3.62236	6.84961	3.52295	6.63991	4.0141	4.79899	6.27457	6.74506	3.1700399999999997	2.63468	2.16627	3.73833	4.2363	7.4658500000000005	2.99273	4.64025	0.53308	0.0	0.0	0.0
Node 69		6.429799999999999	2.17059	3.95972	2.18437	5.10163	10.44867	5.76729	2.88137	3.9653300000000002	6.13056	5.9980899999999995	1.37626	4.7924	2.10888	5.69005	0.8497299999999999	7.975409999999999	2.3077	2.80942	0.0	0.0	0.0	0.0
Node 60		3.06893	6.21145	1.80395	7.408729999999999	5.97182	6.580990000000001	1.8257800000000002	3.28889	3.72951	0.8776	6.955229999999999	2.94899	9.03618	5.40975	5.0967400000000005	6.54078	4.64281	5.11929	5.0513200000000005	0.58672	0.0	0.0	0.0
Node 83		3.1088899999999997	3.13164	2.35924	1.85936	5.02921	2.9296699999999998	6.92682	0.7124199999999999	4.7991399999999995	4.33949	6.817539999999999	5.35755	5.9207	5.36969	6.32755	5.40316	3.67969	6.274019999999999	6.31931	0.0	0.0	0.0	0.0
Node 147		1.6812299999999998	3.87939	5.97145	3.9137699999999995	6.257569999999999	2.8992299999999998	4.720619999999999	2.1682799999999998	2.73746	2.1563100000000004	6.063070000000001	4.75025	4.89411	2.16837	4.586139999999999	5.45446	5.839600000000001	4.53072	2.96026	0.7885700000000001	0.0	0.0	0.0
Node 167		3.82795	5.41597	1.7445599999999999	3.1645399999999997	6.255610000000001	5.648149999999999	2.92504	4.49111	2.55775	2.38363	6.2697	7.2973300000000005	5.16727	3.52506	4.7724	5.0772900000000005	4.12465	3.78758	1.53939	1.74085	0.0	0.0	0.0
Node 76		2.36172	3.79973	0.78625	4.48069	5.57212	4.47302	5.16224	2.7952500000000002	5.634589999999999	1.47229	4.18109	6.08693	2.3546500000000004	3.41632	3.6769299999999996	4.45877	9.09181	4.11546	5.19446	0.0	0.0	0.0	0.0
Node 27		2.0914599999999997	4.908860000000001	1.8263999999999998	3.4118999999999997	6.34611	3.2944099999999996	4.620699999999999	6.3431299999999995	1.91174	4.9446900000000005	3.46123	7.0850800000000005	3.56845	8.52208	1.36832	6.2045200000000005	2.3489	3.63806	1.9488599999999998	0.8099999999999999	0.0	0.0	0.0
Node 158		2.31664	2.8214099999999998	4.209779999999999	6.419569999999999	8.97724	2.84651	5.71119	5.43924	4.3840900000000005	6.37389	3.3540300000000003	5.12776	2.19533	0.79901	2.20833	6.46999	3.5210600000000003	2.83418	4.80753	0.53308	0.0	0.0	0.0
Node 171		5.4254999999999995	2.77013	1.66999	5.8532399999999996	8.32087	8.61233	2.1344	5.6370499999999995	3.11916	6.07234	6.713189999999999	5.20768	4.73341	1.96363	5.36105	5.9142399999999995	7.96715	7.153669999999999	6.69488	0.0	0.0	0.0	0.0
