Node 154		2.73852	5.17839	6.84418	5.22981	4.57916	4.92946	4.0283	6.976209999999999	0.85667	4.2303	5.53022	3.8841	7.18091	6.6539600000000005	4.10476	4.91211	9.4639	3.87961	5.893079999999999	0.9308500000000001	0.0	0.0	0.0
Node 128		7.90059	2.19583	8.24837	4.09179	5.11695	6.4912600000000005	7.03397	3.74595	4.05468	5.37601	4.83242	6.312429999999999	2.77622	8.723690000000001	5.79519	3.2153899999999997	8.66584	7.580290000000001	3.5943099999999997	2.2525	0.0	0.0	0.0
Node 142		2.4516	5.93128	7.3939699999999995	3.62081	5.16932	3.8406999999999996	4.1511	4.45467	4.28414	4.18454	6.87382	2.9140200000000003	4.9536999999999995	3.0612299999999997	3.3433200000000003	7.69712	3.78505	4.72185	4.258900000000001	0.9308500000000001	0.0	0.0	0.0
Node 34		5.27438	4.80188	4.35649	5.12851	2.39729	2.21644	5.855910000000001	8.146889999999999	4.60997	3.55277	4.268750000000001	3.05411	4.9394800000000005	2.5657699999999997	5.26884	3.3688299999999995	5.53674	4.0894699999999995	8.30704	0.9308500000000001	0.0	0.0	0.0
Node 43		8.86039	5.61177	8.42869	5.36963	6.407119999999999	7.2279599999999995	3.53396	6.86637	3.8435499999999996	6.87547	1.38886	2.92694	3.8390100000000005	5.75979	5.5812800000000005	3.4902	11.02784	2.95278	5.12726	1.32165	0.0	0.0	0.0
Node 77		3.53227	2.6383	4.00986	7.18318	4.21029	2.2229	6.346690000000001	4.2973	3.0178599999999998	3.8213	6.2216000000000005	7.08317	4.85699	2.26167	6.54327	4.99169	4.20467	4.5269200000000005	2.12345	0.9308500000000001	0.0	0.0	0.0
Node 65		5.1209	8.11157	3.38165	4.38985	8.58478	5.66785	6.13851	4.6989	3.8060400000000003	5.65337	3.7277699999999996	3.34037	1.58295	7.57529	4.39144	6.2238500000000005	2.2202699999999997	4.67961	6.37229	0.8099999999999999	0.0	0.0	0.0
Node 143		5.45437	4.94114	6.01996	4.67938	6.88198	5.68777	1.94636	7.587969999999999	1.44824	1.30892	6.34652	5.3593399999999995	4.7390799999999995	8.07034	4.5785800000000005	7.137979999999999	3.69501	7.1676	5.713979999999999	0.8099999999999999	0.0	0.0	0.0
Node 9		3.89792	2.24312	7.5699000000000005	5.06322	7.23589	2.21035	7.90013	6.719740000000001	4.0757200000000005	6.1393200000000006	4.00647	1.19269	3.2432299999999996	7.8209100000000005	6.717770000000001	5.4399299999999995	4.90941	9.3655	5.241090000000001	0.8099999999999999	0.0	0.0	0.0
Node 36		9.68427	5.03864	7.78541	0.84776	7.0242700000000005	5.1462	5.13241	7.76547	4.45642	2.71903	4.11257	2.0841499999999997	5.32466	8.76784	4.62895	3.1046899999999997	5.3468599999999995	4.452529999999999	5.282830000000001	0.0	0.0	0.0	0.0
Node 3		8.632819999999999	4.2799499999999995	5.892519999999999	5.45337	4.42094	4.60018	3.40957	4.68877	6.7553600000000005	2.75507	5.80126	3.50906	2.6637	4.32279	5.77888	2.97526	8.13858	2.91603	5.56848	0.9308500000000001	0.0	0.0	0.0
Node 135		6.04216	5.06322	4.55021	7.48491	2.9657	3.2655999999999996	4.61156	1.08793	5.1203	3.14682	2.28428	4.5304400000000005	4.94724	1.1775	7.18921	6.715129999999999	0.98206	4.97792	3.7699499999999997	0.7885700000000001	0.0	0.0	0.0
Node 114		6.23272	4.82972	4.2923	3.66251	4.40246	9.74708	7.19249	3.5567	5.5478	2.60002	4.99816	4.48744	8.02263	2.69825	7.51366	5.13342	4.9664399999999995	7.36966	3.85777	1.74085	0.0	0.0	0.0
Node 145		6.9322	2.15033	3.53056	7.344390000000001	8.32253	7.3197	5.70949	4.3186599999999995	1.8132100000000002	0.0	3.8540699999999997	4.65254	4.836320000000001	1.4682300000000001	2.5428800000000003	2.97085	3.2499800000000003	4.76978	3.37735	2.71837	0.0	0.0	0.0
Node 71		3.9606500000000002	2.24607	8.24651	2.65259	3.62025	6.55372	2.67943	4.76041	6.58101	4.01803	4.418629999999999	5.01446	5.6080499999999995	6.87439	3.27099	7.98983	5.4501800000000005	3.80254	4.04269	0.0	0.0	0.0	0.0
Node 94		5.75294	5.5008799999999995	9.27528	3.1601	3.9763399999999995	4.77322	2.4151	5.741820000000001	2.4897	2.4692700000000003	4.2027	5.707389999999999	5.70335	0.52886	6.19108	5.11333	4.94201	6.28388	5.92281	1.5985699999999998	0.0	0.0	0.0
Node 84		5.21898	4.19737	9.120109999999999	3.0736	3.45658	6.254569999999999	5.14844	3.0377899999999998	3.7582400000000002	5.90987	2.75941	6.26601	2.4049	6.91471	6.34458	4.622310000000001	4.26644	4.275	2.8518600000000003	1.32165	0.0	0.0	0.0
Node 70		5.71903	3.72032	5.0746899999999995	5.582800000000001	4.25012	8.77882	7.53532	8.18052	2.87324	2.07707	6.83815	3.21208	3.75635	6.1145499999999995	6.00763	4.8256	4.831110000000001	2.1570099999999996	2.18643	0.0	0.0	0.0	0.0
Node 78		5.786560000000001	5.82897	8.17415	5.1279699999999995	2.17988	3.03591	4.58058	7.93647	2.63405	1.8719800000000002	5.2023	5.61582	5.7646999999999995	2.61882	1.74274	10.12538	6.60907	5.37011	5.01465	2.2520100000000003	0.0	0.0	0.0
Node 151		5.50073	4.89682	7.43878	9.296069999999999	4.76316	3.9864499999999996	2.8329	5.875120000000001	2.7762	4.04127	3.9382	6.47777	6.02684	3.03628	10.12133	7.16079	4.23797	2.81818	6.497369999999999	0.9308500000000001	0.0	0.0	0.0
Node 170		7.75485	4.46615	4.84957	7.13778	8.32459	8.13845	5.85679	4.748349999999999	3.20591	5.05981	4.37769	5.2325099999999996	5.6460099999999995	5.44709	2.60133	5.18654	4.98375	7.314039999999999	2.57234	0.8099999999999999	0.0	0.0	0.0
Node 189		6.47984	3.0529	5.813	8.31909	3.65269	8.182839999999999	7.230119999999999	1.28061	4.06704	6.16657	7.414809999999999	8.54462	8.3614	5.9968	4.8537	4.82926	5.85556	4.99031	10.23033	2.32708	0.0	0.0	0.0
Node 60		7.85557	2.87695	8.79376	5.97959	3.48863	2.96401	6.20871	3.01023	4.17536	3.5457799999999997	7.5196700000000005	2.83435	4.5482000000000005	7.19422	2.72994	4.15009	2.89687	6.32939	4.42601	0.9308500000000001	0.0	0.0	0.0
Node 126		4.0433900000000005	1.82549	4.06458	7.262580000000001	4.17243	5.64469	3.59426	8.91577	2.8805	5.4694899999999995	7.259740000000001	0.90674	7.11102	2.11025	4.68276	6.246	6.29261	4.94252	4.1164	0.8099999999999999	0.0	0.0	0.0
Node 177		5.63517	4.08469	4.92989	0.0	7.60401	3.21486	2.2777	4.38963	3.20789	5.7943	4.50531	3.27371	2.84388	2.71012	6.74685	1.49082	9.26554	2.59665	5.06869	0.53308	0.0	0.0	0.0
Node 66		7.452870000000001	6.2895199999999996	5.67826	4.48615	3.78267	4.5002	2.28233	3.855	1.2645	3.7989599999999997	5.31022	4.84872	4.6408	4.40163	4.76163	5.39219	3.3132099999999998	3.51505	5.0517199999999995	0.0	0.0	0.0	0.0
Node 164		2.29945	6.90843	2.48531	7.87635	9.25225	6.56988	6.57532	2.25586	4.0551900000000005	4.51297	5.37181	3.54677	9.1562	4.06133	8.771139999999999	5.15713	2.75404	9.310970000000001	2.57833	2.13165	0.0	0.0	0.0
Node 152		7.275239999999999	3.4077900000000003	9.48682	5.7986	2.47268	3.86732	3.5336600000000002	3.97287	1.53718	6.45066	2.89435	4.507429999999999	5.34242	3.64967	3.02597	5.98311	1.5127	4.34783	2.49614	0.8099999999999999	0.0	0.0	0.0
Node 182		5.76774	5.37952	8.355120000000001	2.66447	1.37461	5.55887	6.2484	3.05469	2.7170099999999997	5.13054	8.46984	8.34665	7.9017	2.7648699999999997	8.04105	7.577839999999999	5.41238	4.72569	4.3620399999999995	0.0	0.0	0.0	0.0
Node 98		5.02626	8.43601	8.792110000000001	5.22069	5.81036	4.78447	2.40293	5.46552	5.59657	5.51788	4.37769	4.92166	7.800319999999999	4.42546	2.12095	5.47926	5.89224	3.57619	4.49836	0.9308500000000001	0.0	0.0	0.0
Node 33		8.66853	3.1169100000000003	9.41116	10.354140000000001	4.45138	2.5446	5.19388	5.48569	7.20504	3.92971	2.83494	4.31205	7.26832	5.172899999999999	4.84734	5.35348	11.37272	6.18059	2.86742	2.13165	0.0	0.0	0.0
Node 22		3.1836200000000003	6.41608	4.72729	7.269100000000001	3.76837	3.9632599999999996	3.65998	8.22482	2.81638	7.54152	11.12129	9.0582	6.21237	4.1801699999999995	5.26891	3.6180999999999996	7.07343	5.566059999999999	4.55814	0.8099999999999999	0.0	0.0	0.0
Node 62		3.27086	5.640619999999999	5.7830699999999995	2.49417	6.424100000000001	6.543690000000001	6.08889	8.86979	0.9337099999999999	6.0574	6.02905	3.56	3.90048	4.22901	5.2076400000000005	4.37117	6.17177	5.85896	3.50755	1.32165	0.0	0.0	0.0
Node 85		7.5218300000000005	3.23104	2.49572	8.89128	5.18919	2.6218000000000004	1.81359	6.0658900000000004	7.013610000000001	2.05586	8.634409999999999	3.68961	4.78785	3.6471400000000003	3.7876600000000002	4.72896	7.1346300000000005	4.75535	2.9749999999999996	0.8099999999999999	0.0	0.0	0.0
Node 74		2.17103	4.00319	4.6548	7.60325	5.31355	6.88058	5.5794999999999995	5.78147	3.78248	3.32442	7.61469	3.81053	5.4887	4.68604	7.31956	3.29698	5.63009	6.588439999999999	7.917009999999999	0.9308500000000001	0.0	0.0	0.0
Node 148		8.27262	3.1023	8.040659999999999	3.6981800000000002	5.52509	4.7519100000000005	5.053330000000001	3.37506	1.8546900000000002	3.5451200000000003	3.23887	4.547890000000001	2.1788700000000003	3.9258	7.69172	7.557129999999999	5.9768	3.1747699999999996	2.0884400000000003	2.30614	0.0	0.0	0.0
Node 92		3.07958	0.5551	9.44704	9.05367	10.425650000000001	2.8885199999999998	5.474629999999999	7.67749	4.65507	2.96367	4.54885	4.138	3.71223	2.71882	6.88431	3.55631	2.1668	2.0676	4.48004	2.32708	0.0	0.0	0.0
Node 61		4.33599	7.652349999999999	8.5724	8.249130000000001	3.4412900000000004	2.4708799999999997	4.2349	4.38447	4.40813	7.576829999999999	4.35727	3.84307	4.97266	4.23864	5.10829	7.463119999999999	1.92913	5.00645	3.63471	0.0	0.0	0.0	0.0
Node 193		4.65781	5.7866800000000005	5.00152	4.02036	4.683339999999999	1.32877	5.1344199999999995	6.20516	4.4209499999999995	3.64327	5.0211	5.3083100000000005	3.50917	4.45695	3.91551	4.1083799999999995	5.87946	5.57809	2.9944599999999997	0.9308500000000001	0.0	0.0	0.0
Node 67		5.91992	3.10142	4.95698	4.709420000000001	3.64856	9.01995	2.00887	5.77862	1.74343	3.1172999999999997	1.4965300000000001	6.476719999999999	2.95065	1.87657	4.23558	4.69041	10.11744	2.7047499999999998	7.525220000000001	2.13165	0.0	0.0	0.0
Node 112		6.1212	6.99008	4.05296	4.37749	6.96832	4.10612	4.38179	3.1740699999999995	9.07821	3.3468	2.42877	2.5821	1.57547	11.02241	3.12458	3.32639	4.7159699999999996	3.2749599999999996	2.25563	1.5985699999999998	0.0	0.0	0.0
Node 0		4.15043	5.11725	6.90641	5.46324	2.2068600000000003	4.734	4.64879	4.71745	4.08343	4.80097	7.07218	6.08557	3.44183	7.27632	6.3553	2.54277	4.56135	1.03472	5.746720000000001	1.5985699999999998	0.0	0.0	0.0
Node 99		4.9169	2.6475999999999997	4.74811	4.04255	7.0716399999999995	4.27504	2.23327	7.33797	4.20009	1.50746	4.55645	3.9018100000000002	7.37172	5.8591299999999995	6.97096	7.17753	6.01216	7.45653	6.4707	1.74085	0.0	0.0	0.0
Node 15		5.97256	3.6801500000000003	3.5553099999999995	3.87529	4.323980000000001	7.976659999999999	7.704859999999999	3.32842	6.29164	2.1722200000000003	4.3956	3.9018100000000002	3.04794	3.07369	2.0037800000000003	5.45092	4.79013	5.96495	4.74625	1.5985699999999998	0.0	0.0	0.0
Node 82		5.10803	7.2579400000000005	7.76617	4.28324	6.05999	3.71514	2.8054900000000003	2.94635	3.5137099999999997	5.3698999999999995	7.82446	5.30615	6.1129999999999995	4.8821200000000005	8.15667	5.45596	4.13375	2.38318	4.94182	0.7885700000000001	0.0	0.0	0.0
Node 129		3.94749	3.47743	3.3531900000000006	7.52529	4.92647	3.22454	6.671259999999999	0.0	3.72205	3.2879699999999996	5.25534	4.90347	7.61612	3.62131	4.26975	4.09612	3.4625299999999997	4.2023	5.16977	0.8099999999999999	0.0	0.0	0.0
Node 140		6.42727	4.75369	7.64976	5.74446	6.4213000000000005	3.7563899999999997	6.70024	3.78511	2.8805	3.71926	4.070399999999999	7.14046	2.5665299999999998	2.93256	5.80507	2.54177	2.53167	7.988779999999999	3.5966400000000003	2.27393	0.0	0.0	0.0
Node 44		4.57006	6.31133	5.69621	5.653989999999999	3.16368	6.293550000000001	2.54936	3.1724200000000002	4.77536	6.880400000000001	3.566	5.38291	4.0299700000000005	7.609050000000001	1.52963	6.81987	7.567989999999999	2.56237	1.3843299999999998	0.8099999999999999	0.0	0.0	0.0
Node 199		3.93106	4.31907	3.0705	7.0199300000000004	5.00517	5.82997	3.16542	2.5226100000000002	3.32857	5.80681	6.453250000000001	7.9967999999999995	5.837289999999999	1.9800600000000002	8.595880000000001	8.485230000000001	7.3929599999999995	6.02393	2.1019900000000002	0.9308500000000001	0.0	0.0	0.0
Node 147		6.26459	6.39352	4.09081	4.1646	4.49836	4.59571	3.4799900000000004	5.32705	4.59823	5.73334	6.16586	7.03246	7.59248	3.38011	7.33858	7.03926	7.61252	2.53058	5.8233	1.5985699999999998	0.0	0.0	0.0
Node 106		1.80739	2.90678	6.1285300000000005	6.614459999999999	3.12387	0.0	6.4626	3.3217000000000003	4.61074	2.5105399999999998	4.0121400000000005	2.6046	6.07086	5.76391	4.12009	3.2199199999999997	7.21046	4.98212	2.62965	0.9308500000000001	0.0	0.0	0.0
Node 121		0.62047	3.13889	3.40136	7.17407	4.36707	1.55975	4.29334	4.59833	3.19642	4.77929	8.12857	2.83173	6.36259	3.1768699999999996	4.12085	3.2279500000000003	2.38879	6.4411	4.2882299999999995	3.45978	0.0	0.0	0.0
Node 130		6.67325	4.6975299999999995	8.53752	5.62471	5.89665	3.36484	2.4286700000000003	2.44855	4.19829	4.1795800000000005	3.33122	8.11195	4.24826	4.08118	7.79734	1.78794	6.670579999999999	3.65398	3.38858	2.13165	0.0	0.0	0.0
Node 93		9.24845	5.77407	1.6905400000000002	2.65259	4.970490000000001	4.7393600000000005	5.419149999999999	5.4693	4.41078	3.88524	2.87456	3.28836	5.10274	3.08132	6.796919999999999	6.71386	0.8283699999999999	4.620139999999999	6.712750000000001	0.8099999999999999	0.0	0.0	0.0
Node 46		6.1508199999999995	3.50407	5.30444	3.8585599999999998	4.31475	6.470040000000001	4.0235199999999995	4.23732	1.79814	3.07728	2.94179	7.0756	2.00976	3.04185	10.70171	3.0157599999999998	7.11528	2.44755	3.4908099999999997	0.8099999999999999	0.0	0.0	0.0
Node 8		7.83024	2.99756	1.6721300000000001	4.5771	3.3219199999999995	2.50444	4.62675	5.94017	2.93379	5.9141699999999995	2.28428	5.61382	3.03051	1.33775	8.05641	2.20167	9.02912	3.6652299999999998	3.46683	2.52942	0.0	0.0	0.0
Node 39		10.62912	3.4997800000000003	6.09069	5.77093	3.91475	1.52619	5.01555	6.22183	1.45769	1.9004900000000002	7.14086	6.62107	5.3788599999999995	5.74061	5.2178700000000005	1.70907	8.91173	4.81877	2.99631	1.74085	0.0	0.0	0.0
Node 96		3.6216900000000005	5.875360000000001	7.72299	6.16314	4.50439	4.1016900000000005	4.2436799999999995	3.99896	3.6641399999999997	3.23719	7.172499999999999	3.8429199999999994	3.5238699999999996	3.43448	6.86661	5.50248	3.6554200000000003	2.9314	6.12221	3.45978	0.0	0.0	0.0
Node 101		1.9775	7.2366399999999995	3.499	5.55775	9.723379999999999	10.36589	4.29383	5.330159999999999	6.06062	2.48092	5.3597	4.00405	4.6145499999999995	1.8696899999999999	9.76865	6.254790000000001	9.34043	7.0188500000000005	4.21324	1.71893	0.0	0.0	0.0
Node 116		5.21452	4.44206	7.72408	7.57576	4.257770000000001	7.460419999999999	5.08319	3.94223	2.86666	2.9168800000000004	2.64491	7.20034	4.1419999999999995	4.88719	3.9998199999999997	1.9870100000000002	3.216	3.90225	5.04723	0.0	0.0	0.0	0.0
Node 174		7.41725	3.1202	6.17548	3.0693	4.75856	3.2647000000000004	6.58488	3.26929	1.8132100000000002	3.06135	4.6907	5.54549	6.31915	2.34497	3.8156000000000003	5.36954	2.6274599999999997	3.9292300000000004	1.26834	0.8099999999999999	0.0	0.0	0.0
Node 183		8.70481	4.77366	6.36515	3.6016399999999997	3.4371199999999997	4.08472	6.564399999999999	6.91571	3.2838100000000003	3.32029	5.61139	3.7458	4.59797	3.49227	9.320820000000001	6.97661	5.66916	2.33031	5.38345	1.74085	0.0	0.0	0.0
Node 125		5.42673	6.440650000000001	5.7177	4.10446	1.52625	5.8455	6.21277	7.41466	5.14062	4.0526100000000005	1.49118	2.0841499999999997	6.3714	4.06784	7.26855	5.572649999999999	8.22561	4.26944	6.61244	0.0	0.0	0.0	0.0
Node 115		7.06016	5.252190000000001	2.2084699999999997	5.5329999999999995	6.78376	4.58697	6.49304	6.42167	4.82254	5.14172	5.16505	5.77721	4.63659	3.49227	4.9354000000000005	6.48607	5.30434	5.09259	1.16117	2.52942	0.0	0.0	0.0
Node 76		4.705150000000001	2.65416	6.9237400000000004	5.52178	4.35726	3.1930600000000005	3.82259	2.52614	4.01089	5.59152	2.4227499999999997	6.360780000000001	6.85491	1.44257	2.51364	0.0	7.27932	4.41966	4.89823	0.7885700000000001	0.0	0.0	0.0
Node 55		3.18998	3.2696500000000004	5.11315	10.602599999999999	6.03738	6.36941	4.8363000000000005	4.6989	3.2962	6.6769300000000005	3.78637	2.96188	3.8168800000000003	1.47023	3.2401	6.67238	4.79526	3.44019	4.49988	0.9308500000000001	0.0	0.0	0.0
Node 47		4.95284	6.1981	2.50687	4.35349	4.8548	5.20615	4.87839	5.02537	6.310929999999999	1.42727	5.33328	5.47596	4.978960000000001	1.8462200000000002	7.48654	2.75623	4.39058	3.06911	4.15287	1.71942	0.0	0.0	0.0
Node 59		2.61954	3.6143899999999998	5.78888	6.484850000000001	8.02783	3.2085500000000002	7.58572	7.639219999999999	2.6592000000000002	8.43452	3.8792899999999997	3.0772999999999997	5.810230000000001	2.8019	8.13018	4.165830000000001	9.06976	3.92357	9.6149	0.0	0.0	0.0	0.0
Node 162		7.62162	6.4180600000000005	5.3314	7.02287	4.03828	3.35246	3.33165	5.85742	3.00316	2.3611199999999997	2.9145999999999996	2.10114	7.029929999999999	3.6698099999999996	4.3087800000000005	4.59123	4.041779999999999	4.9758	2.35266	0.9308500000000001	0.0	0.0	0.0
Node 194		4.98866	4.38528	5.11069	5.19636	4.33553	2.61125	4.47092	3.60213	3.7302	2.72872	8.44071	4.483560000000001	3.29092	6.301170000000001	3.52	3.2279500000000003	7.35369	1.31362	4.47741	2.27393	0.0	0.0	0.0
Node 81		10.03438	2.64125	6.752859999999999	4.2408	3.92321	3.3481499999999995	4.47139	8.130759999999999	3.18945	3.9243300000000003	2.61385	5.17929	6.05863	2.16837	3.97773	3.62279	5.11305	3.7149099999999997	4.2706800000000005	2.2520100000000003	0.0	0.0	0.0
Node 180		6.32175	1.91873	8.18328	3.61651	2.4034400000000002	4.63976	3.1581900000000003	7.2334	1.3951099999999999	3.06729	4.8041100000000005	6.115	5.52627	6.276750000000001	5.48079	4.53862	2.90297	3.95991	5.40837	1.74085	0.0	0.0	0.0
Node 171		4.01467	4.6806	5.20944	6.77483	5.32779	5.46498	3.3183499999999997	2.664	2.1987699999999997	1.8719800000000002	2.47538	4.51791	5.79495	3.4701299999999997	12.15534	5.36922	10.19484	4.63579	2.05368	0.9308500000000001	0.0	0.0	0.0
Node 109		9.56212	6.32549	6.51529	6.296799999999999	4.72759	6.49603	6.08282	6.265429999999999	3.74713	4.92272	5.080769999999999	4.4686200000000005	6.02442	5.41192	7.11102	5.20394	5.9177	4.91367	4.93185	1.5985699999999998	0.0	0.0	0.0
Node 45		8.744639999999999	4.74351	7.33821	3.5588300000000004	4.86635	5.91359	8.53622	7.0348999999999995	3.03555	4.3232	3.7714499999999997	3.8107	3.42706	7.98279	4.49934	3.32654	3.24959	8.20368	3.93286	3.06201	0.0	0.0	0.0
Node 86		6.49353	5.89766	5.12759	6.75476	3.1571000000000002	3.03805	6.77617	2.19685	2.86488	3.57631	4.505859999999999	5.702030000000001	4.24109	8.29552	3.30053	4.26968	2.75656	5.07034	4.412789999999999	1.34308	0.0	0.0	0.0
Node 35		3.6712599999999997	8.91908	2.65031	5.67963	3.3385	1.48418	3.8930399999999996	5.15693	2.17292	2.06958	3.97065	3.37979	9.48005	2.49911	10.21541	4.32756	4.96913	1.31714	6.575309999999999	1.86121	0.0	0.0	0.0
Node 159		8.45114	1.86791	9.63989	6.10649	4.78526	5.09094	5.80985	6.162100000000001	5.2547299999999995	3.7658700000000005	6.0148	5.15688	4.59532	5.67631	5.81857	4.27627	1.64038	2.5420100000000003	4.56016	0.9308500000000001	0.0	0.0	0.0
Node 104		4.2378100000000005	1.6914200000000001	5.72495	5.83875	7.53592	3.02554	4.54706	3.4731400000000003	1.39987	7.131550000000001	4.857530000000001	3.7137900000000004	2.76904	5.40637	3.0264200000000003	4.67093	4.11598	5.17213	4.44236	1.46393	0.0	0.0	0.0
Node 179		3.7824999999999998	1.5733000000000001	7.555439999999999	6.80323	6.9393899999999995	1.55709	4.40981	2.25586	3.24295	3.1172999999999997	5.94507	5.664899999999999	3.5715700000000004	4.42318	5.542529999999999	4.4395999999999995	7.96568	6.788819999999999	4.5501	0.7885700000000001	0.0	0.0	0.0
Node 20		0.9022199999999999	5.63253	4.39814	4.10779	7.051100000000001	3.19705	4.11799	5.36951	3.7014	4.72775	4.8894899999999994	6.921320000000001	6.796099999999999	3.09591	3.69152	8.105690000000001	3.7593599999999996	7.01074	5.14617	0.9308500000000001	0.0	0.0	0.0
Node 23		3.1089599999999997	4.03873	5.15932	3.40916	3.58481	5.02346	4.79763	6.5748500000000005	4.22044	2.8641099999999997	5.20825	4.6863399999999995	4.3486400000000005	3.79279	4.86259	2.70658	5.18656	7.01378	3.85083	0.0	0.0	0.0	0.0
Node 51		5.31868	4.82837	2.72233	7.2490499999999995	2.16963	4.72748	4.24439	7.792730000000001	2.35165	1.13001	6.67709	6.75549	5.6294200000000005	2.98044	3.5687200000000003	2.3238499999999997	1.71088	4.894069999999999	2.67651	0.53308	0.0	0.0	0.0
Node 53		2.31331	4.97794	6.94936	6.59271	5.78547	5.28154	2.52194	9.46245	4.20231	5.47854	5.611059999999999	5.24741	8.35102	2.11889	5.49593	3.755	4.36055	6.27104	3.05986	0.0	0.0	0.0	0.0
Node 110		7.5859499999999995	3.55638	5.21758	6.266380000000001	3.75097	4.07762	3.6669300000000002	5.459309999999999	2.5945300000000002	4.53349	4.70272	5.88509	8.60637	5.9220299999999995	4.633990000000001	9.48717	3.93281	4.09166	1.35569	0.7885700000000001	0.0	0.0	0.0
Node 176		3.67079	3.3327799999999996	6.67433	5.19371	5.76925	6.5567	7.97858	3.22258	4.8409	5.31886	2.2761400000000003	3.9089300000000002	8.49231	4.23505	7.14791	2.7254199999999997	2.36512	3.87695	3.7849800000000005	0.0	0.0	0.0	0.0
Node 107		6.602270000000001	2.2003000000000004	6.349019999999999	3.36203	6.48109	9.54506	2.75433	5.49105	2.7437	4.39053	7.278179999999999	2.71262	5.7324	4.45225	5.83604	3.3125	6.4257800000000005	5.74577	4.12214	2.2520100000000003	0.0	0.0	0.0
Node 97		3.19783	4.6559	3.24369	6.44219	5.92086	5.1362499999999995	5.97339	5.93766	2.02731	4.03201	4.17472	3.2240199999999994	3.7716600000000002	7.04076	2.68486	5.815250000000001	4.9166799999999995	6.95138	1.33731	0.8099999999999999	0.0	0.0	0.0
Node 117		6.4135	2.08467	7.0467699999999995	3.10066	1.9265700000000001	4.1122499999999995	4.73743	6.05451	2.6993400000000003	3.24951	6.59492	2.4461299999999997	4.6852	2.5112	3.76092	3.1675500000000003	7.787139999999999	5.24271	5.68636	0.0	0.0	0.0	0.0
Node 150		5.144839999999999	1.7889	6.64059	4.06069	5.43362	4.5122	5.33966	3.92457	7.710939999999999	4.71469	5.4036800000000005	2.71314	9.94144	5.6243300000000005	4.70732	4.2363	4.02159	4.68302	2.99144	0.9308500000000001	0.0	0.0	0.0
Node 123		6.5386299999999995	6.439979999999999	3.21291	3.8374900000000003	4.585999999999999	4.98489	7.62698	8.408	5.31944	0.8031	1.68214	5.96691	1.53175	7.926229999999999	2.48094	2.77061	3.00865	4.08944	3.2512499999999998	0.7885700000000001	0.0	0.0	0.0
Node 5		5.68535	2.17059	3.17758	3.64648	3.2295900000000004	4.6392999999999995	6.2441	6.05283	3.87177	3.40456	8.43971	3.50792	5.44745	3.99082	5.3915	2.3390500000000003	6.18353	3.35044	4.32888	0.8099999999999999	0.0	0.0	0.0
Node 144		4.694050000000001	1.90413	3.45907	6.30651	2.65889	2.96256	6.513059999999999	2.69428	3.4334700000000002	2.80819	3.5764299999999998	2.90397	2.56984	2.50537	7.58302	3.42984	8.418190000000001	8.849400000000001	3.3832500000000003	2.2520100000000003	0.0	0.0	0.0
Node 57		5.3233299999999995	1.34135	7.94479	4.53466	4.02174	3.4023	3.21642	5.78582	1.68209	3.03433	5.58641	4.6112899999999994	1.9464700000000001	5.86029	3.85697	5.61271	10.56561	2.52035	5.746239999999999	1.5985699999999998	0.0	0.0	0.0
Node 192		4.00945	2.76934	4.37391	4.694509999999999	5.9406	4.11369	4.5262400000000005	6.0362100000000005	2.8068400000000002	5.90898	7.218869999999999	8.91456	6.708740000000001	5.5541	6.86235	3.60447	4.3984700000000005	4.79298	2.78676	1.74085	0.0	0.0	0.0
Node 72		7.78899	2.56092	5.37205	4.63128	3.60485	6.26864	3.6273100000000005	6.9051100000000005	6.61336	0.59157	2.5243100000000003	4.01492	6.24007	2.0936500000000002	4.58836	3.05423	8.26534	7.70825	4.31264	1.34308	0.0	0.0	0.0
Node 167		6.375640000000001	2.69112	8.346969999999999	6.408189999999999	2.8962499999999998	5.391	4.98371	4.70442	3.18998	5.44787	3.00181	6.0191	5.82007	6.34693	3.2695700000000003	6.596399999999999	4.39145	5.20866	1.51708	1.5985699999999998	0.0	0.0	0.0
Node 64		4.92535	2.8874899999999997	3.28759	6.31365	5.10802	4.042	6.0134300000000005	6.85212	3.73717	4.56799	4.01035	3.53613	2.09084	3.5273	2.8456200000000003	6.279909999999999	2.85533	4.45363	4.51365	2.52942	0.0	0.0	0.0
Node 118		6.3772899999999995	7.216500000000001	1.87825	5.17916	8.02451	5.37735	6.63261	3.0377899999999998	6.76924	3.72741	3.2258799999999996	4.53555	7.83397	1.20316	3.9991	8.629340000000001	6.92687	6.977270000000001	1.8515899999999998	0.53308	0.0	0.0	0.0
Node 63		5.43674	5.02103	5.3373	8.05332	7.33548	3.3481499999999995	4.47432	4.53113	1.3951099999999999	3.57923	2.9795599999999998	5.9796000000000005	3.8318499999999998	3.07131	4.6424199999999995	3.90071	6.696489999999999	3.05554	2.74467	0.9308500000000001	0.0	0.0	0.0
Node 141		10.99155	4.59491	7.59332	4.78187	3.17611	4.78718	2.51731	3.33629	4.80269	6.71842	5.14966	3.4989899999999996	3.2178	6.85346	6.76476	3.57515	6.48836	7.402069999999999	3.92682	1.46393	0.0	0.0	0.0
Node 102		10.656590000000001	2.30769	2.56806	7.88051	9.560599999999999	3.32605	5.12482	5.90272	5.36034	5.6487	5.74391	3.40301	4.03238	3.8207199999999997	9.07797	2.5715600000000003	7.140000000000001	5.03983	2.67791	1.74085	0.0	0.0	0.0
Node 100		4.841150000000001	2.2800000000000002	9.29504	7.343030000000001	2.77645	9.229759999999999	5.81523	2.41316	5.39641	2.66058	4.06537	2.83865	7.40885	5.28311	6.64358	4.84417	2.42909	0.0	4.16933	0.8099999999999999	0.0	0.0	0.0
Node 161		9.72457	4.82552	3.3692399999999996	5.65269	3.85396	5.56308	7.67942	4.15646	4.59303	4.95448	4.39968	4.47572	5.97419	7.50894	3.6575499999999996	3.1797899999999997	4.208130000000001	4.91807	4.15555	1.32165	0.0	0.0	0.0
Node 58		5.8060599999999996	3.55559	6.5753699999999995	6.48562	5.553319999999999	6.245620000000001	5.1265	5.4121500000000005	6.6567	4.20639	4.35727	3.44629	5.40267	3.1486300000000003	4.7958300000000005	7.88591	7.19469	4.93469	8.08877	3.06201	0.0	0.0	0.0
Node 31		6.78926	2.35794	4.11748	2.16675	4.40665	5.38409	3.17466	3.0752	3.74997	4.5152	3.94877	5.49542	7.111689999999999	4.77815	3.96842	5.8083599999999995	6.53695	4.609789999999999	3.27114	0.8099999999999999	0.0	0.0	0.0
Node 136		7.08443	5.46341	5.9272100000000005	4.31051	3.2860599999999995	5.475759999999999	5.06669	4.28885	3.26528	6.98923	4.491210000000001	3.16779	6.5705100000000005	4.6333899999999995	6.01958	7.927449999999999	4.210089999999999	5.9374400000000005	3.68739	0.9308500000000001	0.0	0.0	0.0
Node 90		6.901409999999999	2.64621	6.162730000000001	10.125860000000001	7.1423700000000006	4.9298399999999996	1.2793	3.58365	2.74181	5.9416400000000005	2.28428	3.6417400000000004	0.59592	6.59536	3.14679	1.70907	4.39944	5.14127	5.9685500000000005	1.46393	0.0	0.0	0.0
Node 16		8.350430000000001	6.01204	8.669540000000001	4.04097	5.8185899999999995	5.64813	3.5333000000000006	5.45113	3.19379	4.06426	6.32375	4.88032	6.43671	7.17907	8.14406	5.03947	1.6015000000000001	3.58327	4.75331	2.27344	0.0	0.0	0.0
Node 178		5.63016	1.47926	1.7868700000000002	5.2725	8.21242	3.0786000000000002	6.53031	6.01598	4.3957999999999995	3.65292	4.36882	1.49852	5.3143	6.771389999999999	7.15093	5.286090000000001	3.2276	4.20312	4.12413	1.7403600000000001	0.0	0.0	0.0
Node 21		7.5589900000000005	6.27426	3.64086	3.96735	4.48582	3.0589	1.60068	5.28242	4.91134	2.62632	5.5968	5.67813	4.30257	3.4838099999999996	2.5927700000000002	4.49782	7.769710000000001	2.00525	5.04128	0.9308500000000001	0.0	0.0	0.0
Node 40		2.20674	2.50262	1.77693	6.503839999999999	6.21041	2.95742	6.96142	5.0918600000000005	6.3402899999999995	3.0995000000000004	2.67492	4.35873	9.70997	2.65128	7.84011	0.75483	7.9113299999999995	5.14627	6.03181	0.9308500000000001	0.0	0.0	0.0
Node 29		8.08196	2.7025799999999998	8.108	7.310129999999999	6.24443	3.40357	5.35484	4.8852899999999995	6.15602	4.095759999999999	5.122999999999999	4.40299	4.98318	2.78366	7.38986	6.695619999999999	5.25753	3.256	2.4984800000000003	0.0	0.0	0.0	0.0
Node 175		6.73939	5.630199999999999	1.87825	7.39499	1.4081	1.7067999999999999	3.98878	5.90053	3.06574	4.737	6.1443900000000005	3.90514	5.10489	5.62605	3.17456	9.17642	6.4904	4.00635	4.670529999999999	1.34308	0.0	0.0	0.0
Node 52		5.2833499999999995	5.30286	11.0346	4.16524	3.05721	4.07878	5.0978	5.18217	5.59037	4.6292100000000005	4.48758	4.99724	4.47298	3.63071	7.471310000000001	7.85137	3.2371499999999997	2.99483	5.06541	2.71837	0.0	0.0	0.0
Node 156		6.69607	3.7247700000000004	3.40223	5.677440000000001	4.90878	4.02797	4.042260000000001	7.68677	3.1526699999999996	2.53685	4.63621	3.3041599999999995	4.77379	5.24211	4.22854	6.00362	7.110569999999999	3.3619299999999996	4.92578	0.9308500000000001	0.0	0.0	0.0
Node 131		8.927290000000001	4.3847	1.58086	5.927099999999999	6.14118	2.73843	7.33794	6.89847	2.94852	2.92654	0.8989	6.63769	3.15287	6.74103	3.07149	5.15479	5.88828	4.21985	6.10603	0.9308500000000001	0.0	0.0	0.0
Node 7		6.9985800000000005	3.24723	7.739129999999999	6.57836	6.21082	4.33094	2.57258	2.7483899999999997	3.90536	3.66949	4.35492	4.868320000000001	2.9795	4.6249400000000005	6.55051	1.49082	2.73626	7.47628	3.7233	0.0	0.0	0.0	0.0
Node 160		5.37475	1.48822	4.41376	3.5593	6.33201	4.53564	4.8028	4.7212499999999995	6.6847900000000005	3.40312	4.44951	7.85719	2.61123	1.22802	2.85737	2.5967000000000002	6.96821	2.94983	5.61517	0.0	0.0	0.0	0.0
Node 50		4.70441	5.50968	5.14519	3.83685	9.89983	6.488430000000001	6.5368200000000005	4.98329	2.5949	4.7536000000000005	4.30851	3.57455	7.66444	3.64697	4.69156	7.159260000000001	8.669640000000001	3.2022799999999996	3.5423999999999998	1.5985699999999998	0.0	0.0	0.0
Node 26		5.47018	1.34135	6.73743	3.37243	8.15638	7.23239	6.150449999999999	6.47588	7.8127699999999995	3.8159899999999998	5.40768	5.22786	6.5522800000000005	6.23852	4.91303	5.33188	2.33761	3.00067	2.38095	2.27393	0.0	0.0	0.0
Node 119		3.98728	5.16845	7.4074	1.26964	4.6981399999999995	6.79907	4.04591	3.54573	4.60006	6.651	4.11127	4.2541	5.00115	4.4351	4.349539999999999	4.99828	4.97729	1.2010399999999999	4.46014	1.7403600000000001	0.0	0.0	0.0
Node 153		7.3270100000000005	0.9051699999999999	7.8154	4.1546199999999995	2.9789	4.7681700000000005	3.32751	6.10006	1.8034999999999999	5.03036	3.11529	5.72398	5.427	8.12313	4.236079999999999	7.264329999999999	4.7992	4.8107	8.95504	0.0	0.0	0.0	0.0
Node 103		4.43719	7.29206	7.72519	4.03581	3.6300600000000003	5.105980000000001	4.1637	5.5893	1.47251	6.63074	2.14765	6.721839999999999	3.23607	5.21758	7.44505	4.0629100000000005	3.7864	3.93131	5.04835	0.58672	0.0	0.0	0.0
Node 80		3.3296399999999995	3.64221	3.8975799999999996	7.49705	5.29942	7.990690000000001	7.56721	5.54533	4.21162	5.85482	4.6639800000000005	5.6833	6.16833	3.33519	4.51924	5.76086	5.4015699999999995	3.5158300000000002	2.6117600000000003	0.9308500000000001	0.0	0.0	0.0
Node 108		5.2587399999999995	3.80066	6.50873	6.27583	5.85961	4.734	4.58178	5.87801	2.27703	3.3927199999999997	2.2992	0.78379	5.38056	2.80598	2.913	4.0577000000000005	2.51568	7.73745	4.21317	1.74085	0.0	0.0	0.0
Node 132		5.52441	6.29816	2.62101	3.53677	7.3239	4.68007	2.2861	6.92071	5.52773	4.67368	4.41142	6.49408	4.72105	4.29943	4.50061	4.89004	6.4436800000000005	2.71483	2.93867	1.5985699999999998	0.0	0.0	0.0
Node 2		8.26333	4.23897	9.03711	4.87253	5.6698900000000005	3.6304299999999996	2.85772	4.17382	0.0	4.56808	3.3912699999999996	3.3473200000000003	6.10843	8.00144	9.99029	5.04339	4.8032699999999995	6.14395	4.208130000000001	0.7885700000000001	0.0	0.0	0.0
Node 113		4.39804	2.85967	9.33879	2.74552	4.91789	3.7447500000000002	2.97574	5.37596	0.9337099999999999	2.78892	2.61385	5.3164299999999995	3.1813599999999997	1.68369	5.736879999999999	5.874639999999999	9.36261	5.43419	2.40959	2.27393	0.0	0.0	0.0
Node 111		1.95507	6.53088	4.36498	7.432840000000001	3.9443400000000004	3.03071	3.4759100000000003	5.165150000000001	4.31702	6.1703	4.95913	3.30718	5.68317	6.31675	3.99677	5.40125	6.76169	4.09968	7.36441	1.86121	0.0	0.0	0.0
Node 196		6.342929999999999	6.9213	7.37106	8.68666	5.72738	4.3086	5.89798	2.77088	6.57413	4.48162	3.60507	3.1770300000000002	6.64753	4.61674	2.4895	8.19556	3.7247299999999997	5.53612	4.98336	2.27393	0.0	0.0	0.0
Node 198		2.9433000000000002	8.57476	7.61381	3.50991	8.176559999999998	2.93215	7.66355	1.97006	2.4189700000000003	4.05697	5.61736	6.21624	4.4330099999999995	3.8793	6.28386	5.17565	2.82429	8.92993	5.84839	0.0	0.0	0.0	0.0
Node 158		3.97497	4.00364	10.20204	3.2830199999999996	4.58758	5.52234	5.08024	6.90201	7.22702	3.50841	5.569389999999999	5.9774	6.85111	4.58468	3.6228700000000003	3.09425	5.39926	3.83958	5.35017	0.8099999999999999	0.0	0.0	0.0
Node 186		6.55645	4.845420000000001	0.87538	5.45337	7.54839	7.562180000000001	0.5709500000000001	0.7158399999999999	2.93379	2.60002	4.57376	0.8989	3.2978899999999998	5.665649999999999	3.89202	4.72797	8.56187	1.9715900000000002	5.94966	2.13165	0.0	0.0	0.0
Node 88		0.9139700000000001	2.93831	10.47151	4.6266799999999995	5.550800000000001	5.78187	4.64666	2.24473	5.9369	5.25921	6.20876	2.15118	5.38056	5.2088	7.068670000000001	7.10968	6.40324	1.38108	2.3138900000000002	2.13165	0.0	0.0	0.0
Node 1		4.90831	4.1434999999999995	3.3454200000000003	4.59737	2.30593	2.74885	2.47072	2.56044	0.66898	3.5659099999999997	7.695860000000001	3.60853	7.03975	3.57768	5.156000000000001	4.27278	3.41512	4.77656	4.3954	0.8099999999999999	0.0	0.0	0.0
Node 56		3.0835999999999997	5.04232	6.17446	6.1476299999999995	3.89348	5.5556	2.49714	7.59973	5.94143	4.1317699999999995	7.13367	10.47957	2.72755	3.7049600000000003	4.2725100000000005	4.42864	5.98095	4.5481300000000005	2.27394	1.46393	0.0	0.0	0.0
Node 27		5.95821	2.9727900000000003	5.1855	5.20054	2.28973	3.1666100000000004	4.95343	3.67428	5.86289	3.89103	5.07249	5.84413	5.50324	1.94223	6.093500000000001	3.5276099999999997	1.50365	6.019909999999999	3.3529999999999998	2.30565	0.0	0.0	0.0
Node 25		5.3252500000000005	3.74614	2.59437	5.73031	6.06301	3.2525900000000005	6.9273299999999995	4.98329	7.813059999999999	4.38289	5.30594	2.9617500000000003	4.0852	5.62729	4.6528	5.37507	1.71983	4.96976	5.51077	0.9308500000000001	0.0	0.0	0.0
Node 137		4.10373	3.2548100000000004	4.436310000000001	6.41859	5.29624	1.45777	6.724950000000001	5.76568	2.3914	7.1189100000000005	4.63014	3.48916	5.50979	3.50601	7.69789	3.91955	3.17866	6.20364	8.93905	1.34308	0.0	0.0	0.0
Node 173		6.348040000000001	4.09688	6.965409999999999	4.6152999999999995	3.72928	4.21005	3.7115500000000003	5.92909	2.68524	7.6848	5.77298	6.24433	2.52088	2.5267999999999997	4.3137099999999995	6.55144	6.6239099999999995	2.8961799999999998	5.81362	0.0	0.0	0.0	0.0
Node 12		3.06381	6.51634	5.1118	5.66132	4.24362	4.16714	2.51731	6.3211	3.92858	1.43408	4.2614600000000005	6.9288	7.248150000000001	4.90799	3.5753	4.8354099999999995	9.72749	6.7501500000000005	2.30242	0.8099999999999999	0.0	0.0	0.0
Node 169		6.1346	3.4395000000000002	5.7476199999999995	5.23554	6.40544	5.399579999999999	7.79088	6.3325000000000005	5.08369	3.61347	1.56066	6.35159	7.8219899999999996	6.04331	11.39557	6.95475	5.08633	2.32682	2.27394	1.71942	0.0	0.0	0.0
Node 83		5.693560000000001	2.38619	4.71967	3.16097	4.99478	4.22261	3.1302299999999996	5.43998	3.24831	3.3992099999999996	0.71376	5.86995	6.2821299999999995	4.608890000000001	3.18241	0.0	4.827030000000001	6.57151	4.13505	1.51757	0.0	0.0	0.0
Node 19		6.54278	4.26442	5.9108	6.25603	3.01755	8.3528	5.50246	4.27032	2.44799	4.22347	5.47277	7.283720000000001	6.67678	0.6968799999999999	3.02235	9.436269999999999	4.51124	7.1565	2.6374999999999997	1.34308	0.0	0.0	0.0
Node 105		2.9470099999999997	2.05664	5.07068	3.7697799999999995	9.71137	4.750900000000001	4.2349	2.90305	5.6749	5.43379	4.85972	5.33626	8.40127	3.2711499999999996	7.68742	6.90128	4.20561	1.8424699999999998	4.56304	0.0	0.0	0.0	0.0
Node 89		2.33634	6.32625	6.77164	5.28342	6.14829	3.71056	3.14522	4.52829	5.724810000000001	4.13059	6.470610000000001	3.48058	3.95904	3.11075	4.75225	7.16924	5.69647	2.35037	5.0967	2.27393	0.0	0.0	0.0
Node 41		5.63987	2.46961	6.09595	4.74435	7.98948	4.28052	6.2235499999999995	7.508579999999999	4.84961	5.17835	4.7976	3.99963	5.9218	2.13476	7.810549999999999	3.37417	7.13068	6.63672	5.061249999999999	0.7885700000000001	0.0	0.0	0.0
Node 195		7.02382	4.44675	3.44288	5.373	3.88492	4.10034	7.91032	1.30084	4.20829	4.78426	2.8658900000000003	2.71341	5.5649299999999995	5.430759999999999	7.64186	3.3365600000000004	5.58013	2.56237	2.94815	1.74085	0.0	0.0	0.0
Node 166		6.67073	4.82736	6.88618	3.19749	5.2466	7.865	5.0771	1.8571600000000001	2.55451	5.51073	3.95263	3.0842899999999998	7.070930000000001	3.69707	3.01798	5.97557	5.1251999999999995	6.14959	5.6943	0.8099999999999999	0.0	0.0	0.0
Node 188		7.8242199999999995	2.72749	4.27418	7.217129999999999	6.83054	0.6987	4.86478	5.75124	8.62001	2.97667	3.05719	2.0841499999999997	3.91865	3.03865	2.88733	7.8112200000000005	5.281000000000001	2.87232	6.69782	3.06201	0.0	0.0	0.0
Node 127		4.04015	4.89683	5.11315	7.75335	4.06161	4.32412	4.02758	2.80416	4.1191699999999996	3.5282099999999996	10.15217	8.00679	7.96415	4.85034	8.56051	5.23562	5.04405	7.408919999999999	4.29993	0.9308500000000001	0.0	0.0	0.0
Node 18		6.285780000000001	4.4597999999999995	4.99074	7.753069999999999	4.72783	2.4168700000000003	3.7388999999999997	3.53667	3.11802	2.9319	4.18098	2.50054	7.97769	3.5193700000000003	8.989370000000001	6.10738	4.21113	3.7699000000000003	6.5733299999999995	2.13165	0.0	0.0	0.0
Node 165		5.1029100000000005	2.70287	8.58802	4.31865	4.35384	1.4187999999999998	3.94465	5.31471	2.14573	2.93288	8.562949999999999	6.492570000000001	8.79404	2.58683	6.542109999999999	3.8058099999999997	1.7162	4.11351	2.07257	1.32165	0.0	0.0	0.0
Node 69		2.4208	5.02085	4.24753	5.4981	4.66505	2.2688699999999997	1.6893200000000002	5.87139	4.98853	2.47127	2.05613	6.37787	9.55876	3.71307	6.9220299999999995	9.40581	7.772600000000001	5.0801	1.69933	0.0	0.0	0.0	0.0
Node 157		5.01712	5.6169400000000005	5.0771999999999995	7.73843	8.66974	4.97806	5.87681	2.8369	1.47215	5.58537	1.37202	2.83173	5.52484	5.5436	5.393660000000001	2.8277900000000002	6.17177	6.9412	6.2836	1.34308	0.0	0.0	0.0
Node 28		4.02557	6.52958	6.15493	8.71273	2.94475	1.41476	4.69306	3.21001	4.45809	6.2828800000000005	3.4432699999999996	6.6541500000000005	6.50712	3.26876	0.8662700000000001	2.75421	5.34288	4.50748	5.30944	2.30614	0.0	0.0	0.0
Node 184		7.53007	5.21465	3.3976800000000003	2.67538	4.7439599999999995	3.3099499999999997	4.38865	4.9429099999999995	5.4936300000000005	2.41078	5.29499	3.15235	9.88976	0.79901	4.05881	0.69146	3.9410800000000004	6.18696	4.7687	0.9308500000000001	0.0	0.0	0.0
Node 139		4.5793	3.1017699999999997	2.50995	6.46318	1.7629100000000002	5.80976	4.41359	6.249960000000001	1.9333099999999999	5.844860000000001	5.06146	4.12387	6.23009	7.92798	4.42011	0.75483	4.86473	3.7733299999999996	6.10126	1.74085	0.0	0.0	0.0
Node 168		4.6471100000000005	4.00364	3.99534	4.87763	5.3885700000000005	7.423159999999999	4.54728	5.67393	1.26397	2.47127	5.6950199999999995	4.200489999999999	6.890549999999999	5.1349800000000005	4.26975	7.68651	2.4655199999999997	7.233689999999999	8.11923	0.0	0.0	0.0	0.0
Node 49		7.701040000000001	4.51172	8.66608	6.04083	5.49343	4.7406999999999995	6.3101199999999995	6.29357	3.65192	4.78611	6.797350000000001	2.14737	5.44745	2.5112	5.06079	6.6587499999999995	7.90943	6.16415	2.3174	0.9308500000000001	0.0	0.0	0.0
Node 134		2.1859699999999997	2.74084	5.78777	8.17322	4.43166	2.60013	6.1986300000000005	4.28517	2.47226	4.56808	4.8634900000000005	2.44807	5.43092	2.89861	3.8156000000000003	3.3797599999999997	3.39908	5.4638100000000005	3.16686	1.74085	0.0	0.0	0.0
Node 54		3.2416	3.40364	5.1219399999999995	5.88043	9.60173	5.76131	3.9406299999999996	8.12961	2.46875	5.90987	5.03888	2.95409	3.2059699999999998	2.85389	8.27947	2.57764	4.262230000000001	8.1396	3.52374	0.9303600000000001	0.0	0.0	0.0
Node 87		3.9795200000000004	4.93314	2.32596	5.27262	2.86354	1.7181700000000002	2.98605	6.64598	6.902	5.6917	3.96009	5.8539	6.84953	0.5062800000000001	4.73551	3.83024	6.92918	4.98212	3.82883	1.34308	0.0	0.0	0.0
Node 95		4.35928	5.34778	1.41386	4.57876	4.73893	3.8791399999999996	5.77738	4.50133	0.9917699999999999	3.10399	8.78162	4.11316	4.49742	1.92618	5.6706	7.79054	9.01318	3.1621	3.94544	1.34308	0.0	0.0	0.0
Node 14		3.23858	2.2045	8.79228	3.42905	8.38834	2.64189	6.11018	5.4054400000000005	6.297	6.445320000000001	4.2136	3.95772	1.57498	1.9432800000000001	6.356000000000001	3.9358999999999997	3.97863	2.10662	3.96407	0.7885700000000001	0.0	0.0	0.0
Node 6		4.7123	3.27001	8.27599	5.78568	10.79229	6.68123	5.4467300000000005	3.99284	2.84964	2.0976600000000003	6.295770000000001	4.48478	7.988729999999999	3.05508	4.41303	2.86848	3.4433	7.4871099999999995	6.64102	1.46344	0.0	0.0	0.0
Node 122		5.41833	2.5892999999999997	4.42906	5.72355	9.97761	6.8781	5.984310000000001	5.4818999999999996	3.5280899999999997	3.04587	5.28203	3.98561	3.7825499999999996	4.95204	8.21436	4.15678	3.1755600000000004	4.40513	5.685840000000001	1.7403600000000001	0.0	0.0	0.0
Node 187		5.63798	6.8898600000000005	7.47492	5.2712200000000005	5.54338	7.24089	3.71103	3.07526	2.7762	3.74248	4.67743	3.2639799999999997	5.53725	4.37618	4.62911	7.06775	5.37505	3.44731	5.476459999999999	1.71893	0.0	0.0	0.0
Node 11		7.5311900000000005	8.10903	3.19346	7.3036900000000005	8.91603	4.7406999999999995	2.6146599999999998	3.2211200000000004	4.46988	6.14076	3.66564	3.11602	3.95462	3.86761	5.45472	1.82281	4.88794	3.4413600000000004	2.87898	0.0	0.0	0.0	0.0
Node 181		6.92459	4.32744	8.21953	3.84312	5.32873	5.19963	5.26586	3.4155100000000003	3.1848899999999998	4.86216	5.8238900000000005	4.24069	5.0487400000000004	2.37532	8.74553	4.087339999999999	3.8479600000000005	8.1995	4.38042	0.0	0.0	0.0	0.0
Node 133		2.32	2.7973000000000003	6.11849	7.049519999999999	7.64597	3.02794	1.83694	4.0515	3.15665	2.775	3.1349299999999998	6.634379999999999	6.25567	1.95784	8.80375	3.06294	3.5438400000000003	4.10716	6.32735	0.7885700000000001	0.0	0.0	0.0
Node 30		5.94922	4.55829	8.480269999999999	2.97054	3.9166899999999996	3.90733	7.0766599999999995	7.23134	6.54998	1.7971500000000002	4.589300000000001	8.47417	5.03208	4.01199	8.2073	4.1414	4.3648	1.8849500000000001	8.31052	1.34308	0.0	0.0	0.0
Node 42		6.888279999999999	3.05723	5.834820000000001	5.3308	1.4532	5.9931600000000005	5.48357	5.64362	3.16139	5.58176	3.6399099999999995	2.92564	3.4562000000000004	3.62475	6.08042	4.36146	4.84964	4.64322	3.3508499999999994	1.74085	0.0	0.0	0.0
Node 32		6.7005300000000005	5.49626	2.58745	3.28896	7.074669999999999	4.60416	3.6614899999999997	5.55451	4.67551	5.27478	3.43225	6.70126	3.0256499999999997	2.69076	9.14781	1.49082	5.734319999999999	5.2935	4.12092	1.7403600000000001	0.0	0.0	0.0
Node 120		6.4202200000000005	2.49611	4.22039	6.06907	5.63492	4.267180000000001	2.7237299999999998	6.93077	4.3254399999999995	4.03446	5.44704	1.51956	8.38784	4.17624	8.18078	3.4935	6.7462599999999995	5.786519999999999	2.83219	1.34308	0.0	0.0	0.0
Node 17		10.075280000000001	6.390809999999999	4.70821	2.28868	6.21637	7.79212	3.07461	2.41316	3.7299100000000003	4.793010000000001	7.37859	3.70508	1.96868	2.77598	6.56187	5.40506	6.14525	6.86832	7.56421	0.9308500000000001	0.0	0.0	0.0
Node 197		4.1902099999999995	1.5845399999999998	8.73197	8.797649999999999	3.6126400000000003	4.17802	6.93849	1.8735499999999998	2.32858	6.45261	3.04537	3.53613	3.52942	3.44413	4.33227	3.4632799999999997	2.7860300000000002	7.991040000000001	2.02504	2.13165	0.0	0.0	0.0
Node 48		7.50782	2.92732	4.5782799999999995	6.378970000000001	7.951569999999999	3.6274	3.0449	5.97808	5.5287999999999995	2.3621	2.40153	1.73443	2.5441700000000003	2.75141	3.18972	6.563149999999999	6.457649999999999	5.30369	3.81767	1.34308	0.0	0.0	0.0
Node 149		7.83223	5.27172	6.13365	8.49942	5.44858	9.84632	3.7686900000000003	5.1456	3.26677	6.36808	3.27686	5.31248	5.2393	4.69073	4.66593	3.4326000000000003	6.15992	3.3420199999999998	4.22529	1.74085	0.0	0.0	0.0
Node 185		3.00888	2.22884	10.39042	4.66101	7.78227	4.5118100000000005	5.4407	4.76246	2.9859400000000003	2.95269	6.9993799999999995	0.0	3.3194099999999995	3.6699599999999997	4.1805200000000005	4.19778	4.97976	3.4703199999999996	2.85325	1.74085	0.0	0.0	0.0
Node 75		9.672070000000001	8.69838	4.11907	6.7817799999999995	5.20181	4.87833	3.2702	1.83491	6.57161	5.45992	3.2197400000000003	6.537129999999999	4.72466	3.5305999999999997	3.5578600000000002	5.101710000000001	3.4176400000000005	4.40893	9.21762	2.13165	0.0	0.0	0.0
Node 4		6.531879999999999	2.22446	6.9370899999999995	5.590669999999999	10.113959999999999	5.26369	3.87838	8.436589999999999	6.91736	6.47264	6.445209999999999	2.0114	4.58427	4.18387	6.5974900000000005	9.968779999999999	4.63655	4.42507	6.30549	0.8099999999999999	0.0	0.0	0.0
Node 91		5.19593	3.52959	1.51066	2.68555	6.27368	3.15512	7.2019899999999994	3.68957	5.60021	5.97311	4.52228	6.862500000000001	4.4775599999999995	5.4936	5.99943	8.667110000000001	4.8787400000000005	5.67619	3.64724	1.34308	0.0	0.0	0.0
Node 10		9.57706	9.59269	7.26	6.2138800000000005	1.75173	6.17446	7.0742899999999995	1.3088600000000001	2.19999	6.68884	6.23275	6.45952	5.98131	2.7561	4.45177	5.61032	6.00863	3.2089800000000004	3.4454100000000003	0.9303600000000001	0.0	0.0	0.0
Node 146		4.903919999999999	0.5551	5.26577	7.47154	7.2574	6.3238900000000005	0.0	5.46506	3.2887600000000003	3.48762	2.41344	1.79036	8.40155	2.4281	1.96643	2.44687	9.16728	6.264640000000001	6.25743	2.13165	0.0	0.0	0.0
Node 37		5.46779	2.7982199999999997	5.93846	6.38991	4.47973	7.15402	2.26439	2.92908	3.05544	4.0576099999999995	2.61395	2.5522799999999997	2.58438	4.001720000000001	3.6954599999999997	2.41349	6.64473	2.57221	5.92802	1.7403600000000001	0.0	0.0	0.0
Node 38		5.54376	6.63184	7.35551	7.89841	6.21777	6.83963	7.42429	0.75032	2.00244	1.15652	5.78319	4.58648	2.03652	4.370439999999999	3.79438	4.305289999999999	4.97819	2.08991	3.1001600000000002	0.0	0.0	0.0	0.0
Node 73		5.38627	3.92014	2.66356	9.46561	3.10324	4.716950000000001	5.9491000000000005	7.5386	3.05471	3.3136400000000004	1.4965300000000001	4.0934	7.974639999999999	3.4149100000000003	10.18496	10.3718	4.21113	7.55958	4.24344	2.27393	0.0	0.0	0.0
Node 24		4.7510900000000005	2.13868	6.946579999999999	4.83182	6.07884	4.13138	4.43322	3.74476	2.17292	4.83622	8.21345	5.82931	7.523549999999999	4.49823	8.598889999999999	3.92839	4.5024	5.3745	3.58784	1.34308	0.0	0.0	0.0
Node 172		8.29555	3.8321899999999998	4.82827	2.3159099999999997	5.47578	4.874499999999999	5.24673	7.62539	3.11259	4.73038	5.43088	6.56062	3.3005199999999997	5.11761	6.76476	1.86015	3.9807500000000005	2.78381	3.6297999999999995	0.9308500000000001	0.0	0.0	0.0
Node 68		5.73982	5.13657	7.83525	2.20209	7.3012999999999995	8.64861	6.06414	9.50621	3.46299	3.07728	5.5731	5.50415	4.51517	3.6574000000000004	11.65813	2.97193	9.258619999999999	3.23299	6.53691	1.46393	0.0	0.0	0.0
Node 138		5.60367	6.2332600000000005	6.648289999999999	8.23184	3.5157099999999994	7.2378	3.5269500000000003	5.069520000000001	2.8733600000000004	5.08812	5.20041	6.1399799999999995	5.3562199999999995	2.7505	5.49724	5.85199	11.15062	7.50993	2.67911	0.0	0.0	0.0	0.0
Node 155		1.86483	5.63253	5.15431	3.66251	3.4260400000000004	8.074069999999999	5.495950000000001	4.56028	3.57406	4.22347	3.9189799999999995	6.585979999999999	9.04619	8.08512	6.00085	4.25955	7.99308	2.66623	6.656040000000001	2.13165	0.0	0.0	0.0
Node 79		5.032430000000001	4.97021	6.36319	7.61375	5.723000000000001	4.76938	4.59168	5.44327	5.8758	3.17071	4.12981	4.3711199999999995	6.28533	5.34899	2.8465000000000003	2.33942	10.927380000000001	8.1652	5.0003	0.0	0.0	0.0	0.0
Node 124		4.46986	4.60196	1.73397	6.28672	6.02672	2.31061	4.66294	7.772950000000001	4.613720000000001	5.30605	4.02331	6.307250000000001	7.16637	7.13192	4.42405	1.6775000000000002	2.3157	4.94189	5.03339	1.5985699999999998	0.0	0.0	0.0
Node 190		4.49447	1.24984	5.8476	6.7215	3.20034	2.73843	5.03226	6.35129	5.01675	5.0514	4.06431	3.38397	2.3487299999999998	2.67339	4.60999	3.41693	7.59913	3.64004	3.72277	0.9308500000000001	0.0	0.0	0.0
Node 163		4.6575999999999995	3.11669	1.57217	4.56305	3.33224	3.74344	7.08173	5.74183	3.4095	3.3080900000000004	9.73973	3.9018100000000002	4.84973	7.2460700000000005	4.77766	4.57881	7.58215	2.52032	4.8186	1.3752900000000001	0.0	0.0	0.0
Node 191		7.47902	6.662070000000001	4.40823	4.71155	2.74178	2.29027	5.34769	4.9530400000000006	3.57047	7.513459999999999	7.018330000000001	4.8553	3.98631	5.52421	8.56532	6.49043	6.660760000000001	4.88321	4.17271	1.5985699999999998	0.0	0.0	0.0
Node 13		5.0023	1.46591	10.37568	5.80682	3.9800000000000004	2.07145	2.78744	4.19012	3.5156600000000005	3.8197500000000004	3.95622	7.547089999999999	5.175339999999999	2.88896	6.11602	6.671	3.2794999999999996	5.35034	2.70967	0.9308500000000001	0.0	0.0	0.0
