Node 54		3.5548499999999996	6.2000399999999996	4.6017	5.72949	2.5909999999999997	6.2077599999999995	5.18107	4.50553	6.99325	5.368189999999999	4.06222	6.0046	5.86693	6.47772	7.8123700000000005	9.71763	4.89795	4.7296	5.03524	0.0	0.0	0.0	0.0
Node 165		3.7314800000000004	4.540629999999999	4.00823	4.14944	7.261189999999999	2.4055	3.1306100000000003	6.9539	6.00533	4.394	7.85686	6.24189	2.76855	3.29439	5.84296	5.46134	7.85653	7.36686	4.5039299999999995	1.71942	0.0	0.0	0.0
Node 58		6.55811	3.0469199999999996	5.882020000000001	8.78256	4.970490000000001	6.585789999999999	5.62793	6.17173	4.68342	4.434	4.1304	3.3041599999999995	5.33863	6.053030000000001	8.52703	3.4385	8.05699	6.9052299999999995	4.416119999999999	2.83922	0.0	0.0	0.0
Node 80		5.11109	5.36596	5.60216	3.1696099999999996	3.5106100000000002	7.32438	3.9085099999999997	3.4180599999999997	4.2736	3.1841800000000005	5.10379	4.90972	3.7470700000000003	5.4694	6.0438	3.8741600000000003	4.83394	6.3185199999999995	3.02263	2.98101	0.0	0.0	0.0
Node 111		6.58847	3.2639099999999996	5.58402	4.72476	5.53296	8.88717	3.87234	3.22016	3.9090800000000003	6.94837	7.84561	4.72314	5.14264	5.08774	4.66836	5.22817	5.6432	10.22629	5.0174	3.20429	0.0	0.0	0.0
Node 196		8.9395	6.34344	2.1245	6.7016800000000005	7.46748	5.77224	8.29181	7.61768	6.69201	4.20752	7.409459999999999	5.87215	9.38335	4.8495	3.9789499999999998	5.98793	5.507	4.164700000000001	4.48354	0.8099999999999999	0.0	0.0	0.0
Node 93		4.52779	5.60711	3.5616799999999995	6.641769999999999	7.577399999999999	4.99951	4.8686300000000005	7.344290000000001	5.15272	5.2588	6.3645	5.217709999999999	7.389460000000001	1.83415	7.44837	1.98699	5.809489999999999	7.93513	4.7211799999999995	1.71942	0.0	0.0	0.0
Node 135		3.84348	5.57059	7.60947	6.716629999999999	5.8390699999999995	5.89121	4.84116	5.13598	7.49208	6.96798	6.01241	4.19646	4.854640000000001	3.9671900000000004	7.54532	8.82282	8.55852	6.285559999999999	3.8860699999999997	2.52942	0.0	0.0	0.0
Node 162		8.62351	6.974379999999999	6.602919999999999	1.71843	3.6650099999999997	6.529559999999999	5.85882	5.83664	7.772469999999999	4.3498	6.3864	5.66524	8.439499999999999	4.15557	5.37431	5.17213	5.89549	5.19015	6.29271	0.53308	0.0	0.0	0.0
Node 29		8.098180000000001	2.55457	5.01949	3.7948999999999997	9.59809	4.3954699999999995	4.81358	4.330579999999999	4.25922	4.5218	5.35381	6.584779999999999	2.7231	2.65805	5.4402800000000004	4.08681	4.16918	2.84398	9.12957	1.3967200000000002	0.0	0.0	0.0
Node 167		7.7707	8.84273	6.847770000000001	3.58957	8.39901	6.00944	3.6597	5.85231	3.91869	0.86232	4.57865	3.41382	8.625720000000001	8.80912	1.91594	6.7302100000000005	3.8901499999999998	5.92895	8.04603	3.9928600000000003	0.0	0.0	0.0
Node 79		5.74513	4.57731	4.06942	2.04886	2.77645	7.16239	7.48202	5.66003	4.62731	3.6523100000000004	5.86233	4.076169999999999	1.5413299999999999	4.3688400000000005	9.09021	7.13483	7.25392	6.55369	5.71268	2.27393	0.0	0.0	0.0
Node 133		9.090810000000001	2.50062	3.17372	3.82189	6.29752	5.61886	5.42149	6.25335	5.14044	6.94037	7.20339	5.0681400000000005	7.80063	6.718050000000001	3.03105	8.430909999999999	5.68554	7.519159999999999	2.0552	2.64978	0.0	0.0	0.0
Node 57		3.4992900000000002	3.7723600000000004	5.11923	7.66879	4.7234	5.15475	3.5600199999999997	4.75931	1.60269	3.46104	6.34681	7.23521	6.37411	2.79975	8.35983	3.17585	3.23253	5.19942	4.35715	1.86121	0.0	0.0	0.0
Node 67		5.652150000000001	3.7514499999999997	3.3491	4.71525	8.115020000000001	4.74271	2.2379	6.97316	3.7478200000000004	2.87147	4.85364	3.97398	4.51077	5.6117300000000006	7.771100000000001	5.04453	7.20195	2.50976	6.538320000000001	0.9308500000000001	0.0	0.0	0.0
Node 120		6.0807199999999995	7.48833	8.29598	3.70513	6.33376	7.3118	4.15558	3.5381500000000004	6.4052999999999995	7.342020000000001	3.20663	4.33565	5.91857	6.685389999999999	7.67931	10.45703	5.19161	3.52527	6.40755	2.27344	0.0	0.0	0.0
Node 36		4.6103	2.6232100000000003	4.49922	3.56852	3.57897	6.332210000000001	4.3364	4.941940000000001	6.46432	3.65664	6.12929	4.35428	5.51089	3.6895200000000004	8.190119999999999	7.758470000000001	7.3176000000000005	6.2151	3.54367	1.74085	0.0	0.0	0.0
Node 11		6.07737	5.90022	5.60825	8.60926	6.06254	2.4055	6.87304	3.1874100000000003	2.80325	4.2522400000000005	5.96129	5.39877	3.70388	4.25353	7.822940000000001	8.37092	8.492619999999999	4.5683	6.43586	0.9308500000000001	0.0	0.0	0.0
Node 94		5.50744	4.6000499999999995	4.22648	5.66191	2.29413	3.93178	2.27141	9.23113	6.1728499999999995	4.39192	4.233350000000001	9.57226	5.0504	5.34776	3.116	3.9469999999999996	5.82665	3.45491	5.35823	0.7885700000000001	0.0	0.0	0.0
Node 108		6.866709999999999	3.7094799999999997	5.89359	6.09764	3.46003	1.55975	5.86068	6.40667	1.8801700000000001	4.80547	7.26846	5.7755	6.8461300000000005	4.94196	2.9979	4.06489	7.438649999999999	5.503489999999999	5.32801	1.7403600000000001	0.0	0.0	0.0
Node 129		6.76789	7.369870000000001	5.85736	3.00865	2.4259	3.3099499999999997	5.13662	2.92042	5.10148	3.5405100000000003	4.82839	5.51287	8.871039999999999	3.41246	6.260159999999999	5.6020199999999996	5.23468	7.853110000000001	4.12892	2.67121	0.0	0.0	0.0
Node 96		5.60933	4.29466	5.88277	5.33069	7.82423	3.83184	8.20165	5.13014	5.24969	4.242900000000001	4.63161	7.21856	6.07999	4.45732	8.57164	5.46134	5.1109	4.89427	5.04724	0.9303600000000001	0.0	0.0	0.0
Node 38		5.97781	5.94276	7.300959999999999	4.95035	6.239059999999999	3.1463900000000002	3.2476	2.2377700000000003	4.85898	4.67526	8.266950000000001	4.75859	9.02346	8.1379	6.15414	5.48203	8.057739999999999	4.9123	5.3192200000000005	2.27393	0.0	0.0	0.0
Node 89		3.47484	5.79915	6.630260000000001	6.7406	4.83687	8.2051	7.33703	7.24708	5.28444	9.65258	7.658040000000001	6.1510299999999996	6.50873	3.7383800000000003	8.513959999999999	4.10149	8.69391	6.9795300000000005	7.227069999999999	1.71893	0.0	0.0	0.0
Node 123		4.2494499999999995	3.75556	3.70763	7.711379999999999	4.48298	6.06875	3.9164699999999995	9.449589999999999	6.960439999999999	2.64497	5.8898399999999995	4.1282499999999995	6.80829	4.44041	3.9388300000000003	3.15718	5.644699999999999	5.32634	7.30847	2.27344	0.0	0.0	0.0
Node 144		2.6294999999999997	6.06675	6.6823	4.22157	5.48635	3.5389299999999997	5.18312	3.40961	2.20701	4.0525400000000005	4.2704699999999995	3.99887	6.73314	3.40448	9.52454	6.15329	5.45383	6.73285	7.657039999999999	2.67121	0.0	0.0	0.0
Node 61		7.2430900000000005	3.3549700000000002	4.61615	4.06877	3.4537	4.7681700000000005	7.992349999999999	5.90142	7.5446100000000005	5.873819999999999	4.80709	3.80968	5.48315	3.7682800000000003	4.26396	3.44516	9.13888	4.746700000000001	7.8145999999999995	1.32165	0.0	0.0	0.0
Node 42		4.940189999999999	7.2721599999999995	7.53166	3.93962	8.27207	7.18124	3.89252	2.70449	5.888059999999999	2.83113	7.9566799999999995	7.60922	6.19798	6.62205	1.63054	7.29544	3.2861599999999997	4.0787700000000005	3.7470499999999998	3.1161399999999997	0.0	0.0	0.0
Node 1		5.68424	4.89606	5.746840000000001	3.0159700000000003	4.791510000000001	5.287780000000001	4.4912399999999995	7.054259999999999	3.13368	1.67453	2.99572	6.10806	8.10608	5.77023	8.24549	9.60989	4.7409300000000005	5.64032	7.0016	3.18286	0.0	0.0	0.0
Node 161		6.80272	3.6133100000000002	3.71186	3.90423	6.17188	7.2714	5.30304	5.056109999999999	6.34388	3.79631	6.88852	7.0136199999999995	9.19064	8.01011	2.4032999999999998	9.64498	5.65517	2.54283	2.3737	3.20429	0.0	0.0	0.0
Node 70		4.80797	3.0497	5.03368	4.8471	4.75838	4.30665	5.7835600000000005	3.23258	1.93346	3.77702	6.79633	2.77717	6.86229	4.4307300000000005	4.11241	5.03369	3.90198	7.58108	4.5866	3.64873	0.0	0.0	0.0
Node 9		4.72481	3.1570899999999997	3.0853599999999997	4.0772	3.96626	6.857620000000001	8.10111	7.37071	6.1728499999999995	4.48395	3.3518100000000004	6.7869399999999995	4.39875	3.86812	3.26506	5.76288	2.53925	6.88121	5.64293	3.9928600000000003	0.0	0.0	0.0
Node 12		8.01736	3.93796	0.98641	4.74219	5.6052100000000005	5.86725	5.32627	6.83434	5.35111	3.66067	5.64622	8.92395	7.244219999999999	3.02961	9.285309999999999	2.95182	6.685580000000001	1.88286	6.72761	3.20429	0.0	0.0	0.0
Node 6		5.4828399999999995	5.19757	6.5765199999999995	6.40101	6.07916	6.30972	5.62922	6.585000000000001	5.00763	7.368650000000001	9.2655	2.72998	2.61071	6.535299999999999	3.69996	3.90247	9.136289999999999	4.55335	5.02119	3.0625	0.0	0.0	0.0
Node 189		7.12921	7.426839999999999	5.55794	2.09279	6.958559999999999	8.791400000000001	5.201370000000001	5.10693	7.597919999999999	2.7965400000000002	6.11128	5.9102500000000004	5.88924	3.7747999999999995	7.8035499999999995	2.51206	2.54474	4.03523	5.7576	2.39429	0.0	0.0	0.0
Node 5		10.00342	2.8205	3.9586200000000002	4.93837	3.95261	4.73173	6.2643699999999995	6.30142	6.3979800000000004	2.63315	4.67455	4.24015	3.34119	5.64057	5.87607	3.52403	7.433439999999999	6.08213	7.659249999999999	4.0465	0.0	0.0	0.0
Node 43		4.28742	5.1966600000000005	3.65486	5.48548	6.37096	3.56403	5.78266	4.29668	7.2043099999999995	4.7261299999999995	0.9411400000000001	5.48861	4.66957	5.30732	9.86839	6.326270000000001	6.72453	4.05308	6.0069	2.86016	0.0	0.0	0.0
Node 18		4.10049	2.7581700000000002	6.46958	7.09708	3.75787	7.0548399999999996	6.21509	2.76382	5.41315	4.0018400000000005	3.8795900000000003	4.90456	4.63621	3.43628	6.620280000000001	8.06912	5.7024	6.39232	4.13355	1.71942	0.0	0.0	0.0
Node 35		4.82266	7.87426	5.1567099999999995	6.412610000000001	5.9988	5.48033	8.431420000000001	4.7467500000000005	7.11807	3.59996	4.95589	4.00659	5.37792	3.8366900000000004	5.27976	3.72786	4.65442	6.81182	3.69665	2.30614	0.0	0.0	0.0
Node 7		7.48867	5.28481	3.3692399999999996	9.4388	5.53296	6.07607	5.90481	4.38316	5.90215	5.50613	4.83484	3.05064	4.97654	3.75195	7.36424	6.5328800000000005	7.08163	8.06738	3.92758	0.58672	0.0	0.0	0.0
Node 95		6.15221	4.04662	4.05403	5.62266	0.55197	4.22887	1.37275	5.0546500000000005	4.03829	3.3080600000000002	4.82683	5.42458	4.26526	4.9463	8.986329999999999	8.82627	4.21853	5.17582	3.3003699999999996	2.98101	0.0	0.0	0.0
Node 59		8.92372	4.1161200000000004	3.15654	2.53841	2.9128000000000003	4.71194	2.99689	8.02774	4.22195	6.00954	5.55628	4.95477	6.0030399999999995	4.5904	6.896629999999999	8.62039	11.18596	4.74065	5.83453	2.27393	0.0	0.0	0.0
Node 23		8.39613	3.2618599999999995	4.69911	9.315199999999999	3.68867	6.37415	4.03236	4.18961	7.32095	3.0476300000000003	5.86477	8.44231	8.66691	2.73711	7.46033	5.17045	7.59739	2.32415	6.66142	1.5985699999999998	0.0	0.0	0.0
Node 169		9.19359	1.4544700000000002	3.8127099999999996	8.503829999999999	6.974950000000001	7.189030000000001	5.94323	8.261330000000001	5.40424	2.11378	4.2881599999999995	5.08863	6.51071	4.610270000000001	5.87607	8.1481	5.85293	4.57433	8.15304	3.20429	0.0	0.0	0.0
Node 186		5.3255	3.92999	8.60142	5.48548	6.28662	9.3683	4.69667	7.05552	4.59823	0.86232	7.364859999999999	7.29506	5.288749999999999	4.214919999999999	6.5692	2.6528300000000002	8.915470000000001	7.41739	3.4575500000000003	2.71837	0.0	0.0	0.0
Node 75		6.06885	6.020169999999999	5.788	1.24162	7.72283	5.91367	6.78787	3.2368099999999997	4.66179	3.6547099999999997	6.32383	4.53645	5.878959999999999	5.3843700000000005	6.14392	5.919449999999999	7.51593	5.26422	3.80216	2.32708	0.0	0.0	0.0
Node 137		4.28058	2.9815	6.78806	5.8068599999999995	3.0557600000000003	7.67678	4.38009	3.422	5.86831	4.64999	6.89114	4.71624	7.29452	2.4827	4.00253	5.09267	3.9654599999999998	5.15399	2.10861	1.1198	0.0	0.0	0.0
Node 122		7.52275	4.12492	2.97356	6.459280000000001	4.06208	6.454890000000001	6.7083	2.0203800000000003	3.91929	4.97401	5.0797099999999995	5.08506	5.70513	4.6339	3.89868	7.68003	2.43823	3.7090400000000003	5.18903	1.74085	0.0	0.0	0.0
Node 90		9.378029999999999	4.56807	3.49383	3.9797899999999995	3.2108600000000003	5.72952	5.34781	5.30483	4.7151	9.00846	7.69803	3.0752800000000002	4.77164	4.0491399999999995	5.11203	4.38355	9.34889	4.4771600000000005	4.31636	1.74085	0.0	0.0	0.0
Node 51		3.85727	2.76934	5.642939999999999	4.9444099999999995	5.25529	4.17439	5.54442	6.65829	6.9340399999999995	1.70079	6.318600000000001	2.1941100000000002	6.1593599999999995	3.8920299999999997	5.27719	8.59852	4.88255	5.34546	6.36504	2.52942	0.0	0.0	0.0
Node 157		6.72341	5.93719	4.10526	6.0487	7.76965	5.57106	3.6866999999999996	6.59592	7.20386	4.80401	8.1119	2.76485	3.7792100000000004	3.978	0.8764700000000001	2.17456	1.43916	8.00977	5.15441	0.9303600000000001	0.0	0.0	0.0
Node 132		5.103280000000001	4.21278	4.6651299999999996	6.45	6.995139999999999	4.80457	5.43499	5.15986	3.64967	5.52797	4.2771799999999995	5.01446	4.65811	2.21334	5.26197	5.69918	7.38466	5.61899	5.25275	3.9928600000000003	0.0	0.0	0.0
Node 101		4.79726	4.01497	6.0080599999999995	6.09527	7.51188	5.470470000000001	6.3085	5.257429999999999	7.49495	2.26707	4.39095	5.73322	5.93413	4.33265	3.45476	7.892970000000001	5.505800000000001	4.1253	6.472160000000001	3.9928600000000003	0.0	0.0	0.0
Node 148		7.085610000000001	7.52919	7.56377	5.34839	5.73152	5.06924	3.9437399999999996	6.06107	5.12909	4.7033499999999995	6.36477	1.79036	8.895669999999999	4.43442	2.7995	3.0372	2.50983	7.83945	5.70728	1.86121	0.0	0.0	0.0
Node 154		5.63817	3.10672	3.88779	7.72621	6.59645	8.705110000000001	5.47367	5.32331	1.99059	8.055819999999999	9.771230000000001	9.08314	6.63483	4.2739899999999995	3.12606	8.16237	1.8039699999999999	6.554359999999999	4.625640000000001	1.71893	0.0	0.0	0.0
Node 140		2.2066700000000004	3.7632	4.74896	4.20344	4.12674	7.217650000000001	4.26757	5.89035	5.79018	2.17124	5.12411	6.600960000000001	3.1832899999999995	4.92894	8.69654	3.3382	2.69829	2.8717	5.59873	1.71893	0.0	0.0	0.0
Node 48		7.11329	6.2561800000000005	3.86949	3.18233	7.68924	10.39416	5.6749	2.25114	4.965590000000001	2.38551	8.267439999999999	5.07226	8.34335	6.42413	5.3856399999999995	6.065799999999999	8.468879999999999	6.82243	3.4748599999999996	4.57958	0.0	0.0	0.0
Node 126		6.19905	3.44854	3.98018	6.54881	6.42476	5.270919999999999	7.20615	8.321589999999999	3.4644500000000003	3.2883799999999996	8.850660000000001	7.62589	2.22595	5.0096	7.67931	5.51047	4.1141499999999995	0.67579	5.90278	1.86121	0.0	0.0	0.0
Node 40		4.45965	7.212739999999999	5.83722	8.87674	3.60733	5.7314799999999995	3.44723	3.5802300000000002	4.04073	1.9936700000000003	7.24901	6.474	4.77164	4.73118	7.75568	6.90504	5.83551	3.8299800000000004	4.3741900000000005	1.7403600000000001	0.0	0.0	0.0
Node 22		7.56643	4.22969	4.4756	3.21246	3.92862	3.71944	3.7438399999999996	7.92234	9.79772	7.478809999999999	5.64786	7.330979999999999	3.68994	6.4057	8.24747	6.672649999999999	7.425	7.08346	2.92726	2.13165	0.0	0.0	0.0
Node 185		5.94158	6.40296	7.63002	7.464709999999999	2.9008599999999998	4.55716	5.64449	4.8233999999999995	6.891070000000001	3.83301	5.6352199999999995	2.9820200000000003	5.5139000000000005	2.47924	8.58623	7.304099999999999	3.13082	2.25826	7.93961	2.86016	0.0	0.0	0.0
Node 77		3.8653600000000004	3.85443	2.10092	8.65507	7.13386	4.11264	6.90722	4.96369	7.26342	8.21669	9.03771	5.06753	3.62599	4.66613	4.0912299999999995	7.5876600000000005	3.82572	3.01976	7.38391	2.05065	0.0	0.0	0.0
Node 17		6.7012100000000006	2.9815	6.60785	6.04911	3.25999	7.80434	5.4897599999999995	6.443709999999999	6.07679	3.30161	7.4365	6.75839	10.01746	4.48428	4.87053	2.52334	4.94215	5.83584	3.46191	3.0625	0.0	0.0	0.0
Node 121		5.75255	3.76822	4.6295	9.2068	7.310899999999999	5.46687	4.0770800000000005	4.317089999999999	5.04421	1.4548699999999999	4.86462	3.4279499999999996	6.75887	2.47866	5.12744	5.22073	2.8719	5.56787	1.3088300000000002	3.25793	0.0	0.0	0.0
Node 68		4.15557	4.21092	4.53999	6.359380000000001	6.993259999999999	7.8368400000000005	3.72163	5.01226	5.21461	6.959980000000001	5.431769999999999	7.88297	6.495190000000001	3.70414	5.02845	7.19385	4.20561	5.67608	5.56967	2.39429	0.0	0.0	0.0
Node 118		4.52798	5.56756	4.8877	3.54397	3.2068600000000003	7.20045	6.0543	7.05665	7.722710000000001	3.73847	6.32383	3.9447	2.68273	2.56265	3.97147	8.49737	7.19946	6.998799999999999	6.631239999999999	1.71893	0.0	0.0	0.0
Node 44		6.40768	3.01897	4.03505	3.9475000000000002	2.65889	7.234309999999999	8.05318	2.20329	7.086180000000001	5.07072	5.187250000000001	8.73803	2.70089	6.97497	4.6115200000000005	9.44825	7.10414	3.61205	5.238	0.8099999999999999	0.0	0.0	0.0
Node 119		4.10551	3.08332	8.33058	6.77986	7.56178	5.02492	5.90957	8.31705	4.9605999999999995	4.0794	3.9282699999999995	4.78269	3.76101	4.50121	4.01346	7.5754600000000005	5.91214	1.9064100000000002	9.68225	3.20429	0.0	0.0	0.0
Node 2		7.2259199999999995	6.53743	4.94308	5.571070000000001	3.59368	5.06844	2.70874	8.45284	6.93672	2.19786	2.54437	7.31695	9.6233	2.89515	4.993650000000001	8.57777	4.27841	5.6331	3.98496	1.1198	0.0	0.0	0.0
Node 26		3.6624200000000005	5.23464	4.90769	7.66879	4.2544699999999995	4.79514	6.10896	4.16655	5.0533	3.06116	5.97062	5.231920000000001	9.82967	4.75376	4.52383	4.7339	2.2438599999999997	1.38108	3.79974	3.20429	0.0	0.0	0.0
Node 63		4.85111	5.20879	3.3515	3.70254	5.57224	4.44682	4.87754	6.863569999999999	5.27536	2.1780500000000003	7.798140000000001	5.06717	6.75838	3.12721	4.31258	5.53422	3.46459	5.27446	3.47391	2.52893	0.0	0.0	0.0
Node 105		4.06305	4.57467	3.85198	4.418629999999999	5.9938400000000005	6.75158	4.51441	3.1975700000000002	8.012080000000001	6.659180000000001	6.05788	3.7005299999999997	2.12718	1.05426	6.893000000000001	8.570419999999999	5.1109	4.20701	7.403759999999999	1.5985699999999998	0.0	0.0	0.0
Node 147		6.522940000000001	4.57436	6.734089999999999	4.30685	5.2111	5.43894	8.73901	4.8254600000000005	5.9927399999999995	2.6256000000000004	3.75526	8.92395	4.47259	3.37577	4.2578	4.83758	4.02507	5.793340000000001	5.35372	2.27393	0.0	0.0	0.0
Node 164		7.89503	5.59287	6.2663899999999995	5.4764	6.039499999999999	9.11783	3.62308	3.9205900000000002	7.69385	3.82465	6.30931	4.28938	4.09042	4.74294	5.4306	2.64968	4.4029	7.35961	4.08052	1.34308	0.0	0.0	0.0
Node 19		3.6627899999999998	2.23452	5.15869	7.16847	7.51841	2.91335	6.62248	6.7394	5.6912400000000005	3.8484200000000004	6.32383	6.88238	2.53232	2.66274	6.20195	5.98216	6.75432	4.59374	6.79213	3.79101	0.0	0.0	0.0
Node 104		6.84274	3.31572	5.788	6.08303	4.47023	5.69146	5.80748	5.30307	5.71594	2.7292799999999997	2.06819	5.62594	8.01477	7.65812	4.6617	2.2304399999999998	2.40356	4.50289	3.7161199999999996	3.25793	0.0	0.0	0.0
Node 14		5.48256	7.28723	4.22039	5.15332	4.49671	3.00945	6.97817	7.20317	7.762040000000001	4.31582	6.37071	4.18778	6.90985	5.7812	6.5692	7.484979999999999	5.45293	2.5394	5.66533	2.2520100000000003	0.0	0.0	0.0
Node 16		6.60122	6.83671	6.374499999999999	5.5618	5.15757	5.87526	5.52193	8.07561	5.47108	2.96893	5.20432	4.8853	2.1709	2.19649	7.244829999999999	4.2285200000000005	2.48578	4.82322	4.35215	3.20429	0.0	0.0	0.0
Node 28		5.81596	3.68789	1.6616300000000002	5.57904	5.7334000000000005	5.40484	3.7106500000000002	3.65163	4.18248	4.69572	5.77016	6.21818	7.90588	7.760019999999999	6.1727799999999995	8.055719999999999	3.21694	5.28897	6.630859999999999	2.86016	0.0	0.0	0.0
Node 115		6.07203	6.9953899999999996	4.1879800000000005	6.2424	4.83084	6.22406	4.79884	6.0402	6.7033499999999995	3.3757599999999996	7.26574	8.8598	9.18497	7.19183	6.921190000000001	4.2012599999999996	8.729090000000001	5.83199	5.0411	1.51708	0.0	0.0	0.0
Node 99		7.5031	6.22292	7.63174	4.6370700000000005	6.65161	4.63797	1.35763	7.16758	4.14447	5.83914	5.54059	5.63644	6.23778	3.97025	3.97456	7.65626	4.16918	6.13352	3.6495800000000003	4.0465	0.0	0.0	0.0
Node 100		5.1556999999999995	4.650329999999999	7.38689	3.015	4.68171	5.47901	4.3374299999999995	5.83618	9.5253	6.69798	4.73629	1.84325	7.52984	8.10262	4.6571	4.86485	2.56752	6.8871199999999995	5.232959999999999	3.20429	0.0	0.0	0.0
Node 193		7.10063	4.53139	4.28008	6.35429	2.94092	5.891	4.6537500000000005	8.73474	7.55865	1.39276	5.43294	4.74197	10.12584	5.92816	5.702929999999999	7.29056	5.67457	6.839770000000001	7.25709	0.0	0.0	0.0	0.0
Node 62		7.58954	8.06803	3.49227	5.41062	7.11156	7.212349999999999	3.67833	6.48172	3.28646	3.7541900000000004	3.58133	5.29839	5.3256	5.57142	7.17944	6.3376	5.8806400000000005	2.53054	7.71645	1.86121	0.0	0.0	0.0
Node 128		7.382669999999999	6.41756	2.42103	3.30675	2.95266	3.9593599999999998	4.76538	7.534689999999999	4.4527	7.20755	4.8429899999999995	3.16122	9.14531	4.2543999999999995	4.13749	6.96836	4.472799999999999	3.29283	5.2649099999999995	4.0465	0.0	0.0	0.0
Node 160		8.98484	4.29725	4.22039	3.32775	6.40179	7.724590000000001	5.86449	7.7823199999999995	3.08759	1.6062900000000002	7.038600000000001	5.77775	4.82822	4.1837100000000005	6.46994	8.88842	4.152150000000001	7.95849	2.80507	2.2525	0.0	0.0	0.0
Node 171		6.49521	5.53235	7.35388	2.8547800000000003	7.454180000000001	5.90325	5.05945	6.81904	5.10734	5.41816	4.8441600000000005	3.95301	5.838220000000001	5.9461	5.84705	3.5536900000000005	7.874250000000001	5.48974	3.9449699999999996	2.98101	0.0	0.0	0.0
Node 163		4.4215	3.52984	3.3861000000000003	7.57725	5.1124	2.8373	6.13458	5.459300000000001	7.81171	8.95533	5.7866	3.02947	4.61265	6.18871	7.456219999999999	5.7815199999999995	6.76741	6.988759999999999	5.10554	0.9303600000000001	0.0	0.0	0.0
Node 86		5.86761	2.90005	2.59634	7.19197	9.24059	7.05945	3.71583	6.06815	7.62824	5.9851	5.19552	4.931	4.32929	4.23881	5.3903300000000005	8.05879	7.310980000000001	6.771679999999999	5.55312	1.7403600000000001	0.0	0.0	0.0
Node 82		6.34693	5.35843	10.965160000000001	5.66191	3.32121	5.74811	4.55272	7.27748	8.466759999999999	6.23393	6.77705	4.27558	4.42009	3.85976	3.7971	7.35956	3.24061	5.12001	2.63136	2.67121	0.0	0.0	0.0
Node 174		5.76508	5.05808	3.37123	5.84117	4.17568	8.02315	3.64878	7.56847	5.74467	4.45274	5.96129	7.33519	5.80824	1.3052899999999998	8.7143	6.825340000000001	5.73674	5.9707099999999995	5.00548	3.20429	0.0	0.0	0.0
Node 50		5.5269699999999995	4.58677	6.56201	4.433610000000001	8.30684	8.84112	6.84634	1.89295	4.56566	5.97294	5.26248	3.6696199999999997	5.41511	4.919239999999999	7.67931	3.3327500000000003	3.45349	6.15787	5.7845	3.20429	0.0	0.0	0.0
Node 109		4.77961	3.2139	7.76579	5.77829	8.51186	1.55709	4.56371	6.04815	4.2756099999999995	3.86403	8.810030000000001	5.44242	5.14264	3.3983499999999998	9.089360000000001	5.50053	9.61493	10.22054	6.0281	3.64873	0.0	0.0	0.0
Node 183		7.74808	3.9429	7.904039999999999	3.81383	3.7614599999999996	6.97772	5.04327	9.19608	7.17701	6.00467	6.311890000000001	3.33317	3.8236100000000004	5.58716	3.9923300000000004	4.42898	5.85549	5.39145	5.28476	1.51708	0.0	0.0	0.0
Node 37		3.9606500000000002	3.99729	6.356920000000001	2.57945	4.65791	5.47543	3.7109900000000002	6.585000000000001	3.92848	1.13037	4.28998	5.674939999999999	9.08149	5.10686	6.04019	7.2759599999999995	10.636420000000001	4.2359599999999995	4.85349	3.45978	0.0	0.0	0.0
Node 41		6.08542	3.01201	4.33031	2.61327	8.13257	7.26787	3.16437	6.04859	6.28942	4.6742	5.316400000000001	4.4687600000000005	5.637650000000001	6.09415	5.64007	9.43408	4.7409300000000005	4.69003	2.85848	1.46393	0.0	0.0	0.0
Node 52		4.25289	3.23262	3.17349	5.2140699999999995	5.09794	4.58263	3.61261	5.65879	0.66898	3.00003	7.417459999999999	6.3726400000000005	4.33202	2.14444	5.61852	3.8978400000000004	4.4409	7.08843	8.502360000000001	2.27344	0.0	0.0	0.0
Node 152		5.17586	6.578390000000001	5.37153	3.83753	5.38735	5.4540999999999995	6.822010000000001	6.65305	5.3184000000000005	4.64435	7.62467	7.00901	4.87375	4.57381	8.52703	8.114939999999999	3.2986799999999996	4.01844	8.26647	3.45978	0.0	0.0	0.0
Node 173		6.32027	5.45167	9.21692	6.269410000000001	4.46378	3.4984	6.26596	5.90455	5.83015	4.23606	7.4155	5.16975	5.95437	4.62457	5.87607	2.18831	4.38511	4.37141	4.2626100000000005	3.18286	0.0	0.0	0.0
Node 47		10.56158	5.8999299999999995	8.29598	5.95275	2.66237	3.0213799999999997	3.6321199999999996	5.30145	5.19498	4.78266	4.87451	6.37055	3.68347	5.3774299999999995	6.16501	7.3215900000000005	7.722840000000001	4.309670000000001	4.8438799999999995	2.83873	0.0	0.0	0.0
Node 0		6.970479999999999	4.84263	5.61677	5.47896	5.50568	6.280810000000001	5.88683	8.33713	6.68068	5.32317	4.07415	5.23166	8.058	1.3454300000000001	3.5543	5.01589	5.50055	4.5139499999999995	5.0671800000000005	3.45978	0.0	0.0	0.0
Node 138		6.93713	1.5889400000000002	7.03209	5.06863	3.77777	7.69871	2.75689	6.01936	4.65411	2.65218	6.720479999999999	4.45613	6.178369999999999	7.485410000000001	5.19877	7.77235	7.355589999999999	8.78289	7.72959	2.39429	0.0	0.0	0.0
Node 21		8.16249	5.574450000000001	5.30201	4.92528	5.3128	7.27255	3.22558	7.76238	4.5971400000000004	4.31529	1.28495	5.46896	4.2816600000000005	4.50121	6.08445	2.98256	5.65332	2.96654	6.74398	4.0465	0.0	0.0	0.0
Node 8		8.84819	7.37028	4.58835	4.17551	6.04033	5.24446	5.014670000000001	5.0008099999999995	4.5984	3.3965500000000004	5.53064	9.66554	5.1794	6.14373	7.83378	11.54654	4.88341	8.222100000000001	3.65716	0.9303600000000001	0.0	0.0	0.0
Node 166		5.55521	4.8316	6.84454	0.89225	6.70712	6.5344299999999995	3.84839	4.83216	6.23714	5.44566	5.83789	7.5583	4.6463	4.86877	4.6209	8.18312	2.4655199999999997	2.8494800000000002	5.83624	3.20429	0.0	0.0	0.0
Node 74		6.086670000000001	3.84018	6.03867	6.542870000000001	5.45198	4.38987	6.589	5.25828	5.10925	1.7357399999999998	4.67952	7.28863	7.076770000000001	4.68123	8.68733	3.9519400000000005	3.81861	5.3393999999999995	6.372859999999999	3.9928600000000003	0.0	0.0	0.0
Node 127		5.0357899999999995	5.810980000000001	4.0344	4.091	3.80562	1.55975	3.1400400000000004	6.367870000000001	4.66089	3.94071	8.70532	6.15081	3.50999	5.16811	5.29049	9.907820000000001	8.139100000000001	5.12247	7.19983	2.05016	0.0	0.0	0.0
Node 182		7.90809	6.77203	6.36185	3.8526199999999995	2.76196	4.54606	4.721	3.21493	2.87884	3.5480699999999996	7.6034299999999995	4.68764	3.16509	6.09964	6.584099999999999	7.81341	3.89348	3.6412899999999997	8.24953	2.32757	0.0	0.0	0.0
Node 34		5.72991	4.3019300000000005	6.474969999999999	7.0126800000000005	7.8039700000000005	6.60771	4.613119999999999	5.277550000000001	4.663889999999999	4.91456	3.95455	5.20528	2.54811	4.94956	3.92621	6.7108	7.55215	4.63469	4.82474	3.06201	0.0	0.0	0.0
Node 45		4.7474799999999995	1.44272	5.24522	8.181750000000001	6.72325	6.396399999999999	3.1106499999999997	4.90385	3.5864399999999996	4.2594899999999996	4.264819999999999	3.2189200000000002	4.91225	1.8696899999999999	4.06219	8.92755	6.52852	7.0905	10.07954	0.9308500000000001	0.0	0.0	0.0
Node 92		4.12315	5.57059	2.1914	7.1889400000000006	6.13056	8.5031	3.58298	4.29265	5.43114	3.7773800000000004	6.1619	3.9128299999999996	4.31315	6.1508	4.28799	2.23942	6.65625	2.37643	4.74967	1.86121	0.0	0.0	0.0
Node 178		5.73252	2.82314	7.64823	4.92334	8.97329	6.14111	3.6218899999999996	3.4291	4.18978	1.52221	6.42205	3.6696199999999997	7.020020000000001	4.96364	5.77349	3.43633	4.63485	3.74052	4.23168	3.20429	0.0	0.0	0.0
Node 76		6.10253	3.5111299999999996	7.61667	7.72621	6.09544	6.25792	10.330549999999999	4.50889	5.10835	3.40456	5.872809999999999	7.8067899999999995	8.492130000000001	6.2638799999999994	7.00751	7.18255	3.5277000000000003	3.52198	3.2816699999999996	3.45978	0.0	0.0	0.0
Node 187		9.67998	1.8099	9.01498	6.88102	5.48506	4.41814	6.832870000000001	3.2101200000000003	6.72905	2.90466	3.79812	6.99717	8.00013	5.52367	8.38656	3.6443999999999996	8.11876	3.5486999999999997	4.657970000000001	0.9308500000000001	0.0	0.0	0.0
Node 113		4.95672	3.2243	4.08103	3.06243	5.2404399999999995	6.40632	3.5715700000000004	6.6203899999999996	4.69428	3.4129199999999997	6.13274	3.98226	10.50142	4.78336	8.00163	4.29485	3.36829	5.29241	6.51743	2.30565	0.0	0.0	0.0
Node 117		8.25081	7.261950000000001	6.10162	2.53841	4.94316	4.52737	5.099830000000001	5.3391399999999996	5.7849200000000005	2.43093	5.61189	7.193579999999999	5.496029999999999	4.07142	5.73291	6.20035	1.50416	3.30628	5.17832	2.13165	0.0	0.0	0.0
Node 149		5.652900000000001	6.263599999999999	4.35545	6.64208	3.83341	5.1358	5.801019999999999	5.93693	9.19624	4.65729	5.65933	9.25731	3.1168	4.17469	7.75848	3.17763	3.3562799999999995	4.0001	4.77128	3.45978	0.0	0.0	0.0
Node 145		9.77827	4.83516	4.7999600000000004	5.946739999999999	5.7851300000000005	6.03577	3.07918	4.93326	5.89415	5.53009	6.86454	1.9972299999999998	2.69976	5.59015	8.18966	6.65106	4.960839999999999	1.9487500000000002	4.87811	1.34308	0.0	0.0	0.0
Node 60		2.87338	3.7503599999999997	4.03096	7.4625200000000005	5.93512	4.81266	4.51279	4.176	5.938079999999999	2.65258	8.05448	5.82839	7.2498000000000005	4.07917	7.7730999999999995	6.06533	4.87543	4.14873	3.6100800000000004	2.27344	0.0	0.0	0.0
Node 32		6.81952	3.68789	3.4438999999999997	7.234	6.73758	4.73912	5.05209	8.08461	2.87921	4.96514	5.49913	4.24067	4.01656	5.93677	7.46198	5.62635	3.0430200000000003	7.95076	10.45122	2.52942	0.0	0.0	0.0
Node 194		8.91265	5.10455	5.69505	3.92456	3.02048	6.34358	5.04182	4.38531	4.27871	2.32731	8.152330000000001	2.05548	4.72138	6.08526	3.8509300000000004	8.30161	6.99433	6.1814800000000005	7.44814	3.45978	0.0	0.0	0.0
Node 33		7.37957	7.427630000000001	3.7491999999999996	3.97614	6.279669999999999	5.8094600000000005	4.97119	6.26746	6.342879999999999	1.8743400000000001	2.41913	4.90972	7.19249	3.8919799999999998	4.66868	4.43889	4.15174	7.05563	3.5815399999999995	2.30565	0.0	0.0	0.0
Node 143		5.29383	4.23057	4.03957	7.883769999999999	7.012849999999999	4.40948	5.94323	7.806159999999999	3.66319	4.56037	5.64111	4.88752	5.7164	5.68807	3.1273299999999997	5.8768899999999995	3.93874	5.266089999999999	9.00353	2.67121	0.0	0.0	0.0
Node 39		6.980659999999999	3.45679	6.84377	5.82531	4.82342	4.53659	4.09451	4.83162	3.13077	2.67517	6.90467	6.96562	5.11961	4.18551	5.52567	8.77882	5.88305	3.9688099999999995	2.8714	4.57958	0.0	0.0	0.0
Node 155		8.336359999999999	3.01602	5.26733	5.76516	6.26819	6.48116	5.39143	5.10205	8.608540000000001	2.87215	5.25049	7.01123	4.25103	6.97575	6.84896	7.37448	7.61458	4.34655	4.27504	2.27393	0.0	0.0	0.0
Node 49		3.82742	3.7926599999999997	5.8036200000000004	6.12858	7.06906	5.19357	5.27857	5.95784	6.953950000000001	5.47696	4.98146	3.82954	5.17989	5.56062	2.79958	5.51965	1.5832	7.545730000000001	5.14248	2.13165	0.0	0.0	0.0
Node 114		4.07577	1.67807	5.82606	3.4702200000000003	7.23979	6.06875	3.83096	10.30798	3.9004200000000004	2.73764	1.56276	6.07203	6.50873	4.29244	3.9631600000000002	5.16869	5.83613	6.73373	5.48336	1.71942	0.0	0.0	0.0
Node 146		5.06073	3.84698	2.56174	7.563350000000001	4.60485	6.35448	3.6466499999999997	9.32266	5.071479999999999	4.65161	7.268330000000001	11.20778	5.11609	3.1881399999999998	8.8827	4.3514	5.61653	5.32015	3.32501	0.9308500000000001	0.0	0.0	0.0
Node 136		6.1763699999999995	5.00861	5.16936	4.89733	8.69852	6.30517	6.62937	2.11404	6.20907	2.20497	4.3045800000000005	5.390820000000001	5.15622	4.0526	4.00984	2.51404	5.73341	4.65214	7.050629999999999	1.7403600000000001	0.0	0.0	0.0
Node 13		8.31706	5.975	3.8561400000000003	5.72949	6.21492	7.18542	4.37906	8.566279999999999	3.33776	3.3961900000000003	2.33	5.80493	9.38996	6.67073	4.13732	1.31065	5.02211	6.28085	4.38665	1.32165	0.0	0.0	0.0
Node 73		5.15529	3.8883599999999996	4.56803	5.5102199999999995	6.950209999999999	6.3765	8.3717	7.17952	4.67189	4.68109	5.75888	3.68376	7.02869	1.97651	4.71709	2.53649	3.4176400000000005	2.6688	4.0949	1.34308	0.0	0.0	0.0
Node 53		4.69891	9.31775	7.50973	7.16166	6.18125	8.46556	6.09352	6.83019	2.33358	4.21602	7.49995	6.038	7.1128	6.2843599999999995	5.51474	7.3257900000000005	4.93331	2.9576000000000002	7.09737	1.71942	0.0	0.0	0.0
Node 153		2.16948	4.57786	4.832050000000001	6.424829999999999	4.0085500000000005	4.40747	6.580139999999999	5.42519	9.96887	5.31027	5.40567	6.754580000000001	5.44659	5.95715	5.52205	1.53898	5.99366	5.04321	5.9106	0.7885700000000001	0.0	0.0	0.0
Node 181		5.52009	2.59204	7.3951199999999995	3.8513400000000004	6.35383	4.58263	4.93216	3.6892099999999997	7.51947	4.08568	6.54574	4.13647	5.53116	3.7747999999999995	5.77162	3.18288	6.519899999999999	8.4109	4.95906	2.67121	0.0	0.0	0.0
Node 156		7.4194700000000005	5.19867	4.33031	6.486540000000001	4.1618	8.70638	4.39944	7.51289	2.8845699999999996	5.8619699999999995	7.65878	4.97455	8.82212	4.8447700000000005	3.95395	7.58712	8.26273	5.17213	4.61402	2.83922	0.0	0.0	0.0
Node 55		2.34142	7.65714	1.3636300000000001	5.39517	5.375159999999999	4.38093	7.194459999999999	3.39759	8.60303	4.1982800000000005	2.41344	7.016020000000001	6.00165	5.33534	6.5628400000000005	4.19155	4.894620000000001	3.61205	6.98313	3.06201	0.0	0.0	0.0
Node 198		7.4525	5.69433	4.08266	5.96368	5.8635	9.54126	5.43548	4.43121	4.88641	4.52763	7.28066	7.61875	4.516789999999999	6.32481	7.532800000000001	3.50233	3.2759000000000005	3.2592999999999996	5.355	1.3752900000000001	0.0	0.0	0.0
Node 170		5.56367	4.924110000000001	2.6645	5.97727	4.59375	3.1272599999999997	3.16399	2.419	6.91948	2.55227	2.30112	7.17568	6.75332	5.01459	5.2091899999999995	3.17763	6.17354	5.56555	3.01444	4.0465	0.0	0.0	0.0
Node 179		6.799570000000001	3.2139	4.86956	4.71409	6.82416	5.8194799999999995	3.47259	4.625859999999999	6.43347	4.00016	4.69527	7.6092900000000006	4.91747	7.2820599999999995	6.04615	3.1978199999999997	4.92401	5.41574	4.8519	0.9308500000000001	0.0	0.0	0.0
Node 4		9.8678	4.55105	5.25242	9.452259999999999	7.30847	5.76548	7.19889	2.98719	8.2154	5.368189999999999	4.53678	7.0845400000000005	3.71223	5.38773	7.24759	6.44337	4.86243	7.2619299999999996	3.50579	1.32165	0.0	0.0	0.0
Node 3		8.108500000000001	3.34322	5.40609	5.29738	4.03523	4.07762	3.92807	7.12696	4.2842199999999995	3.5554500000000004	7.65916	5.194229999999999	4.73965	6.813180000000001	7.24615	5.82605	3.7678499999999997	7.341290000000001	5.51817	1.46344	0.0	0.0	0.0
Node 139		6.6983500000000005	4.72179	4.0178	0.0	3.25816	5.81903	6.283379999999999	6.61747	6.89261	8.165989999999999	2.2437	1.91914	7.21033	6.3873299999999995	8.23613	7.41444	1.43916	4.0981499999999995	3.6463900000000002	4.57958	0.0	0.0	0.0
Node 81		2.75104	4.78018	0.57738	5.83828	8.34444	4.55194	3.94256	8.72365	1.8801700000000001	3.1294000000000004	5.43065	7.50131	6.91165	4.32608	9.91672	6.30781	4.00817	5.29606	7.1419999999999995	3.2365	0.0	0.0	0.0
Node 192		6.9134	6.95413	4.01534	4.00648	1.5113100000000002	5.20969	3.64416	6.575290000000001	5.4790600000000005	2.05765	1.65385	6.460929999999999	6.657830000000001	3.41793	5.3772	9.049999999999999	1.8149700000000002	7.843749999999999	6.9385	3.64922	0.0	0.0	0.0
Node 91		9.02739	4.608029999999999	5.87657	3.9654700000000003	3.91458	8.48581	5.763540000000001	7.753119999999999	4.08343	3.6067099999999996	4.2556400000000005	7.331980000000001	7.715719999999999	4.41244	4.56114	9.01431	5.82652	4.72184	4.45507	3.9928600000000003	0.0	0.0	0.0
Node 125		8.13561	3.92324	3.02591	6.81415	9.17115	8.79689	2.2783100000000003	8.55379	7.68232	3.2639099999999996	2.0143999999999997	1.1822300000000001	6.294379999999999	4.20012	5.46806	9.32114	6.416860000000001	3.9595100000000003	2.0748200000000003	1.3967200000000002	0.0	0.0	0.0
Node 130		8.11995	7.7024300000000006	5.15876	5.52932	2.54839	3.60639	3.8784399999999994	7.2904	5.53252	3.3961900000000003	6.45867	4.820139999999999	4.9773	7.48887	3.12606	6.04499	6.684710000000001	6.615740000000001	5.75762	2.13165	0.0	0.0	0.0
Node 188		5.83416	5.36596	3.1229400000000003	6.6349599999999995	3.87841	6.56915	4.38009	6.965409999999999	6.30751	6.30751	6.90434	7.455620000000001	7.81449	3.44914	2.3793	7.451480000000001	1.43916	5.795850000000001	4.9731	0.9303600000000001	0.0	0.0	0.0
Node 20		4.49704	3.3486000000000002	4.92992	2.94055	6.687519999999999	7.36345	1.37506	5.40744	8.075050000000001	5.59346	6.02421	4.24784	7.59685	4.88262	5.449380000000001	6.797219999999999	4.65697	2.08051	4.8643	1.46393	0.0	0.0	0.0
Node 97		6.5235899999999996	4.22969	2.7549799999999998	9.30357	5.10269	4.65086	7.01867	3.71093	6.76228	4.78266	7.73958	5.84246	5.3318200000000004	2.04107	1.51221	8.42812	5.85316	8.810229999999999	7.16927	2.83873	0.0	0.0	0.0
Node 175		6.7134100000000005	2.2197999999999998	7.4958800000000005	6.254569999999999	4.89003	3.5533599999999996	5.07283	7.417940000000001	7.74389	4.98349	8.22141	9.98628	6.08723	4.54154	0.98681	8.95161	7.181220000000001	6.50009	5.29725	1.5985699999999998	0.0	0.0	0.0
Node 197		8.268839999999999	4.61356	4.96088	3.30675	5.6918999999999995	4.64146	5.50719	3.0053	3.78673	3.06682	8.125680000000001	4.6804499999999996	5.3172999999999995	5.636080000000001	3.19847	4.68043	7.26159	6.77145	2.96042	3.64873	0.0	0.0	0.0
Node 83		5.0174900000000004	1.7360799999999998	4.06942	2.5731	5.43717	3.55679	5.46974	4.15505	4.34136	5.51002	6.13274	4.71699	2.82451	5.2301	6.11887	5.7826200000000005	5.1616599999999995	8.21846	7.16927	1.5985699999999998	0.0	0.0	0.0
Node 72		7.961790000000001	3.7514499999999997	5.36358	5.53511	6.8524	5.8028900000000005	3.7388900000000005	5.00431	5.49052	7.06546	3.35431	7.24202	3.71772	7.731920000000001	5.28196	6.569510000000001	6.41377	6.09748	5.7034	1.86121	0.0	0.0	0.0
Node 191		4.58818	7.230119999999999	7.47129	5.53571	1.49198	4.07188	3.8903600000000003	2.58451	3.24749	7.36509	3.34092	6.07203	3.08501	5.424910000000001	3.44323	5.0275	4.89775	6.2749	6.49783	3.7695800000000004	0.0	0.0	0.0
Node 141		4.75134	3.5496399999999997	4.61761	6.69285	3.10036	3.92136	4.57048	6.49449	4.037240000000001	2.47186	7.65075	2.83173	6.94472	3.52378	4.67662	5.25713	3.9861	8.53086	4.94354	1.46344	0.0	0.0	0.0
Node 158		6.1188199999999995	2.4497999999999998	7.5576799999999995	8.013910000000001	3.12167	7.527699999999999	6.3022599999999995	8.22482	4.28621	3.71385	4.8441600000000005	4.69217	2.53281	1.96894	7.00841	6.56943	3.9927400000000004	7.650460000000001	7.07004	1.86121	0.0	0.0	0.0
Node 112		6.14358	2.21562	5.26476	4.26754	4.62177	5.10161	4.53498	5.61262	3.92389	4.96944	5.253159999999999	8.583590000000001	3.91532	4.49594	5.9057900000000005	2.6967399999999997	7.122330000000001	5.42118	5.2512799999999995	0.7885700000000001	0.0	0.0	0.0
Node 107		2.32112	7.22135	3.08324	4.90586	3.2793200000000002	8.847629999999999	2.75579	4.12688	3.22579	1.5833400000000002	3.7855399999999997	2.9656700000000003	7.2246500000000005	4.2175400000000005	6.58263	6.15291	4.9147799999999995	2.73158	5.32271	3.9928600000000003	0.0	0.0	0.0
Node 131		8.825579999999999	2.45976	3.7422299999999997	4.668810000000001	4.51246	3.7713099999999997	4.9400699999999995	5.36189	4.0609399999999996	3.8857799999999996	4.67455	3.59182	6.659809999999999	6.04084	5.3942	2.51404	4.1033100000000005	4.78163	5.00884	2.52942	0.0	0.0	0.0
Node 106		4.5561	3.46782	5.48563	3.0704	7.609630000000001	3.74764	5.6218900000000005	5.52254	5.41567	3.44118	9.64497	6.57344	8.06668	3.6938400000000002	5.8002	7.8597	5.74176	3.73027	7.97073	0.53308	0.0	0.0	0.0
Node 15		5.66442	5.41441	5.6471	7.57725	1.87993	3.6433899999999997	3.68564	4.57608	5.41315	4.31793	6.25892	4.79486	6.42471	3.17874	3.1340399999999997	5.7989	5.26878	1.91511	6.23135	1.34308	0.0	0.0	0.0
Node 84		8.22639	5.9816899999999995	7.5576799999999995	4.83781	5.903980000000001	1.64566	5.95342	3.6469300000000002	3.8152199999999996	2.38829	5.762239999999999	7.879949999999999	4.15928	6.56103	4.11995	7.50879	4.67	4.5567	5.20791	2.39429	0.0	0.0	0.0
Node 24		4.29069	5.36596	4.71273	3.4268899999999998	5.67882	8.8767	3.51633	2.25114	8.043019999999999	5.4425	7.91584	4.1524	4.43086	3.18854	5.38428	5.51164	6.754440000000001	4.92919	3.4624200000000003	1.5985699999999998	0.0	0.0	0.0
Node 134		8.74116	3.35202	2.35004	6.403359999999999	6.14677	6.65311	6.67991	6.558750000000001	9.04534	5.9311799999999995	10.31612	6.573049999999999	5.54831	3.1452599999999995	6.1921	2.20455	3.55623	6.616210000000001	3.59594	1.3967200000000002	0.0	0.0	0.0
Node 31		4.706910000000001	4.2571900000000005	5.97999	3.97298	5.77823	4.50696	4.76838	7.10624	4.952249999999999	4.2594899999999996	4.13769	8.57811	3.7388	5.7179899999999995	4.974279999999999	8.15523	7.48689	5.48208	5.5439099999999994	2.71837	0.0	0.0	0.0
Node 176		7.172249999999999	6.91585	4.28119	7.59658	7.46057	7.22516	3.37965	1.41242	5.194039999999999	3.811	5.76165	6.421609999999999	6.06497	2.60981	5.509880000000001	7.072970000000001	4.65409	4.00562	6.05943	3.0625	0.0	0.0	0.0
Node 102		8.55175	5.58943	4.8942499999999995	6.94354	2.7530099999999997	4.31744	3.14727	4.738040000000001	1.26433	2.20497	2.47538	8.02389	8.58411	7.01191	4.88563	2.51404	3.15238	3.61205	7.26069	2.27344	0.0	0.0	0.0
Node 150		6.82388	3.7451600000000003	8.058440000000001	6.67356	6.2042600000000006	2.12762	4.32003	5.88661	7.968119999999999	6.71056	5.04512	5.06636	9.14315	3.7747999999999995	4.77388	5.08967	4.36324	6.87204	2.3138900000000002	1.86121	0.0	0.0	0.0
Node 103		4.34733	3.20268	2.94007	4.48443	5.40207	7.866099999999999	4.42512	7.60797	8.75817	0.9917699999999999	8.78036	5.71935	6.37446	5.0593699999999995	5.48916	5.97267	6.39019	4.75039	4.96297	3.20429	0.0	0.0	0.0
Node 87		2.90077	4.91935	8.27175	6.19817	1.51471	6.341670000000001	3.7790700000000004	6.952310000000001	5.82963	2.65082	4.63224	3.76999	7.476109999999999	4.10299	6.73526	8.9907	4.72741	3.05222	3.6512200000000004	1.71942	0.0	0.0	0.0
Node 199		2.86388	3.68789	4.75358	4.06539	5.24568	7.75191	7.389419999999999	4.15135	3.60127	7.76426	4.82675	5.853289999999999	7.462470000000001	2.34695	7.226649999999999	7.963620000000001	6.3198799999999995	5.32015	4.14613	1.46344	0.0	0.0	0.0
Node 27		4.2897	3.01105	6.6823	7.27309	7.19013	6.53397	3.29116	8.9619	5.09174	5.82127	5.3899799999999995	8.803379999999999	5.00823	3.7893499999999998	1.29585	5.149299999999999	3.36829	5.69631	5.41282	2.39429	0.0	0.0	0.0
Node 195		5.61925	6.93964	7.496569999999999	5.31384	4.29746	2.90588	4.34286	3.51036	2.73843	3.2047399999999997	1.6933099999999999	5.06017	1.2765900000000001	5.62807	5.84985	5.90686	3.7466199999999996	4.23056	6.375749999999999	0.0	0.0	0.0	0.0
Node 172		5.29924	4.81152	4.22258	4.65814	5.76343	5.5067900000000005	3.71543	5.12226	4.5787700000000005	2.8045400000000003	6.70338	2.51377	6.24807	1.82232	6.27027	2.7574899999999998	7.526190000000001	4.27508	8.23057	2.71837	0.0	0.0	0.0
Node 46		3.61787	0.7728999999999999	7.894660000000001	5.4666	8.40934	4.25422	8.55114	7.33407	7.968119999999999	1.4548699999999999	4.11127	4.04692	7.457529999999999	3.90749	4.87566	5.1194999999999995	4.934270000000001	6.09983	5.1184899999999995	3.64922	0.0	0.0	0.0
Node 190		9.7334	4.80572	5.01949	3.94556	5.31885	7.3846	4.15569	11.34873	2.84726	8.251940000000001	5.43347	5.826350000000001	2.76985	5.02489	2.92049	6.00908	6.25267	7.45566	5.21305	0.53308	0.0	0.0	0.0
Node 151		4.35482	4.00979	4.993729999999999	7.7782100000000005	5.903980000000001	6.62091	4.6703399999999995	8.20259	4.98839	1.8797000000000001	7.268330000000001	9.19225	5.43835	6.39609	8.21514	5.4195899999999995	5.67378	5.9707099999999995	4.20812	2.67121	0.0	0.0	0.0
Node 85		7.0961300000000005	3.00914	6.75986	6.398149999999999	5.59497	4.513579999999999	8.54914	7.68734	4.28537	2.42508	5.97049	4.6466899999999995	6.3927700000000005	4.6345600000000005	7.53446	1.21851	3.48391	7.91507	4.0398700000000005	2.27344	0.0	0.0	0.0
Node 168		4.75434	5.50044	3.45952	4.10894	2.30495	4.55073	3.00301	4.0708	4.0541	4.53228	5.0954	3.46374	8.50546	6.5061800000000005	7.6932100000000005	4.15834	1.6833999999999998	5.30999	7.74017	0.9308500000000001	0.0	0.0	0.0
Node 71		7.621110000000001	6.466520000000001	0.57738	4.7575899999999995	5.45862	5.6771	5.91857	2.5915299999999997	6.88568	8.347290000000001	7.27189	6.5478499999999995	9.20238	3.06977	6.5497700000000005	4.34011	8.22083	3.2611	5.65777	0.9303600000000001	0.0	0.0	0.0
Node 110		6.98234	5.08985	6.87124	4.83739	8.409220000000001	3.49907	3.2081199999999996	4.28958	3.3186899999999997	4.68697	4.47409	9.25893	6.10874	6.1287899999999995	7.34427	11.4419	6.754440000000001	1.3575300000000001	4.40703	1.46344	0.0	0.0	0.0
Node 159		6.05	3.5284299999999997	4.69827	5.92124	7.238840000000001	3.13572	6.0712399999999995	5.00431	5.0257000000000005	6.22358	6.9547	4.8811599999999995	5.12677	4.072649999999999	5.66978	3.7902199999999997	3.69129	6.294779999999999	4.90045	3.9928600000000003	0.0	0.0	0.0
Node 78		5.76898	6.281280000000001	5.77269	5.01019	5.37931	4.78669	5.2060200000000005	5.36189	7.01566	6.5442100000000005	8.549850000000001	4.1776	4.47928	5.81131	4.21756	6.82795	3.04599	4.25921	3.79384	2.2525	0.0	0.0	0.0
Node 66		3.83005	2.95105	4.2398299999999995	3.50552	9.17065	3.04393	6.29922	1.70446	3.95983	6.18688	5.75511	9.227630000000001	6.13458	3.5472499999999996	6.222799999999999	6.08282	6.0005299999999995	2.0513500000000002	4.91788	2.30565	0.0	0.0	0.0
Node 69		6.0805299999999995	2.21562	7.787719999999999	7.06716	8.51186	6.35883	5.25824	7.40797	6.734850000000001	5.07072	6.35998	6.78392	10.808900000000001	3.29681	5.55385	1.7893800000000002	4.96899	6.05486	4.49016	1.86121	0.0	0.0	0.0
Node 142		6.36098	2.5463199999999997	6.986390000000001	4.46664	8.474969999999999	4.6612800000000005	6.06081	6.070790000000001	5.50222	4.58725	4.63532	2.88713	3.4597999999999995	4.62594	6.896629999999999	2.40931	6.440600000000001	7.54954	3.33165	3.45978	0.0	0.0	0.0
Node 184		5.89794	5.0658	3.54397	3.2622600000000004	3.41604	3.7359299999999998	7.634689999999999	8.09624	5.10734	4.941269999999999	3.8624699999999996	3.08455	8.64566	7.38642	7.480879999999999	8.44865	4.2434899999999995	5.12354	5.88365	3.9928600000000003	0.0	0.0	0.0
Node 56		8.84815	4.12492	6.83829	6.24928	7.199809999999999	6.20233	2.01503	2.96692	4.948770000000001	3.4891699999999997	1.8497400000000002	2.94715	3.71925	4.82907	7.38916	5.1637200000000005	4.73285	3.17271	6.93301	1.86121	0.0	0.0	0.0
Node 116		7.42737	3.8881400000000004	3.8348899999999997	6.16723	4.94816	4.76938	5.60643	6.85862	2.4391599999999998	7.8080300000000005	8.69254	8.38641	9.53269	3.27767	9.517009999999999	3.53857	8.82162	5.00641	4.07591	3.9928600000000003	0.0	0.0	0.0
Node 177		4.4312499999999995	5.95671	4.99442	7.1948300000000005	5.87395	6.9512599999999996	2.04203	6.015639999999999	1.44969	2.53783	4.19822	4.959899999999999	6.87163	3.9397599999999997	6.56144	6.65753	9.77477	8.03159	2.92787	0.7885700000000001	0.0	0.0	0.0
Node 98		7.399369999999999	4.627330000000001	8.16092	3.5941199999999998	5.95599	4.61012	5.346229999999999	6.952310000000001	5.21872	3.38908	3.3348000000000004	8.46779	3.0260599999999998	3.14459	7.66076	8.561449999999999	2.6839600000000003	2.5579	6.20992	2.98101	0.0	0.0	0.0
Node 10		7.287739999999999	4.77965	7.41692	5.79811	6.09819	4.26801	4.86648	3.39454	7.08895	1.87864	7.4306	4.54848	3.2669499999999996	4.36604	5.79785	5.63537	3.07312	5.947220000000001	3.36158	3.18286	0.0	0.0	0.0
Node 64		8.13259	2.5255300000000003	8.48526	0.96711	7.71482	6.4925999999999995	2.22767	6.6018300000000005	3.9037200000000003	3.01227	5.72517	5.50415	3.00495	1.17395	6.18675	3.5152	5.61343	5.15399	6.19907	2.2525	0.0	0.0	0.0
Node 124		5.09649	8.68085	4.48226	5.0583	4.69611	7.787710000000001	2.8074399999999997	6.38098	3.6599199999999996	3.99348	3.62525	8.73803	6.0888	3.35132	4.9655499999999995	4.09583	5.77882	6.03117	7.19983	3.20429	0.0	0.0	0.0
Node 25		8.98328	4.19109	7.90872	7.019150000000001	8.62492	4.59185	3.34268	6.41491	7.159	9.57511	8.44232	10.51401	5.03208	6.01786	9.66154	5.55526	5.48534	3.8202100000000003	4.49016	1.32165	0.0	0.0	0.0
Node 65		6.710299999999999	3.85128	5.17439	8.344100000000001	3.9223099999999995	5.07834	4.6485199999999995	4.1986	8.24293	5.12398	8.161340000000001	5.9955300000000005	4.8658399999999995	7.023300000000001	4.85527	7.18255	5.6353100000000005	3.3407600000000004	4.58818	1.74085	0.0	0.0	0.0
Node 88		8.935469999999999	4.95015	7.29307	4.55682	5.07684	8.57457	2.2783100000000003	3.2047499999999998	4.415030000000001	5.16019	6.25048	5.11311	5.93454	3.5967899999999995	4.06663	2.38722	7.957	3.4335699999999996	4.93425	3.11565	0.0	0.0	0.0
Node 30		6.76018	3.89252	7.1431700000000005	5.55196	4.21498	3.7934799999999997	6.641990000000001	4.83465	9.36066	3.1055099999999998	4.71092	5.97343	5.70118	7.36661	7.0285	3.27817	4.199	6.364889999999999	6.285889999999999	1.46344	0.0	0.0	0.0
Node 180		10.26067	5.03009	9.06436	6.07692	3.31804	7.18525	2.8188999999999997	7.6248499999999995	4.29162	1.6338300000000001	6.17494	9.20926	5.66644	3.12192	5.62663	5.31085	3.5591600000000003	5.83199	6.26384	3.9928600000000003	0.0	0.0	0.0
