Node 111		7.2507	5.053669999999999	5.82096	6.8235	3.37959	4.97801	8.4484	2.0376700000000003	4.87658	4.55227	6.968000000000001	4.22827	7.9922	6.53324	10.11171	5.55211	6.477589999999999	5.39758	3.85811	0.0	0.0	0.0	0.0
Node 173		6.9147799999999995	10.64567	7.38066	3.16902	3.4871399999999997	4.99529	4.195469999999999	5.75668	6.66274	6.16568	7.276059999999999	7.84876	10.7929	3.49631	6.13753	4.77519	6.540369999999999	4.8379900000000005	5.75078	1.7403600000000001	0.0	0.0	0.0
Node 108		5.0733	3.96496	4.35321	6.51054	4.68255	7.718170000000001	6.85911	7.626380000000001	5.58327	7.674739999999999	4.68861	6.968729999999999	5.97673	4.65695	4.59154	5.25677	4.34009	6.947399999999999	4.19994	0.58672	0.0	0.0	0.0
Node 80		7.205780000000001	6.96828	4.84913	5.07045	7.5565	4.241700000000001	6.824769999999999	2.89693	9.1517	3.82857	4.6346	6.7174700000000005	8.035169999999999	6.94024	6.14008	7.74218	3.8184799999999997	3.5480699999999996	1.39487	0.0	0.0	0.0	0.0
Node 183		7.60329	3.0792	7.27276	8.84608	7.32054	6.90834	5.917879999999999	4.84125	5.68769	4.42817	4.23316	7.6161	7.6114	3.1930199999999997	1.93462	5.30845	5.74878	6.19623	7.117179999999999	0.58672	0.0	0.0	0.0
Node 58		5.86874	2.51353	8.48144	4.46905	2.93796	6.39794	5.06535	7.07635	4.50603	2.22341	5.21773	4.33276	9.71443	5.5322499999999994	6.97147	6.65727	8.763300000000001	3.42556	7.218330000000001	2.67121	0.0	0.0	0.0
Node 73		6.31411	7.082479999999999	3.81615	5.61695	7.09369	3.11699	9.208829999999999	5.82693	4.85826	5.79366	8.68033	6.14013	5.4632	4.83027	5.1609	5.36841	8.24991	8.65046	3.64873	3.06201	0.0	0.0	0.0
Node 52		4.32721	4.5542300000000004	6.54044	6.39988	6.34701	4.92518	3.43348	6.15646	3.3437	5.65048	4.60087	5.713349999999999	8.963000000000001	1.8991999999999998	5.97853	6.058129999999999	6.10254	5.75755	5.80975	0.0	0.0	0.0	0.0
Node 196		7.96574	8.57996	5.95066	2.05198	7.34561	3.9185200000000004	2.9779400000000003	8.8597	7.559670000000001	3.6705099999999997	4.49531	6.2968399999999995	11.46241	7.06349	7.62878	7.21913	8.889479999999999	8.32339	2.05691	0.0	0.0	0.0	0.0
Node 93		4.88341	3.3699600000000003	5.18791	7.80999	6.34585	6.718430000000001	5.2116999999999996	8.56796	5.84133	7.85376	6.55153	4.87341	7.0863700000000005	5.3378000000000005	6.31015	5.65937	9.30472	6.42073	6.468749999999999	1.32165	0.0	0.0	0.0
Node 135		5.2262200000000005	6.84066	6.82735	3.31354	5.41545	5.868539999999999	7.53596	5.62256	6.38363	5.452719999999999	6.1598	4.01994	8.98036	4.60053	4.46482	5.2155	5.48167	4.81846	4.4902999999999995	0.7885700000000001	0.0	0.0	0.0
Node 175		7.621110000000001	4.836250000000001	2.73474	10.20408	6.93351	5.5525199999999995	4.8538499999999996	7.00568	7.40509	5.81005	10.02073	3.91243	4.39415	7.19856	6.0915099999999995	7.158829999999999	8.50025	3.96477	4.84871	0.9303600000000001	0.0	0.0	0.0
Node 67		6.4277500000000005	6.50202	5.34061	4.17316	8.67547	2.8036700000000003	5.28616	10.16952	3.6534299999999997	6.68118	8.503639999999999	7.9162099999999995	8.88693	5.27546	5.66459	8.67375	3.3615399999999998	4.30043	5.61604	2.2520100000000003	0.0	0.0	0.0
Node 120		9.363240000000001	5.88317	3.47422	6.07233	9.99006	3.59414	3.2467900000000003	5.1035900000000005	5.294829999999999	5.96472	6.824579999999999	6.26396	9.56659	3.68531	4.76688	9.80772	3.7097100000000003	3.2908100000000005	6.327869999999999	0.9308500000000001	0.0	0.0	0.0
Node 98		6.782430000000001	5.76145	5.90344	9.05866	5.00442	4.98763	4.23885	6.5298300000000005	4.9590000000000005	6.21258	8.533240000000001	5.34641	5.47865	6.67652	3.82543	7.06026	5.21336	4.38114	3.67332	0.0	0.0	0.0	0.0
Node 79		3.47152	5.52975	4.00926	6.49213	4.72916	3.61685	5.222770000000001	4.32873	4.55798	7.29009	3.90629	6.55602	9.45438	3.0535099999999997	9.278880000000001	7.28864	6.6298200000000005	2.7318700000000002	2.32703	0.0	0.0	0.0	0.0
Node 94		6.490029999999999	8.75565	2.63226	4.70662	6.373570000000001	4.52955	5.138990000000001	7.53232	6.09774	5.41816	4.57923	7.36702	4.49863	6.69845	5.64375	5.19371	4.58335	3.78224	2.92285	2.32708	0.0	0.0	0.0
Node 63		5.49814	9.26719	8.7075	6.823790000000001	2.26996	8.16657	6.035909999999999	6.62832	2.81602	7.20405	4.94238	2.29193	7.50344	7.389950000000001	6.2881800000000005	5.7640400000000005	4.8861099999999995	4.86796	5.14065	1.51757	0.0	0.0	0.0
Node 41		7.47544	1.9745	5.83681	7.1881	7.89675	4.394229999999999	4.0223700000000004	5.56762	7.982259999999999	9.80554	3.21328	4.3788800000000005	4.38621	4.92873	7.33407	6.50415	3.97803	2.34689	2.01207	0.9303600000000001	0.0	0.0	0.0
Node 38		7.22535	11.518699999999999	2.51524	6.85657	5.90393	4.77901	8.20931	3.74213	4.46424	7.92252	6.582459999999999	6.16679	4.51372	5.115270000000001	8.08541	2.99387	4.97673	7.2159	5.4004900000000005	0.9303600000000001	0.0	0.0	0.0
Node 89		3.44258	8.4914	4.87127	5.7098700000000004	7.09921	7.930039999999999	7.2800199999999995	9.016630000000001	2.59416	8.87964	3.2686	5.55408	5.33526	2.78371	9.12951	7.058599999999999	5.55128	6.51678	5.84123	0.0	0.0	0.0	0.0
Node 112		6.90495	5.79518	2.49644	6.92859	4.79396	4.29441	3.51579	3.63768	4.41403	6.01659	4.3194099999999995	7.922460000000001	6.64765	9.09686	8.429490000000001	5.3105199999999995	10.24813	6.005859999999999	5.92316	0.0	0.0	0.0	0.0
Node 155		4.088159999999999	7.14389	7.16841	7.18119	4.4474100000000005	7.4809600000000005	4.8208	3.7910399999999997	5.40465	7.57832	9.12739	9.72114	2.40425	4.98903	3.85555	3.4294499999999997	7.26025	5.54499	4.28031	0.9303600000000001	0.0	0.0	0.0
Node 123		3.21294	5.50649	4.514130000000001	4.7021	4.76505	5.40503	4.39132	8.302710000000001	5.42136	3.7334	5.5017000000000005	8.88343	6.89691	2.53629	5.59256	5.86706	7.6587000000000005	3.33549	2.4828200000000002	0.8099999999999999	0.0	0.0	0.0
Node 3		6.746879999999999	4.33143	5.87098	4.06251	3.0196899999999998	4.639469999999999	3.0654399999999997	6.348910000000001	5.5103100000000005	4.4813600000000005	6.0604	8.21458	6.918209999999999	7.490869999999999	3.79655	7.08308	6.907439999999999	6.49095	5.42791	1.34308	0.0	0.0	0.0
Node 11		6.12347	11.143880000000001	5.698770000000001	9.71687	6.635679999999999	7.17183	6.592969999999999	6.7762199999999995	6.92919	4.39884	11.47206	2.15003	7.08521	7.04056	7.30929	9.06067	8.55101	6.2564400000000004	3.51413	0.0	0.0	0.0	0.0
Node 189		7.43152	6.51954	4.82092	2.89951	4.8107	2.5551500000000003	7.54731	7.3721	6.18715	3.48293	7.3592	6.583659999999999	6.06442	3.89018	4.9552	5.52865	6.5001299999999995	5.02344	4.10304	0.7885700000000001	0.0	0.0	0.0
Node 153		5.7388200000000005	8.170570000000001	4.5781	9.26561	5.26523	5.13528	3.64794	2.59495	2.78276	3.77281	7.346990000000001	4.62145	8.25245	8.89217	3.51587	3.98863	5.15291	3.4104799999999997	7.1701	1.3967200000000002	0.0	0.0	0.0
Node 8		5.40576	3.34931	3.4371199999999997	4.8992	5.63414	6.13213	2.34071	6.90804	5.05245	2.63232	4.9030499999999995	10.19102	2.12657	6.50304	3.8832699999999996	5.73276	4.5811	4.54398	4.84101	2.64978	0.0	0.0	0.0
Node 185		2.49137	6.16489	4.58671	3.79732	5.181150000000001	8.11258	3.43348	6.711309999999999	2.46392	7.43559	3.55947	6.13659	7.036199999999999	5.56489	2.9584699999999997	9.63569	5.62473	4.99403	6.84093	3.64873	0.0	0.0	0.0
Node 74		3.1374	5.7118	9.17455	8.10392	8.92335	5.97243	4.83924	7.4731000000000005	4.49557	1.67453	6.84751	5.89769	9.97928	6.08122	6.04904	4.7036	7.535909999999999	5.043	4.5826400000000005	0.53308	0.0	0.0	0.0
Node 12		8.56043	7.01818	4.226039999999999	8.453819999999999	6.50734	6.77655	4.15405	7.23673	11.30698	5.89728	7.057969999999999	6.86422	8.895010000000001	5.18295	5.10829	6.771140000000001	5.796749999999999	4.6088	5.12486	0.8099999999999999	0.0	0.0	0.0
Node 133		5.943099999999999	5.448250000000001	3.23462	9.44395	4.4814300000000005	9.94882	3.58417	6.19062	5.16988	4.5365	5.03941	6.2586	5.878209999999999	6.0009500000000005	5.64098	9.30762	7.57481	6.73864	2.45851	0.0	0.0	0.0	0.0
Node 54		5.03305	10.300320000000001	7.42699	6.885090000000001	4.16708	2.07018	8.02763	6.01474	7.20445	4.24029	3.99045	8.26314	8.0497	6.59342	6.87313	4.82038	9.25951	7.494000000000001	3.18043	0.0	0.0	0.0	0.0
Node 22		4.61298	4.0883	2.69685	5.87118	3.77201	5.69228	3.68684	7.37783	3.61497	6.18922	5.00786	4.10391	4.92973	6.39211	7.03434	6.37813	4.73092	2.97262	2.8048	1.5985699999999998	0.0	0.0	0.0
Node 18		5.17453	4.94827	6.68015	7.2434899999999995	5.38671	8.182789999999999	6.554200000000001	4.04725	7.1715	5.49038	5.67493	5.05756	9.74381	5.62482	7.6881	3.5232	4.80377	5.53872	4.84858	0.0	0.0	0.0	0.0
Node 76		7.02378	3.5366	2.82974	6.1814800000000005	3.59795	5.60275	2.92159	5.28327	5.22872	5.49446	8.42931	3.8102400000000003	4.01318	8.11688	5.4594499999999995	7.07711	5.42703	7.32291	5.32334	0.58672	0.0	0.0	0.0
Node 64		5.2618	4.19499	4.1506300000000005	0.56581	6.89705	3.17143	6.298679999999999	7.99291	4.58626	8.15753	7.25173	8.4954	4.1902099999999995	3.17124	5.7683100000000005	5.89847	9.922930000000001	7.07594	3.2561199999999997	0.9303600000000001	0.0	0.0	0.0
Node 162		4.00286	11.202380000000002	5.14457	8.70458	5.60015	6.05797	2.50367	5.8313999999999995	7.97166	4.5893999999999995	9.679540000000001	4.00255	6.46132	4.28819	2.85831	8.15868	9.89104	4.42767	7.062209999999999	0.8099999999999999	0.0	0.0	0.0
Node 70		7.1031200000000005	5.16658	6.05949	9.61341	5.0359	8.13782	4.4299800000000005	6.790780000000001	3.2497100000000003	4.87024	6.534909999999999	4.83091	7.84456	4.08754	5.17076	5.39136	0.0	9.32409	5.17895	1.7403600000000001	0.0	0.0	0.0
Node 48		7.295400000000001	4.961539999999999	4.3108699999999995	6.53855	6.963550000000001	8.44784	4.99887	4.12688	5.37734	5.64586	5.37732	4.79338	2.92518	8.984739999999999	5.20223	8.213429999999999	6.883559999999999	5.87124	3.92215	2.67121	0.0	0.0	0.0
Node 13		4.67436	6.526129999999999	3.4499000000000004	7.53851	9.53753	3.0319700000000003	4.18868	6.40037	8.71622	3.6413599999999997	2.28402	3.86798	5.74263	5.39249	5.09176	4.10961	7.8964099999999995	1.09294	4.9496199999999995	0.0	0.0	0.0	0.0
Node 72		5.63038	4.35484	1.54813	4.70996	5.92225	0.85912	1.20688	5.93742	6.7834	4.443989999999999	7.45787	8.03903	5.8891	4.210089999999999	4.6376800000000005	8.74752	7.80683	7.88027	2.40055	0.0	0.0	0.0	0.0
Node 23		4.19796	7.533239999999999	6.414499999999999	6.40332	2.80679	3.48605	5.21227	5.26304	3.43718	4.5114	8.81391	4.35378	5.8835	4.19773	7.30286	7.7476400000000005	6.23632	1.8884100000000001	5.55195	0.58672	0.0	0.0	0.0
Node 154		5.4745	3.9469499999999997	5.1112400000000004	7.44047	6.55597	6.698659999999999	5.59063	7.067819999999999	5.48442	4.72517	9.58198	6.86824	4.56888	3.00744	3.00354	7.11247	8.679879999999999	4.14475	1.8427900000000002	0.58672	0.0	0.0	0.0
Node 134		7.61192	3.80187	6.0605899999999995	6.97676	7.96487	7.5921199999999995	3.73464	4.72867	5.74331	7.70065	5.12351	7.175339999999999	3.0324899999999997	3.30941	4.91283	5.50185	8.94026	7.04672	6.01291	3.7695800000000004	0.0	0.0	0.0
Node 75		4.14789	7.03564	1.96957	3.38974	8.90648	4.63216	3.99332	9.16765	5.76781	6.00767	7.426969999999999	2.2267599999999996	7.99532	4.14245	7.15713	9.359829999999999	3.46005	6.85539	5.58332	3.18286	0.0	0.0	0.0
Node 122		5.63484	3.37105	4.53273	9.00287	5.63445	7.920380000000001	4.51316	6.30507	5.01753	2.82157	8.59268	6.34889	3.7415700000000003	3.64297	6.59508	7.77475	5.5358600000000004	4.84391	3.5783099999999997	0.0	0.0	0.0	0.0
Node 90		10.97533	8.92286	1.4085	6.716740000000001	5.54525	7.15678	5.1508	7.83132	6.51255	4.54974	5.48533	2.74212	6.03259	7.5641799999999995	4.6079	7.01188	7.347099999999999	5.05971	4.87632	0.0	0.0	0.0	0.0
Node 51		3.8855099999999996	4.15998	6.41398	6.37901	5.63769	5.50188	6.91613	4.4579	8.61586	4.47232	7.5407399999999996	5.57367	5.59591	7.13539	7.549989999999999	4.4980899999999995	4.8688	9.43779	3.6732899999999997	1.71893	0.0	0.0	0.0
Node 181		3.2153	2.17059	3.96162	4.70198	7.38511	5.40501	5.7206399999999995	4.55012	5.997870000000001	6.7244600000000005	4.805079999999999	5.0215700000000005	3.5766	7.137359999999999	7.40064	8.00047	6.1298900000000005	6.33337	4.38633	0.0	0.0	0.0	0.0
Node 132		4.40546	8.06036	6.0475	6.3377	5.564	8.43084	5.25106	3.55869	5.61155	6.63328	5.82815	6.53102	10.71826	4.59448	5.8198300000000005	7.71781	9.69327	8.76551	5.12105	0.0	0.0	0.0	0.0
Node 148		8.02243	7.75905	8.51348	6.988659999999999	6.34955	2.24089	5.3632800000000005	4.39451	9.75185	6.263380000000001	9.01283	4.89669	5.2085	5.46574	4.39032	6.8473999999999995	4.88914	6.45411	4.19011	0.8099999999999999	0.0	0.0	0.0
Node 150		3.1555	4.32851	5.60386	6.6171	7.762670000000001	5.59594	3.8890800000000003	5.75133	6.72324	3.59274	5.90027	4.9893	5.95918	2.98944	3.0244400000000002	9.39996	6.90639	6.629880000000001	5.73569	0.53308	0.0	0.0	0.0
Node 176		5.29923	8.40738	5.02065	4.19226	6.689150000000001	4.43952	6.46727	3.6083700000000003	7.406219999999999	2.08181	4.945399999999999	9.53177	6.38046	5.06802	3.74003	3.9979500000000003	2.09532	5.07113	7.59325	1.7403600000000001	0.0	0.0	0.0
Node 168		6.37906	4.18295	6.77344	4.8441600000000005	4.68255	2.07018	4.1053	6.191590000000001	6.34499	4.46279	2.30495	6.567539999999999	4.788259999999999	5.80924	6.5119	7.66431	7.62939	6.043069999999999	7.00625	0.9308500000000001	0.0	0.0	0.0
Node 92		6.78253	5.58641	3.23942	6.2581999999999995	5.02521	5.24259	8.010539999999999	9.31024	4.22371	4.66836	6.8435	6.863379999999999	3.33681	4.57289	2.8456200000000003	9.9167	5.18927	4.96364	5.47289	0.0	0.0	0.0	0.0
Node 59		7.0965	8.585139999999999	5.0694	4.8124899999999995	5.19503	4.68678	4.39503	6.803280000000001	4.14681	5.41508	9.21288	5.33634	9.19517	7.3230699999999995	5.6434	6.704400000000001	7.088369999999999	5.61407	2.86065	0.9308500000000001	0.0	0.0	0.0
Node 137		3.2132899999999998	4.42423	7.66625	7.94571	8.049900000000001	7.91777	5.94487	5.47011	9.14175	3.03638	2.42643	5.85318	4.41383	4.69745	7.5861	7.74309	5.31726	1.36305	4.54592	1.74085	0.0	0.0	0.0
Node 53		5.1063600000000005	7.624680000000001	6.85968	6.19539	5.4031	5.8241000000000005	3.4403200000000003	5.2523599999999995	9.266340000000001	5.95618	5.8216	6.8057300000000005	8.084629999999999	2.79248	8.76054	4.07384	5.64057	5.1756400000000005	4.434069999999999	0.0	0.0	0.0	0.0
Node 144		5.48638	4.75822	6.26271	4.6089400000000005	5.4536	8.42756	3.5696499999999998	3.71948	3.8580799999999997	4.48657	6.85596	9.38725	4.20099	4.28641	9.47849	7.8365	7.69079	9.49938	2.93363	1.5985699999999998	0.0	0.0	0.0
Node 95		7.5736	4.71976	3.1983900000000003	6.13691	6.2885800000000005	4.07273	2.7580400000000003	6.11798	6.18471	4.6211	0.9411400000000001	8.231489999999999	8.485470000000001	6.58007	6.94135	5.25914	6.88756	6.119610000000001	3.5259699999999996	0.9308500000000001	0.0	0.0	0.0
Node 130		7.50671	8.35773	3.97418	4.87204	7.97548	5.40301	4.965809999999999	4.44695	5.06921	3.82182	4.89567	6.92311	4.0335	6.563910000000001	4.52216	7.553509999999999	6.97737	5.91233	4.34884	3.20429	0.0	0.0	0.0
Node 77		5.16912	5.1853299999999996	7.29959	8.95616	4.15165	2.2291700000000003	5.7763599999999995	4.73706	8.711549999999999	5.40465	4.71229	5.5115	8.5382	5.14517	3.7167499999999998	8.925429999999999	5.33044	2.4857	7.912769999999999	0.0	0.0	0.0	0.0
Node 156		5.27076	7.25449	5.45944	4.64825	5.27768	4.48053	3.80146	4.64372	2.12667	3.2893600000000003	8.54829	7.42342	7.053990000000001	3.77107	3.7919300000000002	4.75009	5.97342	2.47092	4.2764299999999995	0.0	0.0	0.0	0.0
Node 118		6.80268	6.33035	4.43967	5.38818	3.7598399999999996	5.75075	6.01697	4.97962	5.9939100000000005	3.7791699999999997	9.69928	5.32622	2.30955	3.3258099999999997	4.29957	6.35324	9.34269	4.7644899999999994	4.07235	0.9308500000000001	0.0	0.0	0.0
Node 45		4.38786	6.29515	4.02064	6.81688	7.66223	5.38656	3.45505	10.07394	5.02233	2.38275	6.1848	6.48243	7.92885	4.93226	4.54685	7.878400000000001	4.82519	5.9745	3.78016	1.86121	0.0	0.0	0.0
Node 44		2.87002	6.65846	5.10836	5.85205	5.7027	3.2619299999999996	7.6002600000000005	2.0238	6.930600000000001	7.6484	3.2026	5.66955	5.894159999999999	4.70817	8.65349	4.80454	4.0576099999999995	4.31756	7.431989999999999	0.7885700000000001	0.0	0.0	0.0
Node 88		6.965929999999999	5.45836	1.94943	7.010149999999999	5.29739	8.5397	4.27649	4.63891	5.8488	6.17786	6.28389	5.58129	4.433	6.24888	6.1249400000000005	5.55722	4.68086	4.56371	6.11539	1.86121	0.0	0.0	0.0
Node 167		5.3443	6.87744	8.466460000000001	8.06081	7.031650000000001	4.74971	3.50556	7.04836	5.291040000000001	5.10564	7.24465	8.59177	11.2339	5.3743	3.7379599999999997	3.65607	5.54184	7.62748	2.71837	0.9303600000000001	0.0	0.0	0.0
Node 169		4.96087	5.04786	4.7525900000000005	2.48133	4.68255	3.1595999999999997	7.52504	7.187639999999999	6.00048	2.54112	8.134220000000001	5.15307	5.45368	3.50224	7.92986	9.37984	9.94759	7.36642	5.4067799999999995	1.46344	0.0	0.0	0.0
Node 2		8.66896	3.91936	3.90928	6.444030000000001	4.9862400000000004	4.74455	2.56881	6.6222199999999996	3.1294799999999996	6.41093	3.4035599999999997	7.535799999999999	3.1498	3.5334	3.8865499999999997	6.8278099999999995	6.2219299999999995	7.5699000000000005	5.72886	3.79101	0.0	0.0	0.0
Node 129		3.81629	5.78549	1.7881799999999999	8.035639999999999	7.303850000000001	4.69503	7.50522	5.12195	3.80495	6.66042	3.8845400000000003	6.314259999999999	5.8472	6.4656199999999995	8.63297	6.024249999999999	9.91058	4.668130000000001	4.42237	0.0	0.0	0.0	0.0
Node 26		8.182970000000001	7.768260000000001	1.61486	9.03017	5.14285	2.8256300000000003	5.32911	7.48815	7.4834499999999995	6.888959999999999	5.95484	7.17841	6.07145	3.8223100000000003	7.585699999999999	7.861020000000001	4.8023299999999995	2.6383199999999998	3.00697	0.0	0.0	0.0	0.0
Node 138		6.60926	9.45086	2.42517	6.90094	9.1067	5.70972	5.07954	10.33171	6.38782	6.65389	7.558529999999999	4.7426200000000005	5.9521	8.36333	5.01916	3.3262	2.09532	7.03593	3.16518	0.0	0.0	0.0	0.0
Node 19		2.91907	5.06724	6.457	3.81603	3.88853	2.8256300000000003	2.83703	5.09887	8.79594	5.43287	6.850829999999999	8.374600000000001	6.822889999999999	4.032	6.81383	4.88739	6.55746	5.5171	5.66508	0.0	0.0	0.0	0.0
Node 177		6.446159999999999	7.66573	7.8965	6.6162	4.17908	5.97433	5.16964	5.35008	1.52221	2.93664	6.77359	8.5688	3.58751	3.5543699999999996	9.18823	5.56259	3.38799	5.65599	3.70309	0.9308500000000001	0.0	0.0	0.0
Node 28		6.36187	3.2012199999999997	5.193989999999999	4.6864799999999995	8.92116	2.93608	4.22912	4.70289	3.38148	8.01394	5.46115	3.60871	6.946339999999999	7.90086	5.29418	8.175780000000001	7.94268	3.51988	4.58296	0.9308500000000001	0.0	0.0	0.0
Node 194		5.08657	2.18574	4.98855	6.845560000000001	9.987540000000001	5.02482	6.427829999999999	5.76586	1.9149699999999998	3.2000300000000004	4.94957	4.82586	4.67839	5.24595	3.7000699999999997	11.53098	5.513330000000001	7.177569999999999	8.68768	0.0	0.0	0.0	0.0
Node 34		3.6957299999999997	4.08896	6.7452700000000005	6.68748	9.7209	4.21266	5.90903	3.85342	4.07437	6.974959999999999	9.589970000000001	4.353549999999999	8.93632	7.6441	9.704229999999999	8.37737	5.58604	4.8708599999999995	3.50684	1.46344	0.0	0.0	0.0
Node 39		4.60329	5.3674800000000005	4.33807	7.019690000000001	4.4282200000000005	3.7194199999999995	8.23522	8.21077	7.42971	3.47168	3.7995599999999996	5.71018	4.80494	6.3439	4.50328	7.2472900000000005	8.11248	2.02592	8.15165	0.0	0.0	0.0	0.0
Node 62		5.71047	7.957409999999999	7.0324	6.1628099999999995	2.8214699999999997	7.9127600000000005	7.71762	12.912399999999998	3.83311	5.5738900000000005	8.66774	5.824739999999999	6.772739999999999	6.949769999999999	8.93038	7.6013	5.0873099999999996	9.05797	6.28462	2.52942	0.0	0.0	0.0
Node 128		9.36365	6.1722	3.98018	5.56301	7.47681	5.40247	6.07258	6.06592	6.86928	5.62451	5.93412	5.02269	5.72074	5.11016	5.48633	4.66603	8.32861	3.4032600000000004	5.4278699999999995	3.7695800000000004	0.0	0.0	0.0
Node 171		4.10747	3.10332	4.31705	7.54871	7.6100200000000005	7.3533100000000005	7.0206599999999995	6.30733	5.06921	5.32697	5.675199999999999	5.44823	4.13798	6.866	5.28282	7.93609	5.96244	9.45883	3.51598	1.1198	0.0	0.0	0.0
Node 197		7.489369999999999	7.955170000000001	6.9715	7.3467	5.62059	5.89845	7.266839999999999	8.90679	8.85974	5.65048	9.54477	7.7467	8.732470000000001	4.1733899999999995	8.17051	7.47149	1.5009299999999999	8.65916	3.24708	1.46393	0.0	0.0	0.0
Node 91		6.22063	3.3482499999999997	3.93987	5.58616	5.6072	5.78567	4.734	4.91995	1.98531	3.57026	6.864489999999999	6.15848	5.145219999999999	4.40782	6.3310699999999995	5.64763	6.7306799999999996	6.6455	4.32854	2.52942	0.0	0.0	0.0
Node 161		7.50754	0.69301	7.32788	4.73537	5.33364	8.55999	7.376259999999999	6.681520000000001	4.60818	9.86097	10.665719999999999	6.15848	5.27236	5.416329999999999	6.468260000000001	9.57198	7.477930000000001	5.58926	2.18529	0.8099999999999999	0.0	0.0	0.0
Node 114		4.30501	6.8021899999999995	6.556080000000001	6.40629	5.2504599999999995	4.91184	5.274439999999999	6.60398	3.42494	5.59007	4.12845	5.53428	5.47841	3.31305	6.696330000000001	6.09592	6.99764	4.78232	6.71206	2.44793	0.0	0.0	0.0
Node 174		7.26745	3.20263	3.0729200000000003	6.977	3.51249	2.43813	4.50039	8.38894	7.608829999999999	4.50736	9.97334	6.21446	4.51216	2.11025	5.588909999999999	10.69872	7.96953	4.50565	3.9694800000000003	3.18286	0.0	0.0	0.0
Node 50		7.516780000000001	7.834090000000001	5.74862	5.7646500000000005	5.7185500000000005	9.92615	5.94535	2.91324	3.75645	7.12589	6.55288	6.5460199999999995	9.20816	4.46299	3.47101	4.71228	4.66189	6.47577	6.4327700000000005	1.34308	0.0	0.0	0.0
Node 109		4.79355	4.8269	5.19475	5.39922	8.40986	4.7475700000000005	4.73177	7.410750000000001	5.93778	5.7614	6.62615	4.19639	5.50099	7.57873	5.55633	5.11017	5.87668	2.67663	3.4222	0.53308	0.0	0.0	0.0
Node 37		4.52288	4.385619999999999	7.03802	3.42378	7.258249999999999	4.65649	6.4551300000000005	5.49725	5.97248	2.80551	6.5601400000000005	3.08501	7.1192400000000005	3.63907	5.27542	7.9598	5.71013	7.64455	2.84963	0.7885700000000001	0.0	0.0	0.0
Node 115		8.4331	4.97093	2.37207	9.81113	5.63279	4.27792	4.58687	7.88908	5.55132	3.09474	6.494890000000001	6.72005	5.02924	4.83418	5.74642	4.09326	3.91624	4.53241	1.5744799999999999	1.46393	0.0	0.0	0.0
Node 14		8.716709999999999	7.83673	0.9823200000000001	4.54012	11.36283	4.030799999999999	4.831189999999999	6.51462	6.755319999999999	6.3251100000000005	8.865960000000001	7.686070000000001	8.23244	5.62483	8.09441	7.31508	8.26802	3.36424	7.2614	2.39429	0.0	0.0	0.0
Node 152		7.56727	7.61584	2.3061100000000003	4.3794	6.97939	3.80818	8.911529999999999	5.68137	7.239669999999999	3.01566	6.7861	4.34847	7.35642	6.1341600000000005	6.24001	4.065939999999999	4.93016	2.6840800000000002	4.90529	2.30565	0.0	0.0	0.0
Node 100		5.03546	4.3999999999999995	7.70744	7.343819999999999	3.89648	5.38128	6.31518	9.6176	6.847390000000001	7.68281	3.2849999999999997	3.3597799999999998	7.79117	5.62893	7.08295	8.441740000000001	7.2516300000000005	10.60608	5.82341	2.27344	0.0	0.0	0.0
Node 190		3.32183	6.40097	3.2262600000000003	5.98193	3.12305	3.1368199999999997	5.46651	7.864319999999999	6.81962	5.5068600000000005	5.142440000000001	4.44469	5.848380000000001	4.79802	4.00976	7.39502	4.23043	7.021330000000001	3.43603	0.53308	0.0	0.0	0.0
Node 57		6.1074	8.66252	5.26109	4.46021	5.47682	6.00385	5.15479	5.55084	4.61761	5.5295700000000005	6.4975000000000005	4.54786	6.40566	3.97181	6.512379999999999	7.962070000000001	6.11385	8.157549999999999	0.53308	0.0	0.0	0.0	0.0
Node 170		3.6647600000000002	5.17885	5.545780000000001	7.20198	5.90982	5.8747	4.88841	3.37024	6.726319999999999	5.56431	9.276710000000001	6.58705	4.16799	2.7716600000000002	4.31246	6.9442900000000005	7.20413	6.891419999999999	5.09943	1.90837	0.0	0.0	0.0
Node 21		6.38281	7.04433	4.0351	2.01063	4.77243	7.767060000000001	3.6732	8.4505	4.383780000000001	5.30792	5.60383	8.6313	7.21725	4.03458	9.60486	7.17367	10.68143	4.85266	5.61841	0.0	0.0	0.0	0.0
Node 166		3.81397	5.73366	4.040760000000001	5.65559	6.0384	4.35211	5.40153	6.216200000000001	2.04126	5.4822299999999995	8.97155	6.87463	4.56837	5.236940000000001	7.186579999999999	7.69459	5.04189	2.65972	3.22299	0.0	0.0	0.0	0.0
Node 188		3.7645600000000004	8.58004	7.73788	5.209840000000001	6.25835	7.20643	5.36017	9.712850000000001	3.72105	6.747019999999999	5.706180000000001	5.56255	4.4515199999999995	7.1407300000000005	3.8328800000000003	9.96426	7.411719999999999	6.781969999999999	2.71837	0.0	0.0	0.0	0.0
Node 110		4.206259999999999	2.94733	3.05605	10.382660000000001	5.47342	3.7975299999999996	2.52601	5.25639	6.32679	6.316439999999999	3.7866299999999997	6.89092	4.59504	5.57494	5.76174	8.45918	9.63527	4.26762	6.31806	0.58672	0.0	0.0	0.0
Node 159		7.31926	4.40126	3.92239	8.624360000000001	3.51391	2.3105	2.84536	7.64188	5.06712	5.8921399999999995	7.6004000000000005	4.86097	7.11359	5.5004100000000005	7.73616	2.9182900000000003	3.09461	7.64908	1.5985699999999998	0.0	0.0	0.0	0.0
Node 127		5.65847	5.47774	5.62521	8.253770000000001	3.9328700000000003	5.03033	5.0262	10.74946	3.4048700000000003	5.23803	6.259099999999999	3.0159	6.31586	8.82498	11.36102	8.66025	5.119	4.16627	7.648530000000001	2.67121	0.0	0.0	0.0
Node 193		3.03046	6.737120000000001	3.30047	4.0123	7.64942	3.08641	6.20447	11.410720000000001	3.6311400000000003	3.38154	5.53021	6.80795	9.68176	4.56695	3.6494899999999997	6.875570000000001	6.63542	4.18912	3.29282	0.53308	0.0	0.0	0.0
Node 182		5.70725	6.107880000000001	4.34467	4.69546	3.7268000000000003	5.77825	4.23144	4.67183	9.39475	4.70807	6.84721	8.08849	5.61808	8.12282	6.72624	6.19805	4.82327	6.43635	6.50024	2.64978	0.0	0.0	0.0
Node 116		6.980409999999999	5.05088	7.75933	8.43534	4.50157	4.639469999999999	4.25462	6.56143	6.656910000000001	5.38053	4.09968	6.38103	6.94809	4.45195	8.83542	9.48861	8.336649999999999	6.86003	8.43693	0.53308	0.0	0.0	0.0
Node 187		7.13257	5.33063	6.96344	4.69918	5.2242	6.39913	6.510770000000001	5.72126	2.36764	5.9486	9.283710000000001	3.83381	7.56129	5.15722	4.14293	8.58902	3.7172799999999997	6.566859999999999	3.82141	0.0	0.0	0.0	0.0
Node 102		6.8316	6.66427	3.68819	3.46572	5.45156	6.67798	5.96089	6.55408	2.3853400000000002	4.9542	5.97313	6.18525	10.54398	5.26104	7.55794	6.415659999999999	8.982809999999999	1.1226500000000001	3.6818700000000004	1.74085	0.0	0.0	0.0
Node 15		6.0222299999999995	4.76138	3.8506600000000004	6.0769400000000005	6.25756	3.9072500000000003	7.68341	7.8729499999999994	4.81957	4.61593	8.66808	9.33883	6.58851	3.4166000000000003	5.90594	5.3032200000000005	4.08748	6.20818	3.29282	0.0	0.0	0.0	0.0
Node 113		3.21137	5.42245	6.823220000000001	2.53044	3.61347	3.12042	2.19819	6.07937	7.09177	5.50795	5.81973	5.54108	5.46132	4.8914100000000005	6.11193	10.50811	4.86861	4.89677	5.73894	3.9928600000000003	0.0	0.0	0.0
Node 145		8.627559999999999	2.11889	0.87538	7.52724	5.2580599999999995	5.5693600000000005	5.28616	4.75638	5.46975	3.59617	9.817919999999999	6.707000000000001	3.8651699999999996	2.83209	4.60498	12.13086	3.81714	6.06869	4.33516	0.0	0.0	0.0	0.0
Node 60		5.71173	7.365530000000001	2.72465	4.71379	4.48386	6.1955	3.9867399999999997	6.10126	8.321430000000001	4.02957	5.496630000000001	6.20549	4.49462	6.4595	5.701549999999999	5.40917	1.03472	6.4486799999999995	3.13559	2.39429	0.0	0.0	0.0
Node 105		5.76565	5.7617899999999995	2.30075	5.45306	6.13362	8.10682	3.9157900000000003	2.9725	3.77286	9.43604	9.203600000000002	8.59009	5.4233	5.16611	4.67253	5.15037	6.44429	5.85691	7.068670000000001	1.51757	0.0	0.0	0.0
Node 32		8.53126	5.39353	5.24688	5.25232	4.54893	4.52144	5.38996	5.48402	2.53041	3.7408099999999997	8.763160000000001	7.44755	3.00835	6.969849999999999	5.0245	7.39408	3.02932	8.30371	7.4361999999999995	0.9303600000000001	0.0	0.0	0.0
Node 83		6.02616	6.03627	5.56841	6.287420000000001	4.7550099999999995	4.46722	6.406820000000001	4.8292399999999995	5.57994	7.29402	6.03838	8.22221	7.5767299999999995	6.22175	5.21304	8.411349999999999	10.21509	7.98224	5.440869999999999	1.51708	0.0	0.0	0.0
Node 124		8.035960000000001	7.881489999999999	7.62341	7.44289	6.604450000000001	9.1807	4.971430000000001	5.7299500000000005	4.76085	6.64225	6.567349999999999	5.72756	4.916729999999999	6.12884	3.07729	4.73517	5.15217	4.20326	3.8260099999999997	1.32165	0.0	0.0	0.0
Node 104		6.47205	4.83472	1.61486	6.81879	7.0574200000000005	2.2928	6.13604	6.4619800000000005	5.56987	1.47229	7.2304900000000005	5.52127	5.41458	5.46241	6.218039999999999	3.7185500000000005	7.95902	3.79392	4.74397	1.34308	0.0	0.0	0.0
Node 33		7.709199999999999	7.91069	3.80099	7.838760000000001	4.84634	2.1725399999999997	3.7008399999999995	6.29796	6.38591	5.98919	8.07581	5.52307	5.4606200000000005	4.48475	6.71501	7.047960000000001	8.189490000000001	6.628349999999999	3.4131799999999997	3.64922	0.0	0.0	0.0
Node 143		7.28652	5.513669999999999	3.9841	6.99853	4.65243	2.91928	5.1141	10.32282	6.332050000000001	3.7535600000000002	6.25136	3.5424900000000004	6.82842	4.13347	5.7523100000000005	8.259500000000001	6.3607499999999995	8.62485	6.45502	0.9308500000000001	0.0	0.0	0.0
Node 5		3.3445500000000004	5.71009	5.28663	7.526660000000001	3.01314	5.27597	6.94275	6.53537	4.42922	6.355239999999999	3.01521	6.48493	5.66221	6.4331700000000005	4.74386	5.8627400000000005	6.81263	5.68419	0.58672	0.0	0.0	0.0	0.0
Node 119		5.11792	0.7728999999999999	2.61181	8.38334	5.31308	5.11541	5.60174	4.84606	3.8614500000000005	2.94413	3.23643	3.6959199999999996	6.23846	5.47347	3.7221900000000003	5.99785	6.87468	5.7199800000000005	7.958410000000001	0.9303600000000001	0.0	0.0	0.0
Node 125		7.46265	7.6583	5.736800000000001	3.90824	5.59042	3.8199499999999995	4.8522099999999995	7.5775999999999994	3.5279499999999997	6.58286	6.09652	2.83006	4.40793	5.31055	7.24502	4.4971499999999995	3.55874	3.4019	7.34247	1.3752900000000001	0.0	0.0	0.0
Node 99		2.9012	5.7635499999999995	4.03221	5.54699	5.22448	7.9808	4.96614	5.649839999999999	3.5342400000000005	5.21519	7.354979999999999	4.632759999999999	10.71006	2.97401	4.74186	6.30816	5.234389999999999	3.4136100000000003	2.48969	0.9303600000000001	0.0	0.0	0.0
Node 172		4.00232	6.37151	5.93054	6.16426	4.46039	3.80818	9.94726	4.41632	6.11902	5.8534500000000005	7.16725	6.67081	8.47902	5.28861	6.43114	5.75772	2.8223700000000003	4.967420000000001	6.85818	1.74085	0.0	0.0	0.0
Node 49		6.16942	2.28802	8.07913	4.35301	7.73938	5.07254	4.39579	6.14489	8.901349999999999	4.9341	8.65498	6.13807	7.67935	3.7894900000000002	7.8773	3.00534	6.776079999999999	7.70362	6.26057	0.8099999999999999	0.0	0.0	0.0
Node 61		7.13541	4.1166	4.958690000000001	6.37222	7.58538	2.1266	4.80986	7.7984	6.6304799999999995	4.96256	7.536020000000001	8.264380000000001	4.78946	5.98613	8.79475	9.07652	5.49207	7.91192	5.11812	1.46344	0.0	0.0	0.0
Node 146		4.6831499999999995	5.62854	2.79021	6.35391	5.68625	5.17122	2.97502	7.737410000000001	3.82117	7.87012	3.2875099999999997	3.8094	7.113510000000001	4.67504	3.75852	8.705820000000001	5.5316	4.60621	6.29527	0.0	0.0	0.0	0.0
Node 149		5.23863	8.95651	4.42194	5.8594800000000005	7.9139	3.66331	6.20821	5.81636	4.87549	4.34944	5.51287	5.62347	3.47673	6.2776700000000005	8.206439999999999	5.07916	4.25483	10.084010000000001	3.5895499999999996	0.8099999999999999	0.0	0.0	0.0
Node 136		8.15018	5.12579	4.65315	7.5553300000000005	7.853000000000001	4.72299	3.25379	2.71326	0.50166	3.5843800000000003	9.88016	2.35401	3.86448	4.09402	5.40766	6.20847	5.71748	2.17586	6.18612	1.3967200000000002	0.0	0.0	0.0
Node 140		1.5862	6.490360000000001	3.94746	2.2708	3.17779	3.4072400000000003	6.96654	5.68878	5.1479	5.38659	6.07925	4.33835	6.10336	3.99855	4.08156	6.8588499999999994	5.43152	7.35254	2.21339	0.8099999999999999	0.0	0.0	0.0
Node 16		6.2898499999999995	6.31395	3.3595699999999997	5.04002	5.8313	6.1086599999999995	2.12064	6.54316	7.52888	4.0635699999999995	6.1394400000000005	6.50665	5.33269	3.46694	7.87255	8.0706	8.388729999999999	3.3657399999999997	5.77466	1.86121	0.0	0.0	0.0
Node 87		3.2591	2.8540900000000002	2.30669	7.71308	5.53768	4.34317	5.07924	10.13584	4.01242	4.10335	7.70532	7.893269999999999	8.67906	6.74033	4.15355	9.89936	6.456340000000001	6.97913	0.0	2.27344	0.0	0.0	0.0
Node 1		5.59586	4.74308	4.07611	4.93814	8.4268	3.7135599999999998	4.0226999999999995	4.77842	5.13277	8.42566	6.8178	8.19631	6.361260000000001	6.55034	4.21485	5.34295	5.45614	9.11193	3.91375	2.44793	0.0	0.0	0.0
Node 78		3.31039	9.32507	4.7177	5.56482	3.45023	3.8008599999999997	7.994940000000001	5.15864	2.86573	8.64679	8.9947	4.1416	7.01793	4.43671	4.51213	6.3607499999999995	5.3502	5.31357	3.51598	1.46393	0.0	0.0	0.0
Node 29		4.209709999999999	3.6472200000000004	5.06679	6.93777	7.80729	2.44821	7.69737	3.5938199999999996	6.17849	5.44978	5.7691	3.9408600000000003	3.9728399999999997	6.970669999999999	7.67197	4.568280000000001	5.84102	4.12153	5.0121	0.0	0.0	0.0	0.0
Node 55		3.5820900000000004	4.47133	5.06336	8.14529	10.65899	1.60068	5.75486	2.65053	6.25723	3.87049	3.38555	6.33176	4.48437	6.16033	6.9875300000000005	4.20496	6.85158	2.66946	8.12238	0.7885700000000001	0.0	0.0	0.0
Node 179		5.6756	2.85501	4.93839	6.52281	4.12779	4.72977	3.04778	6.77524	7.32575	6.59742	9.54893	8.37021	8.31924	5.800120000000001	6.778199999999999	2.8422300000000003	6.570760000000001	4.8156	3.97444	1.3967200000000002	0.0	0.0	0.0
Node 4		5.598319999999999	7.418520000000001	7.71451	6.68361	4.917210000000001	3.6577800000000003	6.62065	10.07228	4.91563	4.95522	5.07877	4.56895	7.870729999999999	6.1887	9.76792	8.82583	6.5290799999999996	5.98743	1.58618	0.7885700000000001	0.0	0.0	0.0
Node 126		9.537460000000001	8.58637	5.95495	4.4389199999999995	4.5988500000000005	2.22185	4.51984	9.22717	4.33871	3.7989599999999997	4.6	6.52039	2.45182	6.910030000000001	3.39114	2.52005	7.803	6.51856	6.0327	0.9308500000000001	0.0	0.0	0.0
Node 27		5.079899999999999	5.85413	5.87922	8.32584	6.91809	6.20008	4.40233	8.76803	5.7293400000000005	6.12655	6.10665	4.67111	4.64835	4.35358	3.9837200000000004	3.6578600000000003	4.6291899999999995	5.818630000000001	4.58999	3.0625	0.0	0.0	0.0
Node 31		7.03501	6.810230000000001	4.29383	5.27191	3.69103	8.99836	3.0396300000000003	7.95818	5.36418	5.37404	6.4682900000000005	4.98144	4.14327	7.956720000000001	7.55845	5.709899999999999	8.347290000000001	6.61828	3.98141	2.86065	0.0	0.0	0.0
Node 9		6.77251	3.95342	5.79582	5.44379	6.48931	5.92865	5.43106	4.17815	6.70641	4.11276	7.68176	7.43283	6.00751	5.18202	4.07395	6.964230000000001	4.09755	7.7452	6.49801	1.1198	0.0	0.0	0.0
Node 139		10.46945	2.57535	5.815519999999999	2.54015	5.71682	3.23613	3.92851	1.52565	5.92776	9.69528	4.31502	6.11438	7.2320400000000005	7.114910000000001	8.23605	6.219679999999999	10.47962	5.56169	4.328110000000001	3.0625	0.0	0.0	0.0
Node 81		8.62484	6.7804400000000005	6.682720000000001	1.41422	5.3296	5.45434	5.05098	9.9384	7.07984	2.05566	7.95797	5.11932	3.95376	5.04185	9.98992	5.88771	8.184470000000001	3.03892	7.97741	0.9303600000000001	0.0	0.0	0.0
Node 192		6.36161	6.983440000000001	4.949520000000001	5.20582	2.26497	2.3001199999999997	7.49411	7.44535	5.41595	7.17945	5.96275	2.29873	4.94001	3.6890899999999998	3.0273600000000003	5.01744	4.91112	4.91273	1.39928	0.53308	0.0	0.0	0.0
Node 97		2.28423	6.25984	5.24734	3.61756	6.172960000000001	5.35408	5.12089	4.0059499999999995	7.3167800000000005	3.13606	6.447940000000001	4.7532	3.5998799999999997	4.5362100000000005	2.26769	7.300389999999999	3.66849	4.00992	7.03542	2.52942	0.0	0.0	0.0
Node 6		6.43466	6.5439300000000005	3.53708	6.25049	8.68537	5.22795	5.38904	7.048500000000001	6.75056	6.71171	7.43926	6.69604	5.0988999999999995	9.74953	5.927099999999999	5.783810000000001	6.79863	3.37151	6.34423	2.64978	0.0	0.0	0.0
Node 42		2.77105	4.46268	6.58531	6.94554	7.58872	3.14624	4.4890300000000005	7.14561	2.57635	4.69629	6.585520000000001	4.90326	8.91974	5.9737	5.09298	11.48851	5.82364	9.8751	4.7329099999999995	0.0	0.0	0.0	0.0
Node 191		7.609820000000001	6.423520000000001	5.14034	6.40135	5.37786	5.41675	6.68082	4.50695	4.23947	6.66535	5.89846	7.743609999999999	5.93765	8.14163	8.60631	6.82383	4.309559999999999	1.1102	8.00144	1.71942	0.0	0.0	0.0
Node 141		7.0060899999999995	6.10922	4.32356	5.59645	5.76483	6.57383	5.0771	4.8231	7.046099999999999	5.67642	11.37562	6.22537	7.250249999999999	7.020650000000001	6.6566	5.55609	4.10555	8.66115	7.83267	1.3967200000000002	0.0	0.0	0.0
Node 158		4.11691	7.56724	6.803190000000001	7.26211	5.50581	7.406210000000001	7.8007599999999995	9.18468	7.4700299999999995	5.37226	4.60708	3.8844200000000004	4.73723	4.39688	5.71093	4.93553	6.556240000000001	4.76209	8.05693	0.0	0.0	0.0	0.0
Node 163		7.35742	4.00452	5.8012500000000005	9.71533	6.411980000000001	4.33064	5.88271	7.66801	5.52801	6.84138	4.09272	4.75445	8.979230000000001	6.04233	5.0928	5.32729	10.56129	7.0255600000000005	1.49162	0.9308500000000001	0.0	0.0	0.0
Node 56		4.19869	3.03062	3.85758	5.70929	6.50497	4.21394	5.309699999999999	2.83189	7.41228	5.40506	5.18941	2.53636	7.5698799999999995	6.65654	9.00663	5.79281	6.6257399999999995	6.09939	4.876119999999999	0.0	0.0	0.0	0.0
Node 106		3.86506	5.30171	4.42274	6.59688	7.71044	3.81839	4.0311699999999995	4.220079999999999	3.15448	6.92559	4.47306	6.441040000000001	10.242890000000001	3.9273599999999997	5.82915	10.27797	7.70706	2.2843999999999998	2.71837	2.98101	0.0	0.0	0.0
Node 7		6.55811	5.667210000000001	6.4116800000000005	7.26254	8.501980000000001	3.7356800000000003	6.405130000000001	4.74091	6.81273	6.6952300000000005	5.5853	7.04497	5.71905	4.61779	5.461860000000001	5.33569	5.80771	6.36202	5.63841	1.1198	0.0	0.0	0.0
Node 101		6.23229	6.24098	5.6724	6.5367	3.5518	4.102950000000001	5.54164	4.32008	6.80493	5.66526	3.09155	5.4896	5.13251	6.89709	3.70804	7.530399999999999	6.305719999999999	5.9049	4.9263	0.0	0.0	0.0	0.0
Node 84		6.26654	7.93962	2.56258	6.772119999999999	8.237350000000001	6.3736500000000005	2.48303	5.39369	4.39628	5.42098	8.23203	6.26623	10.89643	2.7127600000000003	3.8160800000000004	5.98583	10.19067	6.04512	7.133979999999999	1.46344	0.0	0.0	0.0
Node 20		5.0307699999999995	9.68941	5.7316	8.40239	6.1358999999999995	4.4778199999999995	3.54677	7.466019999999999	7.62429	8.87378	6.885610000000001	10.05789	2.77094	7.0047	4.57801	9.20811	2.18169	3.5527	2.83688	0.0	0.0	0.0	0.0
Node 147		6.72422	3.40433	4.935429999999999	6.52788	3.00847	3.64064	6.206869999999999	2.67116	9.15926	5.00336	3.4747100000000004	8.58097	3.9477100000000003	5.37069	4.58692	7.116949999999999	7.4829300000000005	4.19452	4.02361	0.0	0.0	0.0	0.0
Node 107		2.83529	8.86034	6.61985	5.73884	6.397500000000001	6.13645	4.14873	5.29023	5.50495	6.22126	8.50855	6.3758099999999995	6.463000000000001	6.0045399999999995	4.39167	4.92009	2.09532	4.16902	1.51757	2.05016	0.0	0.0	0.0
Node 24		4.86827	3.51905	7.17979	6.34977	5.00038	6.06529	2.2718	5.46309	7.106	3.55041	6.813370000000001	3.6374999999999997	9.8063	6.2556	4.6832899999999995	8.26415	10.95025	3.98871	3.6897100000000003	0.9308500000000001	0.0	0.0	0.0
Node 36		3.92464	8.94651	8.01411	7.31432	5.61991	4.46391	4.4809	6.830799999999999	6.97791	6.32118	4.70289	4.70897	5.489949999999999	5.34595	9.00084	6.06182	5.36005	4.75103	2.83922	0.53308	0.0	0.0	0.0
Node 47		7.034260000000001	7.10472	4.39367	7.2228	3.2534199999999998	4.89104	3.8549100000000003	8.6659	5.674939999999999	5.8295	6.005	5.4993300000000005	5.4663	7.03265	2.46189	6.316439999999999	7.0127999999999995	5.9405600000000005	3.21984	3.64922	0.0	0.0	0.0
Node 96		4.81684	4.91559	6.583880000000001	5.951490000000001	5.331099999999999	6.3557500000000005	8.86828	6.9502999999999995	5.18688	3.61238	9.83973	6.064760000000001	10.02725	2.26687	2.67231	7.7488600000000005	7.208259999999999	3.99216	4.3642199999999995	0.9303600000000001	0.0	0.0	0.0
Node 186		5.75849	6.93802	5.14039	5.0155199999999995	6.51094	8.36041	4.62259	6.977360000000001	4.72188	4.743250000000001	5.53835	5.36633	6.858350000000001	3.7352499999999997	7.58558	6.6240499999999995	4.915909999999999	6.36772	5.41149	3.1161399999999997	0.0	0.0	0.0
Node 198		7.567740000000001	8.5976	6.74621	3.8603899999999998	3.8130200000000003	7.56626	7.19385	8.00772	5.42855	5.31194	7.78561	7.8695699999999995	6.0606100000000005	6.48541	8.07156	9.3096	4.3578	3.41065	2.92108	2.67121	0.0	0.0	0.0
Node 157		5.8252	5.75915	4.306299999999999	6.30683	4.08617	4.311990000000001	7.14022	6.5658900000000004	2.68687	6.35067	4.44011	5.55265	5.72479	5.49027	5.67499	7.934539999999999	5.17183	5.11322	6.34251	0.0	0.0	0.0	0.0
Node 103		5.19253	5.67867	5.48184	3.2630399999999997	6.463330000000001	3.70721	3.4079800000000002	7.154050000000001	4.47714	1.53661	6.46402	5.4232000000000005	8.4697	3.5330800000000004	2.8451899999999997	5.73799	3.64557	5.32592	3.30765	0.0	0.0	0.0	0.0
Node 199		2.4838099999999996	4.09763	3.33136	7.90073	4.57943	4.5219700000000005	6.43098	2.98151	5.20833	4.79292	4.6372	3.20007	6.22142	3.3037900000000002	3.5733300000000003	5.26257	6.01713	7.82126	3.5435399999999997	0.0	0.0	0.0	0.0
Node 30		6.2875	3.57855	2.80299	6.03697	4.3215	4.82268	2.65192	5.64734	6.788030000000001	3.7280699999999998	10.25065	4.60074	6.76277	6.46905	6.15342	7.788009999999999	6.15086	3.6325000000000003	3.21959	0.0	0.0	0.0	0.0
Node 195		3.2907100000000002	8.06283	6.04019	4.99714	2.6304000000000003	7.495749999999999	5.43604	4.94514	4.6403	7.50414	7.02419	5.414009999999999	7.306260000000001	4.74869	3.75023	6.4115400000000005	6.62907	5.94912	2.13165	0.9308500000000001	0.0	0.0	0.0
Node 35		2.2806699999999998	7.41715	1.55222	6.834890000000001	5.63176	6.16939	4.11691	6.71286	7.34447	1.90985	8.12573	4.5834600000000005	5.97108	3.68104	7.83563	7.829890000000001	6.0847	3.2601400000000003	4.35208	2.86016	0.0	0.0	0.0
Node 178		6.6428	6.69347	3.50658	6.85765	4.05142	3.8640800000000004	7.9548	4.01215	3.2904400000000003	2.38551	6.9272100000000005	5.25704	6.34562	5.73411	5.30941	3.1398200000000003	9.10195	7.468039999999999	4.83533	0.0	0.0	0.0	0.0
Node 46		5.79642	5.56357	5.3014	7.5221599999999995	7.34678	6.315600000000001	7.305960000000001	4.932099999999999	3.76222	2.36695	5.65443	8.02074	9.47028	5.18138	6.1025599999999995	6.312049999999999	10.93744	6.40521	2.77457	4.0465	0.0	0.0	0.0
Node 151		5.79563	5.84514	6.1857500000000005	10.63032	2.13128	3.96845	6.37615	6.80414	6.44296	6.47565	5.81233	7.40487	5.51246	4.005199999999999	6.9523600000000005	6.87989	8.04228	6.25461	4.18641	0.0	0.0	0.0	0.0
Node 43		2.22161	7.150180000000001	8.19593	2.87815	6.22154	6.594029999999999	3.09311	7.67733	5.37922	7.18684	3.09155	7.40934	9.50052	5.69721	7.6726600000000005	5.44382	6.31146	1.8610600000000002	5.98564	0.0	0.0	0.0	0.0
Node 160		7.83533	5.7362400000000004	4.20025	6.90371	9.490369999999999	10.18518	5.00822	7.101780000000001	6.2127099999999995	3.7819899999999995	6.11918	4.63253	6.05754	2.8227100000000003	2.18712	8.448640000000001	7.6342099999999995	6.433210000000001	5.009580000000001	0.0	0.0	0.0	0.0
Node 17		6.35664	7.21261	4.26105	6.08272	5.74207	4.01159	4.3062499999999995	9.23523	4.85181	3.72964	3.70704	4.32672	8.08054	5.60668	4.57139	5.89254	5.312390000000001	2.90332	2.30614	2.64978	0.0	0.0	0.0
Node 85		7.04857	4.4257100000000005	4.26105	5.66671	6.79612	6.17071	5.46131	10.4047	5.94355	4.59572	6.3348	6.27853	8.76678	3.68557	4.70673	7.06699	6.24853	6.32042	3.34227	1.71942	0.0	0.0	0.0
Node 71		9.94783	7.401739999999999	5.62246	5.0187	5.414540000000001	6.190869999999999	5.5007399999999995	5.82374	6.030959999999999	6.42823	6.4854400000000005	7.26894	4.771920000000001	5.68099	3.51369	4.32946	4.53434	8.97701	3.32007	0.0	0.0	0.0	0.0
Node 66		4.81303	6.48753	4.2011	5.45154	9.54377	2.7817499999999997	5.622669999999999	2.53547	5.36411	4.68305	3.1166099999999997	5.58855	10.30447	3.20639	6.727429999999999	5.99328	5.35692	6.5264299999999995	4.23408	2.67121	0.0	0.0	0.0
Node 69		4.54987	2.6037	6.25802	5.967009999999999	6.673659999999999	9.44791	2.65192	6.5155400000000006	5.73003	7.469919999999999	7.79946	6.7053	5.78706	3.7356100000000003	3.2927199999999996	4.76535	8.00253	4.10167	4.69836	2.64978	0.0	0.0	0.0
Node 142		4.52058	5.8659099999999995	6.7051799999999995	5.9296500000000005	8.63073	6.96613	6.48647	6.4895	7.4092	3.56638	9.43003	6.59241	5.228470000000001	7.90534	6.626650000000001	5.73106	12.20863	5.3226	4.22367	0.53308	0.0	0.0	0.0
Node 184		5.06409	11.56285	3.8506	5.56315	3.4874799999999997	5.48511	5.11627	6.73984	5.78227	4.16575	4.03269	8.44783	6.66745	5.98762	5.93295	6.50526	6.59058	6.655949999999999	2.85452	0.0	0.0	0.0	0.0
Node 121		3.89932	5.0393300000000005	2.90795	8.52556	6.23911	4.14793	5.96776	5.61686	3.0734	7.5806700000000005	6.46991	5.9686900000000005	7.567559999999999	3.2483400000000002	7.50466	4.6502300000000005	6.08758	3.36724	6.84438	0.9308500000000001	0.0	0.0	0.0
Node 131		7.035909999999999	6.58875	5.0199300000000004	4.212140000000001	2.7964599999999997	3.0028699999999997	6.18643	6.690219999999999	5.23419	4.76635	3.87479	5.84315	5.69304	5.04736	3.85898	5.74971	7.284509999999999	3.90363	8.52872	0.0	0.0	0.0	0.0
Node 0		6.03484	5.79512	6.4267199999999995	4.02223	6.15406	1.98874	5.45393	5.57545	7.144830000000001	6.766579999999999	4.51523	7.22483	6.54385	3.7695800000000004	3.88425	5.84982	4.48742	6.88494	3.9620500000000005	0.9303600000000001	0.0	0.0	0.0
Node 68		5.97392	5.72277	2.4083	5.50125	3.6329100000000003	7.06674	2.79108	4.07802	10.6853	7.81935	4.84357	6.84057	6.87834	7.33082	6.23692	7.57036	3.65165	6.9831900000000005	1.34308	0.9308500000000001	0.0	0.0	0.0
Node 164		6.31354	7.12351	2.97528	8.042349999999999	4.749280000000001	5.9472499999999995	5.85804	6.312619999999999	4.47788	2.81532	5.15551	3.1424	7.79488	3.9554199999999997	9.928420000000001	9.063450000000001	9.21192	4.17751	2.27344	0.9303600000000001	0.0	0.0	0.0
Node 40		3.862	5.29612	5.17797	7.59962	6.5356700000000005	8.6175	2.67963	3.0752	3.9746900000000003	5.59007	5.557	5.84999	4.18849	5.89747	9.35542	5.88002	7.686039999999999	4.74561	4.027200000000001	0.0	0.0	0.0	0.0
Node 65		3.6323399999999997	5.94511	2.59251	5.75326	7.79348	7.04124	7.832939999999999	4.791510000000001	2.7005	4.87332	6.38232	5.42264	8.79684	5.0991	2.19429	8.42947	6.06784	5.73952	3.45416	0.9303600000000001	0.0	0.0	0.0
Node 82		3.11272	5.32117	4.26084	5.97327	5.3281	4.35562	4.26919	4.6398	4.4558100000000005	4.83387	4.32918	7.5954999999999995	5.33976	4.96785	4.85007	8.55147	6.518930000000001	5.71655	2.71837	0.7885700000000001	0.0	0.0	0.0
Node 165		7.77074	7.02792	5.17439	3.9064500000000004	7.14419	5.41514	5.66111	4.45674	8.40282	6.21757	5.43806	5.28846	1.83608	1.3838899999999998	7.36904	6.2434	10.36057	9.25269	3.03421	0.0	0.0	0.0	0.0
Node 10		7.21892	4.42971	3.1469400000000003	5.57431	5.91048	5.46685	5.093509999999999	3.0661899999999997	4.31624	3.7491700000000003	2.0122500000000003	4.06818	9.59135	6.396129999999999	6.7032300000000005	4.76585	2.70461	5.36773	8.13696	0.8099999999999999	0.0	0.0	0.0
Node 117		9.307210000000001	8.1327	4.14118	7.1881	8.28575	4.4626	7.49929	5.62907	2.85775	4.17881	5.56742	7.06522	7.05916	4.38982	4.06301	8.10636	7.65787	4.11099	5.6674299999999995	1.86121	0.0	0.0	0.0
Node 25		7.13251	5.56149	4.02122	4.88725	6.1533299999999995	4.097449999999999	7.91997	8.0259	5.34923	7.652480000000001	9.547229999999999	6.20444	4.26346	5.10074	5.11537	10.48521	5.43656	5.07377	4.67222	1.71893	0.0	0.0	0.0
Node 86		3.1571599999999997	6.085	5.21735	5.30164	9.6741	3.711	5.17082	4.5778	4.071339999999999	5.38314	4.868659999999999	5.7351600000000005	7.17066	4.32482	5.91882	5.61725	3.2883500000000003	7.31419	6.32188	0.0	0.0	0.0	0.0
Node 180		7.77437	7.42617	9.079429999999999	5.083089999999999	6.6131400000000005	3.88107	4.27726	4.94326	4.71132	6.08613	10.04179	7.054069999999999	9.34173	2.8385000000000002	6.85275	6.13525	5.083	4.08866	2.40055	1.71942	0.0	0.0	0.0
