Node 130		9.32373	7.141019999999999	16.16659	11.53196	8.90059	13.260269999999998	10.969619999999999	7.54946	13.43836	5.2095	13.097159999999999	13.26223	9.292119999999999	8.77627	7.6504	9.70172	11.54441	7.149310000000001	9.82918	3.64922	0.0	0.0	0.0
Node 133		6.90882	14.192540000000001	12.810469999999999	11.13522	10.20956	13.27553	9.644369999999999	10.7181	9.40165	10.12549	14.81391	8.29199	7.43504	10.56145	8.10188	16.42569	10.60117	10.509400000000001	11.150830000000001	3.64922	0.0	0.0	0.0
Node 80		7.63167	12.396139999999999	10.50276	13.07641	8.19743	12.35524	9.30029	7.37011	9.40165	8.60328	9.67666	11.25494	7.3347999999999995	9.36381	9.01874	10.568520000000001	7.47279	9.16759	9.85789	3.64922	0.0	0.0	0.0
Node 29		10.05916	10.60487	13.68542	11.58732	8.05695	13.12132	10.01515	11.4232	12.91717	10.51313	13.836829999999999	8.844190000000001	9.20677	12.04878	10.53222	10.62817	10.208219999999999	8.50967	9.82918	3.64922	0.0	0.0	0.0
Node 49		6.71594	9.85471	13.68542	13.94546	11.766649999999998	12.45006	9.644369999999999	8.32425	12.91717	9.595049999999999	14.48568	9.57321	9.67151	4.97525	9.69508	8.10945	11.70965	7.33274	9.04789	3.64922	0.0	0.0	0.0
Node 72		4.34247	8.79274	12.7668	11.997919999999999	10.20956	14.83949	8.08071	10.79636	12.58416	12.11464	12.44214	8.88791	10.46268	10.249469999999999	10.443719999999999	13.64891	12.31357	10.58342	9.76638	3.64922	0.0	0.0	0.0
Node 138		10.39906	7.00699	12.7668	12.36894	8.92378	15.02264	8.6899	9.763959999999999	12.02738	10.90873	12.44831	11.80714	7.887	10.76784	10.33822	10.43771	10.30159	9.818109999999999	10.57638	3.64922	0.0	0.0	0.0
Node 83		8.231430000000001	7.87877	11.91822	10.29837	8.75565	10.346229999999998	10.73099	9.763959999999999	9.40165	10.0033	15.70252	11.80714	6.4432	11.51697	8.46355	11.39376	13.04584	5.98932	10.36226	3.64922	0.0	0.0	0.0
Node 127		3.38146	11.518839999999999	13.57882	13.90073	10.445500000000001	12.40608	8.6899	9.036669999999999	10.47038	10.12549	13.007089999999998	9.7061	8.58388	13.253770000000001	7.74256	12.29856	10.97738	9.77713	9.82556	3.64922	0.0	0.0	0.0
Node 5		7.001010000000001	9.7295	13.711509999999999	10.59511	10.20956	12.54541	8.08071	8.90729	9.40165	10.51716	14.48568	9.831470000000001	8.0848	8.06706	10.67435	9.88812	8.184809999999999	8.99122	11.233179999999999	3.64922	0.0	0.0	0.0
Node 162		10.064720000000001	8.92157	13.68542	11.48736	10.885069999999999	10.25088	10.969619999999999	9.763959999999999	11.73518	9.24789	12.16331	11.25494	7.887	10.21203	9.21439	10.38605	13.937759999999999	9.84621	8.668009999999999	3.64922	0.0	0.0	0.0
Node 171		7.51914	8.50638	17.14429	11.53196	10.06283	14.83949	9.01052	6.559629999999999	14.405619999999999	12.03759	13.79798	10.05346	7.08799	10.01236	9.710199999999999	14.73254	10.991950000000001	9.08865	7.055740000000001	3.64922	0.0	0.0	0.0
Node 156		7.6181600000000005	9.036710000000001	14.533180000000002	10.27949	8.777050000000001	13.21629	10.01515	9.98313	12.02723	10.12549	10.02173	9.2139	9.48313	10.868419999999999	8.96107	12.08166	11.62223	9.78302	10.61775	3.64922	0.0	0.0	0.0
Node 117		6.2887200000000005	10.64096	11.9939	10.93539	10.20956	12.40608	10.969619999999999	9.98313	13.096469999999998	8.88129	12.93793	10.22651	8.86655	11.83944	7.956449999999999	16.07904	9.47322	7.62206	9.76638	3.64922	0.0	0.0	0.0
Node 161		9.73794	8.046190000000001	10.43158	11.53209	10.20956	7.46431	10.01515	7.37011	9.94009	10.53619	14.165059999999999	8.92014	10.82387	11.738859999999999	9.16803	11.529399999999999	10.59248	11.14338	8.43246	3.64922	0.0	0.0	0.0
Node 155		10.53572	8.046190000000001	15.1058	13.21898	9.76375	10.08919	10.01515	7.37011	12.47308	9.91396	13.097159999999999	12.2041	9.20677	6.7213400000000005	9.69459	10.58285	10.29813	8.14739	9.24246	3.64922	0.0	0.0	0.0
Node 43		11.61824	6.17423	11.879159999999999	9.37918	10.20956	14.77959	9.30029	11.65181	10.923860000000001	6.5201899999999995	13.99606	10.98929	8.23556	11.51697	9.64086	10.54968	10.208219999999999	8.41677	10.36226	3.64922	0.0	0.0	0.0
Node 116		7.621110000000001	8.046190000000001	12.7668	12.413540000000001	11.51519	13.260269999999998	7.939730000000001	9.036669999999999	3.92389	10.12549	12.949869999999999	10.87131	9.997250000000001	9.36381	8.26961	12.07367	10.30159	6.81783	10.44461	3.64922	0.0	0.0	0.0
Node 56		8.70363	6.551229999999999	15.31883	11.53196	10.20956	12.40084	7.97504	9.98313	12.85589	7.778989999999999	11.5264	6.257070000000001	10.23465	9.28637	10.92273	12.07367	11.56302	8.58187	9.63461	3.64922	0.0	0.0	0.0
Node 96		6.2887200000000005	8.02345	13.49121	14.100560000000002	10.20956	13.27553	9.30029	6.59532	12.43861	8.270669999999999	13.062209999999999	8.29199	8.64988	10.44962	8.96107	9.85169	10.29012	8.72184	11.76626	3.64922	0.0	0.0	0.0
Node 38		9.73794	14.17669	8.6434	11.59905	8.92378	6.71266	9.01052	9.98313	9.40165	0.0	12.44831	8.25656	8.86655	10.01236	11.0016	10.54968	7.642799999999999	9.14904	8.89833	3.64922	0.0	0.0	0.0
Node 64		8.97814	8.79635	11.75981	13.093350000000001	9.54472	11.84798	9.644369999999999	9.576270000000001	12.97688	12.45011	15.30657	9.89969	9.37283	11.738859999999999	8.26961	11.304509999999999	13.04584	10.52795	9.82556	3.64922	0.0	0.0	0.0
Node 105		9.48049	8.169220000000001	14.057020000000001	12.413540000000001	10.83301	14.83949	9.644369999999999	8.32425	14.37115	9.46173	10.90267	9.61181	10.17917	3.48657	7.0888800000000005	14.51964	10.793859999999999	5.43788	9.24246	3.64922	0.0	0.0	0.0
Node 74		10.6853	10.76399	10.36533	14.081679999999999	11.766649999999998	12.58923	10.01515	8.32425	11.33404	10.12549	15.296779999999998	9.80933	7.53868	10.11929	9.01874	12.26056	10.29813	9.94223	10.61775	3.64922	0.0	0.0	0.0
Node 73		6.93767	7.27329	13.49121	14.100560000000002	10.36479	12.827050000000002	9.644369999999999	9.27071	10.923860000000001	9.41173	11.17546	10.98929	8.58388	10.76784	9.326189999999999	14.538960000000001	9.47322	10.40434	9.82918	3.64922	0.0	0.0	0.0
Node 71		7.5163400000000005	10.63172	15.959499999999998	10.63971	9.48321	9.82879	9.405959999999999	10.43294	13.4215	10.4535	15.411169999999998	9.57638	10.44017	11.51697	7.63528	13.85463	13.2163	8.41677	9.82556	3.64922	0.0	0.0	0.0
Node 170		7.69107	10.76399	11.9939	12.99542	8.7225	11.68598	8.08071	9.89334	11.027629999999998	11.043569999999999	12.091349999999998	10.27539	9.86425	9.59043	8.70558	9.83736	9.61087	11.81738	6.46902	3.64922	0.0	0.0	0.0
Node 190		6.0066	10.95951	11.31316	13.09529	10.885069999999999	13.98037	9.30029	9.180919999999999	11.43566	8.38459	12.914919999999999	10.53055	7.53868	10.01236	10.33822	12.758	10.21417	9.0603	9.25473	3.64922	0.0	0.0	0.0
Node 183		4.34247	10.60487	12.85233	14.17832	10.900020000000001	10.129430000000001	9.644369999999999	10.12738	11.0621	11.06663	10.58668	11.03807	8.58388	11.51697	6.958939999999999	10.66617	11.1265	10.52795	7.7734	3.64922	0.0	0.0	0.0
Node 10		8.91978	14.18334	15.95356	11.56297	10.09669	15.68284	9.644369999999999	9.79951	9.94009	10.12549	12.44831	10.49512	7.53868	9.36381	10.634920000000001	11.140880000000001	12.39139	10.46164	9.82556	3.64922	0.0	0.0	0.0
Node 24		8.70363	8.94954	11.82238	13.00848	8.7011	14.119390000000001	10.01515	8.32425	11.43566	7.222829999999999	10.168389999999999	12.40306	7.887	12.04878	8.819090000000001	15.35173	9.77626	9.77713	9.78781	3.64922	0.0	0.0	0.0
Node 70		6.61347	12.474499999999999	13.22944	14.78231	8.92378	10.129430000000001	10.969619999999999	5.42943	11.33404	6.34523	10.02173	10.27539	7.43504	10.12959	9.040090000000001	12.758	11.62223	9.14904	9.78781	3.64922	0.0	0.0	0.0
Node 53		9.245190000000001	10.76399	13.57882	14.97269	10.18637	13.170160000000001	9.07342	9.98313	15.81384	6.119079999999999	13.097159999999999	10.48732	6.559130000000001	10.11929	9.01874	13.62809	10.30159	11.20195	9.82918	3.64922	0.0	0.0	0.0
Node 178		8.42151	7.95259	13.49121	14.100560000000002	10.75984	12.36559	8.08071	10.79636	13.096469999999998	9.595049999999999	10.670580000000001	6.00628	10.76482	12.27525	10.43107	14.630969999999998	12.53456	8.50967	9.25473	3.64922	0.0	0.0	0.0
Node 18		8.231430000000001	12.287049999999999	16.16659	13.26773	9.47575	8.46439	8.778139999999999	8.98338	10.92371	10.12549	14.81391	7.38254	7.08799	11.29965	8.70558	10.54968	8.171299999999999	9.74986	7.691050000000001	3.64922	0.0	0.0	0.0
Node 148		4.33232	13.20102	14.35172	13.90073	10.20956	12.56808	10.73099	8.22678	11.43566	10.12549	14.56101	7.5081999999999995	8.10077	7.21026	7.604360000000001	12.07367	10.88996	9.14904	9.78781	3.64922	0.0	0.0	0.0
Node 141		5.24629	9.968399999999999	13.49121	12.4689	10.20956	14.83949	9.01052	13.03722	11.48131	10.12549	13.848769999999998	8.79259	8.10077	9.36381	9.01874	14.51964	9.51451	10.11114	10.57638	3.64922	0.0	0.0	0.0
Node 114		6.36224	11.43557	15.959499999999998	11.255189999999999	10.712679999999999	12.21215	8.6899	9.626850000000001	14.95154	9.595049999999999	12.98116	10.59378	7.887	10.76784	7.74256	9.81852	8.696629999999999	9.77713	9.24246	3.64922	0.0	0.0	0.0
Node 98		7.93208	7.9631300000000005	12.58696	12.31367	10.20956	11.781329999999999	9.70795	10.697669999999999	11.81243	10.12549	12.42448	10.00974	6.559130000000001	11.51697	4.99207	13.029720000000001	8.92054	8.99122	10.44461	3.64922	0.0	0.0	0.0
Node 152		6.71594	13.301309999999999	11.82238	10.85034	9.54472	13.12132	10.34522	10.79636	10.803749999999999	11.043569999999999	12.31019	8.844190000000001	7.22566	10.76784	10.634920000000001	13.029720000000001	10.30159	7.83105	10.61775	3.64922	0.0	0.0	0.0
Node 89		7.60478	9.85471	14.55652	12.07568	10.76153	11.54696	8.6899	9.180919999999999	12.45622	6.95478	13.871780000000001	9.57638	7.769769999999999	11.738859999999999	8.74007	11.529399999999999	11.60089	6.08556	9.868300000000001	3.64922	0.0	0.0	0.0
Node 84		7.801410000000001	7.27329	12.718309999999999	12.213709999999999	9.921850000000001	11.55698	9.30029	9.180919999999999	10.52366	11.06663	14.20372	9.831470000000001	8.13976	13.083919999999999	8.067390000000001	13.597249999999999	9.50626	11.93422	9.25473	3.64922	0.0	0.0	0.0
Node 121		11.58752	12.51921	13.49121	14.000599999999999	8.591899999999999	13.170160000000001	9.30029	8.218440000000001	11.74479	9.40549	12.949869999999999	10.98929	8.93093	11.74489	7.771780000000001	9.05858	13.937759999999999	7.026820000000001	8.89833	3.64922	0.0	0.0	0.0
Node 125		10.6853	12.1645	14.545930000000002	10.80561	8.92378	12.49619	7.36829	9.98313	13.882449999999999	10.12549	12.44831	7.47277	8.58388	14.01205	10.38654	11.98884	12.39139	8.99122	9.78781	3.64922	0.0	0.0	0.0
Node 44		10.990229999999999	8.94954	13.56607	14.78231	10.20956	9.99048	10.01515	9.86143	11.45415	10.12549	13.34721	6.4758	7.887	10.76784	9.78922	11.9237	9.77626	11.14338	9.82918	3.64922	0.0	0.0	0.0
Node 107		6.92294	8.046190000000001	12.03757	11.34948	8.77344	11.73011	9.644369999999999	8.91497	12.05387	11.043569999999999	13.912160000000002	12.40306	7.887	10.01236	10.38654	11.98884	10.86862	8.563320000000001	8.31161	3.64922	0.0	0.0	0.0
Node 87		6.61347	13.26937	12.718309999999999	13.07641	10.20956	10.129430000000001	8.6899	10.53041	13.44746	10.98394	13.871780000000001	10.43709	7.08799	9.36381	6.7454	11.12204	10.29813	9.08865	9.24246	3.64922	0.0	0.0	0.0
Node 34		8.53585	8.95038	16.79789	14.78231	9.510860000000001	13.404530000000001	10.01515	7.9608300000000005	13.45597	9.65901	11.50859	13.26223	8.65457	11.6267	7.70807	11.53739	10.28408	8.76282	9.24246	3.64922	0.0	0.0	0.0
Node 3		8.53585	12.528410000000001	13.68542	11.32146	8.81837	10.129430000000001	9.01052	9.70565	13.98626	10.12549	14.165059999999999	9.89969	10.23465	12.28275	4.50725	8.72864	10.409640000000001	9.19141	9.78781	3.64922	0.0	0.0	0.0
Node 26		5.25644	15.947759999999999	15.959499999999998	13.06251	8.22508	15.547839999999999	9.644369999999999	7.54946	12.3256	9.595049999999999	15.33563	11.018120000000001	7.43504	12.50464	11.38405	8.10945	9.45647	7.62206	9.78781	3.64922	0.0	0.0	0.0
Node 35		6.6169199999999995	7.27329	15.1058	11.41365	6.3952599999999995	14.83949	8.6899	11.4232	11.52343	9.595049999999999	12.13202	7.38254	9.84432	12.28275	8.26961	10.50731	8.88941	9.78302	10.57638	3.64922	0.0	0.0	0.0
Node 30		6.71594	11.53689	14.458319999999999	8.568159999999999	9.274469999999999	11.84798	10.3418	10.25061	11.56643	10.12549	11.5264	10.87131	7.887	10.76784	8.26961	11.16887	12.37005	9.818109999999999	8.668009999999999	3.64922	0.0	0.0	0.0
Node 4		6.911770000000001	12.3753	12.718309999999999	9.96876	10.54279	13.12132	8.93195	5.7777	9.11217	9.595049999999999	13.99606	10.98929	7.458380000000001	10.01236	9.139890000000001	16.0139	9.53243	9.09539	8.047450000000001	3.64922	0.0	0.0	0.0
Node 37		4.33232	11.518839999999999	14.338970000000002	10.25364	10.20956	10.129430000000001	10.969619999999999	9.036669999999999	15.901190000000001	10.12549	13.8831	8.224770000000001	7.887	11.09031	9.637410000000001	13.704659999999999	11.033859999999999	9.14904	9.82918	3.64922	0.0	0.0	0.0
Node 94		8.152750000000001	11.53689	14.42506	13.90073	9.48321	14.263799999999998	8.08071	10.585700000000001	12.45622	12.23751	12.34845	7.33465	8.53796	12.27525	6.958939999999999	11.39733	8.20075	9.58863	10.799150000000001	3.64922	0.0	0.0	0.0
Node 186		7.54454	13.13746	16.371389999999998	10.80561	10.09669	11.81402	10.969619999999999	9.25796	11.59239	10.12549	7.50324	11.018120000000001	9.3211	8.83495	8.96107	13.8433	10.36463	8.563320000000001	9.82918	3.64922	0.0	0.0	0.0
Node 187		4.34247	8.94954	13.65	7.0202100000000005	10.76153	10.129430000000001	7.07383	11.07587	13.45597	9.595049999999999	10.77769	9.7661	10.76482	9.084150000000001	7.410419999999999	11.3125	10.20341	6.9308	9.63461	3.64922	0.0	0.0	0.0
Node 199		10.6853	10.63172	11.11232	11.68719	9.48321	8.72861	5.23068	10.53041	13.9688	9.595049999999999	9.67666	10.87131	9.44505	10.868419999999999	8.96107	14.73254	9.53243	9.13072	8.43246	3.64922	0.0	0.0	0.0
Node 51		4.13162	11.53689	12.7668	14.817459999999999	9.54472	11.54696	10.10339	7.37011	9.04895	10.12549	10.61051	10.87131	7.995080000000001	11.51697	10.634920000000001	11.8532	7.89787	11.791939999999999	10.57638	3.64922	0.0	0.0	0.0
Node 134		9.32373	10.80113	13.637250000000002	9.41679	6.18743	13.120940000000001	9.644369999999999	8.32425	13.019149999999998	10.53619	14.41372	6.12213	8.86655	11.51697	8.45409	14.473820000000002	10.2647	9.04398	9.25473	3.64922	0.0	0.0	0.0
Node 131		8.52333	8.046190000000001	11.11232	14.78231	8.78451	9.280330000000001	10.73099	10.328710000000001	9.94009	9.595049999999999	12.993099999999998	11.57333	10.46268	14.994769999999999	6.958939999999999	9.81852	11.62223	11.14338	9.24246	3.64922	0.0	0.0	0.0
Node 28		6.0066	8.8683	11.9939	13.90073	10.20956	14.119390000000001	10.3418	8.32425	12.85589	9.40549	13.99606	10.59378	8.86655	13.246269999999999	9.69508	10.819420000000001	10.21417	9.794799999999999	11.150830000000001	3.64922	0.0	0.0	0.0
Node 139		9.9629	10.60487	15.95356	9.41679	10.20956	11.781329999999999	9.644369999999999	8.32425	13.98626	7.24019	12.44831	9.57638	8.86655	12.59772	6.12621	15.13883	8.70406	9.42799	10.57638	3.64922	0.0	0.0	0.0
Node 189		7.53326	11.60601	13.49121	15.50672	10.885069999999999	12.49619	9.72636	7.30407	13.44746	10.12549	12.75843	6.48364	9.37283	11.533619999999999	8.26961	9.17535	9.77626	9.77713	9.24246	3.64922	0.0	0.0	0.0
Node 175		7.5220899999999995	9.04108	10.31223	14.78231	7.80909	11.54696	8.778139999999999	10.55443	10.47038	10.12549	14.41372	10.50067	7.53868	7.023269999999999	7.04385	12.608030000000001	8.171299999999999	7.62206	9.24246	3.64922	0.0	0.0	0.0
Node 111		6.0066	12.6148	11.11232	7.596640000000001	10.236870000000001	9.99048	9.644369999999999	8.32425	15.3709	9.595049999999999	10.61051	10.05346	7.53868	7.41164	7.70807	9.80149	8.87207	10.72129	9.82918	3.64922	0.0	0.0	0.0
Node 14		7.69402	11.614040000000001	13.42362	9.672600000000001	9.48321	10.80069	9.644369999999999	11.4232	12.557670000000002	12.23751	11.51446	8.977780000000001	8.86655	10.11929	8.10188	10.54968	10.21417	8.563320000000001	7.055740000000001	3.64922	0.0	0.0	0.0
Node 179		4.95279	15.947759999999999	15.878700000000002	12.413540000000001	12.01076	11.781329999999999	10.3418	8.32425	9.47914	10.12549	11.5264	8.29199	7.887	10.6511	8.96107	14.575389999999999	9.0071	11.997430000000001	10.57638	3.64922	0.0	0.0	0.0
Node 50		8.44741	8.97509	15.00244	13.90073	11.37752	14.83949	9.644369999999999	9.036669999999999	13.00337	10.53619	11.51446	9.80982	9.77364	11.51697	6.08484	14.51964	12.46269	9.72349	9.82918	3.64922	0.0	0.0	0.0
Node 182		6.998060000000001	5.40133	12.24219	11.02472	10.96056	14.119390000000001	9.64404	8.32425	10.88974	10.12549	13.47597	10.48732	9.65456	10.11929	8.46355	10.53009	10.862670000000001	9.84621	10.031030000000001	3.64922	0.0	0.0	0.0
Node 81		7.84284	2.5693	17.49698	12.413540000000001	10.1575	13.355310000000001	10.969619999999999	9.180919999999999	9.47914	11.45091	13.88006	8.65187	8.03168	10.6511	7.70807	12.758	9.989230000000001	7.83105	9.04789	3.64922	0.0	0.0	0.0
Node 48		9.031830000000001	12.51921	14.35172	11.53196	9.47575	14.83949	8.778139999999999	6.948980000000001	14.95154	10.12549	11.4104	7.38254	9.86425	5.96208	7.604360000000001	12.148589999999999	10.21417	10.45489	9.82918	3.64922	0.0	0.0	0.0
Node 149		3.4897699999999996	8.845559999999999	12.718309999999999	14.081679999999999	10.49756	10.129430000000001	9.644369999999999	10.25061	11.00809	10.12549	5.42909	10.16913	8.06754	13.246269999999999	8.17745	10.54968	8.04716	8.563320000000001	7.055740000000001	3.64922	0.0	0.0	0.0
Node 151		7.5163400000000005	9.85471	14.55652	11.48736	7.970960000000001	14.83949	6.3624	9.576270000000001	8.940339999999999	10.51313	14.77068	10.98929	7.25601	12.28275	9.82774	12.27489	10.86862	9.02093	9.78781	3.64922	0.0	0.0	0.0
Node 90		10.05916	13.155539999999998	13.68542	13.90073	9.48321	7.67359	10.01515	9.855260000000001	9.47914	8.60328	13.34721	8.80876	7.887	11.51697	9.710199999999999	14.51964	5.5317	9.14904	11.76626	3.64922	0.0	0.0	0.0
Node 180		6.0066	7.12861	12.718309999999999	10.25364	10.76153	11.54696	9.644369999999999	10.58079	14.405619999999999	8.69173	11.4104	8.88791	9.44505	9.36381	10.79319	8.864279999999999	10.04025	8.4055	9.82918	3.64922	0.0	0.0	0.0
Node 60		6.0066	10.71182	13.660590000000001	13.09529	10.91238	12.45006	8.08071	9.86143	11.46445	10.990179999999999	15.41953	11.80714	9.65456	11.29965	9.16803	10.77457	12.39139	9.77713	9.24246	3.64922	0.0	0.0	0.0
Node 12		7.621110000000001	13.20102	12.718309999999999	13.07641	10.20956	13.224310000000001	10.01515	8.32425	9.1102	12.11464	10.92568	10.98929	9.53308	11.40023	9.95858	12.039	9.47322	9.66739	9.78781	3.64922	0.0	0.0	0.0
Node 47		6.69961	10.76399	12.50503	12.413540000000001	10.20956	15.02264	10.016129999999999	3.3873599999999997	10.47038	10.12549	13.99606	7.33465	7.887	9.36381	7.6325	6.08311	11.9587	9.72349	9.82918	3.64922	0.0	0.0	0.0
Node 100		10.96742	9.85882	12.84166	12.413540000000001	6.18555	9.03534	10.59851	9.89334	12.96638	10.53619	12.98116	12.2041	9.16085	9.36381	12.817419999999998	11.58422	10.30159	9.84621	9.78781	3.64922	0.0	0.0	0.0
Node 45		4.33232	10.60487	15.329419999999999	14.78231	10.20956	11.21408	9.644369999999999	9.02338	9.94045	13.5598	13.848769999999998	9.61181	9.56343	11.51697	9.78922	14.71837	8.70406	8.407969999999999	9.24246	3.64922	0.0	0.0	0.0
Node 66		6.0066	14.17669	11.95848	13.00848	9.48321	14.83949	9.644369999999999	7.31488	15.3709	10.53619	15.97612	8.844190000000001	8.86655	11.738859999999999	7.74256	12.29856	8.70406	10.52795	9.82918	3.64922	0.0	0.0	0.0
Node 158		5.541510000000001	10.76399	17.30384	13.09529	10.16071	14.83949	10.430200000000001	7.37011	8.4019	8.79195	13.639100000000001	10.16401	6.58952	12.48799	5.24974	13.899049999999999	10.2647	8.41677	9.78781	3.64922	0.0	0.0	0.0
Node 192		6.16161	14.192540000000001	13.68542	13.06251	9.48152	14.12463	10.01515	8.22678	12.91717	10.12549	12.05925	6.48364	8.95995	11.6267	9.77422	9.08253	12.39139	9.04398	10.977689999999999	3.64922	0.0	0.0	0.0
Node 20		6.911770000000001	11.53689	11.9939	11.02472	9.35141	14.12463	9.40574	9.98313	9.93194	9.32239	14.80362	8.29199	9.37283	12.48799	9.710199999999999	12.238240000000001	10.30159	7.83105	6.46902	3.64922	0.0	0.0	0.0
Node 22		4.63634	9.85471	16.726460000000003	12.724269999999999	10.885069999999999	14.119390000000001	9.345699999999999	7.54946	9.40165	10.12549	10.93762	9.2139	9.77364	11.62703	9.24717	8.10945	5.5056899999999995	9.14904	5.52347	3.64922	0.0	0.0	0.0
Node 62		12.82103	14.17307	12.742880000000001	13.06251	9.48321	8.53271	10.01515	9.58931	11.59292	10.12549	10.350280000000001	7.38254	8.58388	11.09784	9.637410000000001	15.467030000000001	8.84517	7.83105	8.44473	3.64922	0.0	0.0	0.0
Node 164		9.89793	11.53689	15.05763	12.10317	11.62637	14.12463	8.778139999999999	3.8961200000000002	14.95154	9.595049999999999	13.062209999999999	9.55149	10.23465	7.817749999999999	10.24468	11.98884	11.659120000000001	9.04398	9.24246	3.64922	0.0	0.0	0.0
Node 13		8.12666	13.910359999999999	15.111740000000001	12.36894	9.274469999999999	7.18525	10.3418	9.763959999999999	11.34219	9.595049999999999	14.165059999999999	9.61181	7.887	10.11929	6.958939999999999	10.54968	13.937759999999999	8.485850000000001	7.410279999999999	3.64922	0.0	0.0	0.0
Node 11		8.96686	7.141019999999999	13.56607	12.79257	10.36479	10.129430000000001	9.644369999999999	10.12738	13.98626	8.88129	13.07005	8.29199	6.559130000000001	9.36381	9.69508	10.77457	10.97987	8.563320000000001	9.82918	3.64922	0.0	0.0	0.0
Node 31		10.6853	7.95259	10.43158	13.10443	11.09114	9.82879	10.01515	11.4232	13.4215	10.9279	10.61051	9.7661	9.44505	11.533619999999999	7.74256	14.419830000000001	13.2163	7.62206	8.70425	3.64922	0.0	0.0	0.0
Node 160		5.25644	10.60487	15.31883	10.27949	10.69112	11.495800000000001	10.01515	9.763959999999999	14.421249999999999	6.81756	11.49145	10.16401	10.17917	10.868419999999999	8.819090000000001	9.76686	11.033859999999999	8.14739	9.85789	3.64922	0.0	0.0	0.0
Node 1		8.31954	14.17669	10.35539	11.495	10.151259999999999	12.511449999999998	10.01515	8.128720000000001	13.4215	9.595049999999999	9.67666	9.2139	10.47052	11.51697	8.26961	12.32457	10.97738	10.482130000000002	9.82556	3.64922	0.0	0.0	0.0
Node 40		9.00137	9.96998	11.9939	14.817459999999999	9.59929	12.40084	10.01515	8.99859	13.096469999999998	10.53619	10.592550000000001	10.60566	8.53796	10.6511	10.28055	13.71405	10.60117	9.84621	8.08882	3.64922	0.0	0.0	0.0
Node 99		5.25644	11.53689	14.533180000000002	12.32673	10.20956	10.129430000000001	10.01515	8.32425	9.94009	11.04138	9.2576	11.80714	8.74033	10.83196	6.958939999999999	9.08253	10.3619	8.58187	7.055740000000001	3.64922	0.0	0.0	0.0
Node 153		5.386500000000001	13.27152	12.682889999999999	10.25364	10.20956	10.85955	10.01515	9.180919999999999	12.05387	11.1735	11.51446	7.93008	7.887	13.31039	6.958939999999999	13.335440000000002	10.45205	9.89986	9.25473	3.64922	0.0	0.0	0.0
Node 166		8.231430000000001	13.26937	11.82238	13.95799	8.77344	9.39176	9.70795	9.84222	14.421249999999999	10.12549	13.66211	7.44098	8.15526	10.77814	10.707709999999999	7.336860000000001	10.14901	10.40434	9.78781	3.64922	0.0	0.0	0.0
Node 36		4.95279	8.28918	13.63055	12.58598	10.09669	11.70865	9.644369999999999	5.42943	10.82554	9.40549	12.091349999999998	10.12541	9.16085	9.36381	9.4892	12.83292	12.45674	5.98932	9.82918	3.64922	0.0	0.0	0.0
Node 165		8.41856	11.46494	14.06859	13.90073	8.11769	11.59116	8.6899	9.180919999999999	7.4648900000000005	10.12549	13.097159999999999	9.80933	8.86655	13.73247	7.604360000000001	10.62817	8.94789	7.83105	6.46902	3.64922	0.0	0.0	0.0
Node 16		7.3262599999999996	14.92685	16.02499	10.63971	7.80909	12.11791	10.01515	8.801929999999999	11.00798	5.06831	13.91501	10.87131	7.53868	9.36381	8.74007	10.66617	10.30159	8.31248	10.977689999999999	3.64922	0.0	0.0	0.0
Node 57		6.0066	12.51921	13.56607	11.58732	10.20956	9.97776	10.3418	8.03638	11.45415	10.12549	15.70252	10.25351	6.559130000000001	12.383239999999999	7.70807	9.83736	10.208219999999999	9.14904	9.24246	3.64922	0.0	0.0	0.0
Node 118		6.71594	11.53689	12.67014	11.53196	11.0403	10.82686	9.345699999999999	6.42311	10.27925	10.0033	10.61051	10.91709	7.3347999999999995	10.11929	8.74007	10.54968	1.70424	7.78712	9.82918	3.64922	0.0	0.0	0.0
Node 41		6.93767	12.1645	12.00215	14.82497	12.692510000000002	12.49619	10.73099	7.37011	10.79541	10.12549	14.81391	10.98929	6.559130000000001	10.868419999999999	9.01874	13.029720000000001	13.04584	8.47458	7.5143699999999995	3.64922	0.0	0.0	0.0
Node 33		6.93767	10.52774	8.70018	11.255189999999999	8.66966	9.39176	8.08071	9.89334	13.959769999999999	11.1735	11.85953	10.98929	9.35145	10.76784	9.710199999999999	10.50285	10.21417	8.563320000000001	9.82918	3.64922	0.0	0.0	0.0
Node 97		6.09584	7.141019999999999	15.765290000000002	11.53196	10.20956	9.280330000000001	11.68546	8.90729	9.47914	8.60328	11.6996	9.2139	10.47052	10.868419999999999	10.5447	10.57335	7.7959	7.62206	9.82556	3.64922	0.0	0.0	0.0
Node 167		4.95279	15.84082	13.311229999999998	12.99542	10.20956	10.84953	9.644369999999999	8.261880000000001	11.872480000000001	5.78028	12.909200000000002	10.27539	7.3347999999999995	7.29691	8.49169	11.9237	11.63183	6.84839	9.82918	3.64922	0.0	0.0	0.0
Node 79		8.42151	7.51802	15.959499999999998	12.33753	10.69112	11.55698	10.01515	9.86143	13.98626	9.40549	13.91501	5.09954	10.18163	12.04878	10.57284	13.73783	11.54441	6.574190000000001	9.85789	3.64922	0.0	0.0	0.0
Node 120		5.790229999999999	13.82863	12.59896	13.90073	8.81837	14.119390000000001	8.6899	7.9608300000000005	12.47308	9.595049999999999	12.4253	10.49512	9.90365	12.50464	10.18066	14.538960000000001	11.62223	8.11904	9.85789	3.64922	0.0	0.0	0.0
Node 77		7.11378	7.3013900000000005	13.16477	15.492130000000001	9.677439999999999	10.98855	8.77189	8.32425	9.94045	10.12549	13.912160000000002	11.25494	7.887	4.643280000000001	9.46106	12.07367	12.53456	11.14338	8.503910000000001	3.64922	0.0	0.0	0.0
Node 25		6.5551200000000005	8.37922	16.72408	11.53196	10.20956	12.45006	6.51619	9.036669999999999	9.93194	11.06663	12.17525	10.60566	7.3347999999999995	10.868419999999999	7.70807	12.970899999999999	11.97464	8.563320000000001	10.36226	3.64922	0.0	0.0	0.0
Node 174		8.42151	10.63172	11.09797	14.135710000000001	11.50106	13.5437	7.5080800000000005	10.57385	15.3709	9.54442	14.15477	9.57638	8.86655	10.77814	11.14319	11.529399999999999	11.115029999999999	10.474310000000001	8.92704	3.64922	0.0	0.0	0.0
Node 75		10.66948	12.51921	10.50276	15.741649999999998	10.236870000000001	9.99048	9.644369999999999	7.54946	12.8827	10.18173	11.49145	8.29199	8.42367	9.24101	9.710199999999999	11.98884	9.089	8.563320000000001	9.55226	3.64922	0.0	0.0	0.0
Node 101		7.35235	10.63172	13.637250000000002	10.27949	10.76153	12.50143	9.644369999999999	7.26213	11.05395	10.12549	13.836829999999999	7.1145	7.53868	11.51697	9.710199999999999	10.436209999999999	10.16704	9.19141	10.57638	3.64922	0.0	0.0	0.0
Node 122		5.56741	7.27329	12.7668	12.4689	9.45256	14.83949	10.01515	8.22678	8.4019	10.12549	13.99606	10.47291	8.9296	12.28275	9.69508	12.35338	9.77626	9.87592	9.03699	3.64922	0.0	0.0	0.0
Node 67		8.92444	14.03092	9.53565	15.50672	8.05695	12.40084	10.01515	9.70565	12.56618	9.595049999999999	12.696969999999999	10.43709	7.887	12.45153	7.74256	10.86739	9.0071	4.0489999999999995	8.31161	3.64922	0.0	0.0	0.0
Node 93		7.6731	11.514149999999999	16.7324	10.63971	8.05695	16.40294	7.36829	10.51656	14.95154	10.53619	10.93762	10.87131	10.21198	10.00679	9.710199999999999	7.336860000000001	11.28291	6.95361	10.61775	3.64922	0.0	0.0	0.0
Node 104		3.7223699999999997	9.85471	11.9939	10.63971	10.20956	12.315230000000001	9.30029	10.91684	11.43566	11.1735	15.984480000000001	8.29199	9.37283	10.218539999999999	10.14241	9.08253	10.30159	7.62206	10.61775	3.64922	0.0	0.0	0.0
Node 132		6.8970400000000005	8.79635	12.7668	9.41679	9.48321	15.74274	9.644369999999999	9.036669999999999	9.94009	10.12549	13.013259999999999	9.2139	7.887	9.36381	6.958939999999999	15.866150000000001	10.208219999999999	8.50967	8.31161	3.64922	0.0	0.0	0.0
Node 147		7.621110000000001	9.71032	12.03757	11.997919999999999	9.54472	12.11791	9.30029	8.99323	7.274	10.12549	10.61051	10.20773	9.37283	9.36381	8.399529999999999	12.039	10.86862	10.52021	8.668009999999999	3.64922	0.0	0.0	0.0
Node 124		6.71594	10.63172	14.209869999999999	13.06388	10.20956	10.129430000000001	8.93195	7.37011	9.04895	10.12549	13.097159999999999	11.80714	10.06971	10.01236	6.958939999999999	14.011779999999998	10.30159	6.82348	9.82918	3.64922	0.0	0.0	0.0
Node 137		6.2887200000000005	9.850620000000001	13.49121	13.95476	7.950340000000001	9.280330000000001	10.01515	9.036669999999999	10.92371	6.0871	11.51446	10.25351	8.58388	11.738859999999999	9.68206	12.26056	11.033859999999999	9.78302	9.51376	3.64922	0.0	0.0	0.0
Node 128		7.84284	10.64096	11.960949999999999	11.70647	9.54472	10.84953	8.08071	9.036669999999999	12.3256	9.40549	14.62586	9.7661	5.69402	12.48799	9.040090000000001	10.50731	10.30159	9.776250000000001	9.55226	3.64922	0.0	0.0	0.0
Node 39		9.91562	10.63172	15.1058	9.91336	11.09114	9.39176	9.32845	9.763959999999999	12.8827	8.4802	13.91501	9.80933	9.232429999999999	11.6267	8.10188	6.717670000000001	10.80941	8.39845	9.82556	3.64922	0.0	0.0	0.0
Node 91		9.352580000000001	7.51802	16.7324	13.90073	9.48321	15.02264	7.97504	9.763959999999999	10.19745	10.12549	14.56101	9.7661	8.95995	10.11929	8.96107	10.54968	9.61433	7.34316	9.23733	3.64922	0.0	0.0	0.0
Node 193		7.8139899999999995	8.046190000000001	17.30978	11.02472	9.510860000000001	15.74274	9.30029	11.07587	9.64879	3.8388600000000004	12.993099999999998	10.87131	7.53868	11.63796	9.040090000000001	10.14308	10.473939999999999	8.309479999999999	10.44461	3.64922	0.0	0.0	0.0
Node 2		8.25733	12.281640000000001	11.65419	10.25364	4.6874199999999995	13.170160000000001	9.644369999999999	9.576270000000001	9.2795	11.533999999999999	10.61051	12.15419	9.13481	9.36381	8.54924	9.83736	9.77626	8.361749999999999	4.95494	3.64922	0.0	0.0	0.0
Node 69		8.2151	13.10375	16.72408	13.00848	9.48321	9.39176	10.01515	7.9608300000000005	9.523909999999999	8.34945	13.771920000000001	7.99823	11.158719999999999	11.533619999999999	11.38405	9.20855	13.2163	9.77713	9.82918	3.64922	0.0	0.0	0.0
Node 23		7.0771500000000005	8.97509	11.82238	6.41423	10.20956	14.14206	9.644369999999999	7.26213	11.00933	10.12549	11.17546	8.224770000000001	7.887	10.01236	9.16803	6.65068	10.29813	10.6745	6.713470000000001	3.64922	0.0	0.0	0.0
Node 159		9.880360000000001	10.61822	9.47308	13.09529	10.20956	12.40084	10.969619999999999	5.7777	7.580159999999999	10.45974	12.4253	9.83154	8.58388	10.082099999999999	11.38405	14.51964	10.9379	8.35046	9.25473	3.64922	0.0	0.0	0.0
Node 106		7.82731	8.0954	12.682889999999999	10.69507	8.90059	10.7757	8.45149	10.25829	13.45597	10.37829	12.091349999999998	6.4758	10.41645	9.59043	10.33822	9.02369	9.77626	9.77713	9.82918	3.64922	0.0	0.0	0.0
Node 176		6.0066	11.53689	7.08532	13.09529	11.64311	10.84953	10.01515	8.90729	12.28359	11.29637	14.48568	11.25494	8.93093	11.58109	9.710199999999999	15.13883	9.0071	7.149310000000001	5.9968	3.64922	0.0	0.0	0.0
Node 197		10.68076	9.71032	12.718309999999999	12.213709999999999	9.34476	14.12463	9.644369999999999	8.91497	9.11035	12.06444	15.41953	10.16401	8.95995	10.76149	8.96107	9.87334	11.659120000000001	11.14338	9.01918	3.64922	0.0	0.0	0.0
Node 115		7.84284	14.28363	14.215810000000001	11.48736	6.18743	14.83949	10.01515	10.189960000000001	11.61685	6.34523	12.91102	9.46183	8.86655	11.738859999999999	10.54481	16.12089	11.07391	9.101280000000001	9.82918	3.64922	0.0	0.0	0.0
Node 85		11.91881	11.614040000000001	13.28412	10.69511	10.20956	14.119390000000001	6.43758	9.04978	11.52343	9.595049999999999	14.77068	8.25656	9.56343	10.868419999999999	6.84888	12.039	13.04584	7.62206	9.82918	3.64922	0.0	0.0	0.0
Node 150		7.69107	10.63172	10.24939	10.25364	9.47575	12.40608	8.37398	6.17263	14.37115	10.53619	14.81391	7.86286	7.30176	8.59246	11.892320000000002	9.89701	10.30159	8.19651	10.799150000000001	3.64922	0.0	0.0	0.0
Node 27		9.84271	10.60487	13.49121	13.90073	9.255049999999999	12.50143	10.01515	10.51656	9.40165	10.12549	13.34721	9.61181	7.887	14.01205	7.70807	16.07904	10.208219999999999	9.14904	10.36226	3.64922	0.0	0.0	0.0
Node 63		8.41856	10.76399	12.718309999999999	10.63971	9.48321	10.129430000000001	10.10339	9.04978	12.5582	10.51313	10.592550000000001	10.48732	8.53796	10.868419999999999	9.46106	9.83736	10.60117	9.14904	7.39938	3.64922	0.0	0.0	0.0
Node 95		13.43135	8.89203	13.637250000000002	13.90073	9.510860000000001	10.129430000000001	9.644369999999999	9.576270000000001	11.001180000000002	10.12549	13.080169999999999	11.80714	8.58388	12.59772	8.96107	12.91775	11.62223	7.62206	9.82918	3.64922	0.0	0.0	0.0
Node 68		5.386500000000001	9.94188	12.624740000000001	13.96462	10.16071	12.31104	10.01515	8.76998	11.91778	10.3046	13.99606	10.22651	9.255099999999999	12.27525	6.12621	11.529399999999999	8.94789	9.934949999999999	9.85789	3.64922	0.0	0.0	0.0
Node 15		8.42151	9.85471	12.78949	12.213709999999999	9.54472	13.260269999999998	8.08071	7.37011	13.019149999999998	7.24019	12.44831	11.25494	9.60208	9.316320000000001	6.84888	9.08505	9.77626	8.76282	9.85789	3.64922	0.0	0.0	0.0
Node 103		9.66649	7.87877	16.16659	13.88614	10.20956	13.8355	7.07383	9.86143	13.9688	7.88952	11.51446	11.80714	7.49729	10.01236	9.24717	13.8433	7.7959	7.62206	9.78781	3.64922	0.0	0.0	0.0
Node 88		10.05916	6.551229999999999	14.35172	13.90073	10.20956	8.008510000000001	10.3418	9.763959999999999	14.8321	10.12549	15.97612	10.53055	8.58388	12.59772	9.08427	12.332559999999999	10.97738	10.46164	6.571249999999999	3.64922	0.0	0.0	0.0
Node 123		6.05684	7.970629999999999	13.56607	15.741649999999998	10.885069999999999	15.49969	10.01515	7.9608300000000005	14.93591	10.12549	14.77068	11.25494	8.58388	10.868419999999999	3.26277	15.39471	10.94049	8.41677	9.82918	3.64922	0.0	0.0	0.0
Node 65		9.48049	12.51921	13.57882	13.19525	7.39759	15.68284	9.30029	9.25796	15.901190000000001	9.595049999999999	12.17525	9.57638	9.5151	10.6511	9.01874	11.2669	10.30159	9.08865	10.61775	3.64922	0.0	0.0	0.0
Node 184		6.93767	13.26937	11.960949999999999	11.53196	10.09669	11.804	8.6899	9.036669999999999	14.49909	11.1735	10.61051	12.2041	8.58388	10.868419999999999	7.70807	11.23401	10.9379	8.58187	9.82918	3.64922	0.0	0.0	0.0
Node 19		7.02691	11.53689	10.43158	12.4689	10.83301	13.27553	9.644369999999999	7.37011	9.40165	10.12549	13.097159999999999	10.48732	7.784870000000001	10.01236	10.38654	10.6425	10.862670000000001	9.16759	6.571249999999999	3.64922	0.0	0.0	0.0
Node 6		5.25644	10.63172	8.70018	15.311179999999998	7.1423700000000006	13.98037	10.01515	8.99323	12.48871	9.40549	13.871780000000001	11.855920000000001	7.9840800000000005	9.49956	11.24918	12.07367	9.47322	10.85068	9.82918	3.64922	0.0	0.0	0.0
Node 154		7.6731	7.39325	15.111740000000001	11.34948	11.39443	10.00043	11.68546	7.37011	7.639060000000001	9.595049999999999	12.44831	9.7661	9.56343	11.51697	7.0888800000000005	12.29856	10.29813	9.16759	7.410279999999999	3.64922	0.0	0.0	0.0
Node 42		12.82103	5.40133	11.495940000000001	14.78231	7.25086	13.265509999999999	9.40574	10.56768	12.325809999999999	11.043569999999999	10.592550000000001	11.25494	9.32523	13.73247	9.01874	10.43288	10.84957	7.83105	9.04789	3.64922	0.0	0.0	0.0
Node 7		7.4761	15.03379	10.21639	13.21898	7.25086	12.50143	8.07985	8.32425	8.940339999999999	9.40549	10.83958	9.61181	9.3211	10.11929	9.82371	15.806500000000002	9.61433	8.39845	8.12794	3.64922	0.0	0.0	0.0
Node 143		8.44741	8.8683	14.35172	12.3011	10.76153	9.39176	11.68546	10.57311	12.34352	7.85931	7.96509	8.88742	7.53868	12.59772	10.43107	15.194579999999998	10.2647	11.05967	9.23733	3.64922	0.0	0.0	0.0
Node 21		10.990229999999999	4.78639	16.7324	12.213709999999999	10.885069999999999	11.68598	10.969619999999999	9.75607	10.470889999999999	9.595049999999999	9.67666	11.80714	7.887	12.27067	7.74256	14.51964	8.84517	9.88154	8.6219	3.64922	0.0	0.0	0.0
Node 185		8.09906	11.46133	13.05547	13.95799	10.29838	10.82686	10.01515	8.90729	10.87851	10.12549	11.17546	6.6190999999999995	7.995080000000001	7.45064	8.94595	13.17829	10.29012	9.16759	10.61775	3.64922	0.0	0.0	0.0
Node 169		4.74773	9.0326	15.1058	12.99542	10.06283	12.518860000000002	8.778139999999999	8.32425	8.93234	10.12549	12.98116	11.018120000000001	7.887	10.11929	9.01874	13.029720000000001	11.62223	11.14338	9.24246	3.64922	0.0	0.0	0.0
Node 55		7.84284	12.287049999999999	13.56607	10.98012	10.20956	12.315230000000001	10.247290000000001	9.79454	12.16415	8.79195	13.55805	10.12541	7.887	11.51697	8.08676	11.60619	8.78596	9.16759	9.25473	3.64922	0.0	0.0	0.0
Node 110		10.19571	10.05434	11.09797	11.48736	11.50106	14.83949	10.36021	7.54946	12.48871	11.06663	12.44831	9.2139	9.37283	10.6511	8.399529999999999	12.905759999999999	10.30159	7.83105	9.82918	3.64922	0.0	0.0	0.0
Node 191		2.74605	14.92685	12.78949	11.53196	10.54279	10.129430000000001	9.74585	10.614030000000001	14.421249999999999	9.595049999999999	13.871780000000001	9.50599	10.82387	12.28275	9.710199999999999	13.750480000000001	11.178799999999999	9.98902	10.340829999999999	3.64922	0.0	0.0	0.0
Node 59		6.93767	6.3065	11.11232	14.96326	8.22508	14.068169999999999	10.3418	8.99323	10.75355	10.53619	15.41953	10.98929	9.20677	10.01236	9.637410000000001	11.98884	11.10839	10.52795	8.31161	3.64922	0.0	0.0	0.0
Node 157		9.352580000000001	7.27329	14.2628	12.413540000000001	10.20956	10.98855	9.644369999999999	9.62739	11.0621	12.11464	13.99606	9.61181	9.77364	11.51697	7.956449999999999	10.62817	10.983329999999999	8.4055	9.85789	3.64922	0.0	0.0	0.0
Node 198		9.352580000000001	7.9631300000000005	15.95356	11.53196	10.20956	13.30933	8.6899	8.98555	9.640640000000001	10.12549	10.61051	7.62175	8.86655	11.74916	7.70807	12.33499	8.184809999999999	8.563320000000001	9.85789	3.64922	0.0	0.0	0.0
Node 195		8.42151	13.235289999999999	10.598090000000001	12.38076	7.39759	13.120940000000001	10.01515	10.296370000000001	14.405619999999999	9.595049999999999	15.41953	8.04612	10.23465	14.994769999999999	6.09975	8.140310000000001	12.39139	7.3922799999999995	9.85789	3.64922	0.0	0.0	0.0
Node 32		11.61824	11.53689	13.57882	13.90073	10.7859	14.83949	8.6899	9.62739	15.03789	10.12549	11.51446	8.910559999999998	10.16155	8.59246	10.590589999999999	14.825360000000002	11.54441	9.82368	9.85789	3.64922	0.0	0.0	0.0
Node 112		5.386500000000001	8.046190000000001	10.43158	13.877	9.510860000000001	14.68477	7.12624	8.32425	10.92371	10.51313	12.344249999999999	7.433140000000001	10.63411	11.09031	7.410419999999999	11.304509999999999	10.05185	11.26022	9.85789	3.64922	0.0	0.0	0.0
Node 102		4.34247	11.66415	14.10876	11.89805	9.35141	14.83949	5.61294	10.7181	11.79552	5.00397	14.56101	8.85199	10.47052	10.11929	9.637410000000001	9.81369	10.208219999999999	8.41677	9.24246	3.64922	0.0	0.0	0.0
Node 126		6.07951	13.27152	12.78949	11.53196	8.81837	12.2622	8.74983	6.52368	11.42003	10.12549	10.592550000000001	10.43709	9.35145	11.81051	8.326740000000001	13.85463	12.617120000000002	8.35046	9.25473	3.64922	0.0	0.0	0.0
Node 58		6.93767	9.618459999999999	14.35172	12.99542	9.23534	13.170160000000001	7.73095	9.763959999999999	11.054120000000001	5.77445	12.44831	10.98929	8.72772	12.50464	9.637410000000001	12.970899999999999	10.30159	8.83499	10.36226	3.64922	0.0	0.0	0.0
Node 108		7.6181600000000005	7.0794	12.59896	14.71042	10.20956	13.12132	10.016129999999999	10.53041	11.05395	10.12549	9.80926	10.85703	9.32523	11.09031	6.32484	11.98884	12.39139	9.776250000000001	9.82918	3.64922	0.0	0.0	0.0
Node 82		10.990229999999999	11.39112	11.11232	11.830160000000001	10.462449999999999	14.83949	10.969619999999999	12.06142	11.00933	9.606449999999999	10.670580000000001	8.04612	10.46268	11.51697	8.96107	14.51964	9.53243	11.81738	9.82918	3.64922	0.0	0.0	0.0
Node 17		4.34247	8.02345	11.11232	13.95476	9.54472	14.119390000000001	9.30029	8.04445	7.02266	11.82681	10.93762	9.80933	10.18632	10.01236	8.46355	12.26056	10.208219999999999	9.136370000000001	4.84185	3.64922	0.0	0.0	0.0
Node 92		9.28761	7.12861	14.42506	14.58677	10.20956	12.45006	8.08071	8.316569999999999	14.19994	10.12549	11.50859	10.85703	9.37283	10.11929	9.637410000000001	12.162920000000002	12.31357	8.41677	9.78781	3.64922	0.0	0.0	0.0
Node 136		10.53572	7.27329	15.1058	12.32673	11.45879	14.82774	10.016129999999999	8.98539	11.16273	10.12549	6.034599999999999	11.25494	7.887	10.11929	7.70807	9.70172	10.30159	7.62206	7.055740000000001	3.64922	0.0	0.0	0.0
Node 146		6.0066	11.5586	12.682889999999999	13.96462	10.20956	10.84953	10.01515	8.316569999999999	11.054120000000001	9.595049999999999	13.848769999999998	7.38254	10.46268	11.40023	9.637410000000001	8.10945	11.637780000000001	8.309479999999999	9.24246	3.64922	0.0	0.0	0.0
Node 8		7.708819999999999	13.20102	13.57882	12.413540000000001	12.053030000000001	13.30933	10.969619999999999	9.89334	13.44746	10.12549	12.07436	11.85086	7.887	12.27525	8.70558	12.69286	10.41473	6.20685	10.44461	3.64922	0.0	0.0	0.0
Node 119		7.801410000000001	10.76399	13.34418	14.58677	6.18743	12.795889999999998	10.01515	9.65437	11.2145	7.222829999999999	13.88006	6.48364	9.37283	11.738859999999999	6.958939999999999	13.64891	10.30159	8.50967	10.57638	3.64922	0.0	0.0	0.0
Node 140		10.29457	13.20102	11.9939	13.00848	8.92378	13.8355	9.644369999999999	10.189960000000001	9.11035	10.12549	12.15826	10.87131	9.56343	10.11294	9.710199999999999	12.51146	11.659120000000001	10.509400000000001	9.24246	3.64922	0.0	0.0	0.0
Node 113		4.34247	14.92685	7.71293	10.80561	7.864350000000001	12.93225	10.01515	10.53041	7.71956	8.26635	14.81391	6.48364	8.58388	10.6511	9.139890000000001	12.85743	11.133790000000001	7.62206	10.61775	3.64922	0.0	0.0	0.0
Node 145		6.911770000000001	16.74237	14.209869999999999	13.96462	9.54472	14.83949	10.969619999999999	10.79636	12.85589	7.54635	10.58668	8.43011	9.255099999999999	13.73247	8.10188	7.43311	10.97738	6.81783	10.57638	3.64922	0.0	0.0	0.0
Node 168		8.70363	12.18573	15.765290000000002	13.90073	10.20956	13.260269999999998	7.03657	8.43695	14.41274	6.07182	15.190809999999999	7.38254	9.77364	12.39344	8.96107	12.894079999999999	11.54441	7.46424	11.150830000000001	3.64922	0.0	0.0	0.0
Node 177		11.50444	11.415849999999999	13.694029999999998	13.90073	10.87271	13.260269999999998	9.30029	10.79636	11.6009	10.12549	12.914919999999999	8.25656	9.255099999999999	10.01236	10.79319	12.28657	13.04584	9.16759	9.24246	3.64922	0.0	0.0	0.0
Node 46		9.352580000000001	6.69591	13.57882	10.25364	8.68337	14.54522	9.644369999999999	4.97698	9.905619999999999	10.53619	11.2414	9.61181	9.292530000000001	10.868419999999999	10.38654	12.758	10.30159	11.14338	9.78781	3.64922	0.0	0.0	0.0
Node 196		5.6499500000000005	8.046190000000001	14.35172	9.44974	10.09669	8.46439	10.01515	10.8398	14.19994	9.595049999999999	10.83958	9.61181	10.756979999999999	12.04878	6.794219999999999	14.388989999999998	10.9379	7.62206	10.16769	3.64922	0.0	0.0	0.0
Node 78		5.25644	11.518839999999999	12.17159	12.99542	10.20956	10.54365	9.30029	3.22916	13.9688	9.595049999999999	13.88006	10.27539	7.08799	10.98338	7.70807	8.72864	10.22577	9.10719	9.82918	3.64922	0.0	0.0	0.0
Node 188		7.3262599999999996	12.35359	13.57882	9.64151	10.09669	13.353309999999999	6.07886	8.316569999999999	8.33976	11.047600000000001	14.77068	8.29199	9.56343	10.868419999999999	8.49169	13.685339999999998	9.53243	7.149310000000001	9.25473	3.64922	0.0	0.0	0.0
Node 194		8.96686	12.51921	10.43158	14.78231	8.68337	12.45006	9.34209	9.036669999999999	14.8321	4.6707	13.66211	10.43709	8.79409	8.60362	7.70807	12.879750000000001	10.29813	9.776250000000001	9.82918	3.64922	0.0	0.0	0.0
Node 52		6.6169199999999995	9.85471	11.82606	9.91336	10.885069999999999	11.451989999999999	8.778139999999999	7.14512	11.6009	10.90873	14.20372	10.05346	10.16939	11.31058	7.956449999999999	11.35758	10.983329999999999	8.72184	9.63461	3.64922	0.0	0.0	0.0
Node 173		7.51914	13.26937	12.810469999999999	10.85034	10.20956	11.54696	9.644369999999999	9.86143	12.3256	11.98135	13.26616	10.59378	7.887	7.41164	8.96107	13.029720000000001	12.39139	9.14904	11.150830000000001	3.64922	0.0	0.0	0.0
Node 129		5.909940000000001	11.53689	14.497760000000001	11.48988	9.57203	13.21629	10.36021	8.91497	10.00958	9.40549	11.502569999999999	8.85199	9.48313	11.738859999999999	10.33822	10.50285	10.97738	10.52795	9.82918	3.64922	0.0	0.0	0.0
Node 0		6.98468	8.8683	8.70018	11.997919999999999	8.7011	12.54541	9.30029	10.58079	13.42948	10.12549	15.190809999999999	6.16544	10.44017	10.77814	8.82287	9.89701	11.70965	10.52795	9.82918	3.64922	0.0	0.0	0.0
Node 76		5.386500000000001	14.051469999999998	14.209869999999999	9.36139	10.20956	11.73011	8.6899	7.37011	14.95154	10.12549	7.89964	9.61181	7.60306	10.11929	4.49146	13.029720000000001	10.60117	7.83105	8.047450000000001	3.64922	0.0	0.0	0.0
Node 144		6.25747	8.127429999999999	11.945730000000001	10.25364	10.20956	10.82686	9.644369999999999	7.3245000000000005	11.05395	9.40549	11.502569999999999	7.886849999999999	8.7029	10.33956	8.70558	10.54968	10.97738	9.16759	9.82918	3.64922	0.0	0.0	0.0
Node 142		6.291670000000001	13.387699999999999	12.4497	11.502410000000001	10.91238	14.02457	9.30029	8.90729	9.94045	9.595049999999999	11.5264	7.33465	9.84432	10.868419999999999	9.637410000000001	9.87334	11.033859999999999	8.31248	11.150830000000001	3.64922	0.0	0.0	0.0
Node 86		6.807	11.5586	13.52913	10.63971	9.47575	10.129430000000001	10.969619999999999	9.036669999999999	14.730229999999999	9.595049999999999	13.88006	10.20773	8.86655	10.83196	8.399529999999999	13.07414	10.30159	7.34316	10.61775	3.64922	0.0	0.0	0.0
Node 54		5.25644	13.20102	13.57882	13.8197	11.42468	14.83949	9.40574	10.53041	14.95154	10.90873	12.1403	9.55149	9.20677	10.76784	9.710199999999999	12.69286	13.442029999999999	9.72349	10.44461	3.64922	0.0	0.0	0.0
Node 172		3.4894000000000003	13.910359999999999	15.959499999999998	11.53196	7.06546	11.60111	10.01515	9.65989	12.45622	10.53619	9.02683	11.80714	8.86655	12.27525	10.24468	14.51964	7.675419999999999	10.509400000000001	10.61775	3.64922	0.0	0.0	0.0
Node 181		9.32373	8.87241	12.7894	13.09529	11.04953	11.21408	10.01515	9.180919999999999	13.45597	9.41173	10.93762	7.26743	8.23556	9.36381	9.78922	13.07414	10.21417	9.14904	9.63461	3.64922	0.0	0.0	0.0
Node 135		9.439060000000001	6.38774	12.718309999999999	13.2019	9.910480000000002	12.40608	10.01515	12.08308	11.56643	10.12549	13.097159999999999	7.47277	9.20677	11.6267	6.817670000000001	11.34251	7.67888	9.78302	10.57638	3.64922	0.0	0.0	0.0
Node 163		8.9899	13.26937	12.78949	9.91336	10.20956	10.78326	9.30029	9.75607	14.421249999999999	12.06444	11.51446	10.20027	8.23556	11.6267	9.01874	8.10945	10.24221	8.309479999999999	10.45502	3.64922	0.0	0.0	0.0
Node 61		9.05428	10.52702	15.197959999999998	10.97999	10.36479	10.84953	9.30029	8.03909	11.872480000000001	10.12549	12.75843	11.57333	7.53868	10.868419999999999	13.67661	13.335440000000002	10.762049999999999	9.72262	9.78781	3.64922	0.0	0.0	0.0
Node 9		6.79783	10.76399	8.70018	10.80561	8.5908	13.265509999999999	9.644369999999999	9.576270000000001	8.4019	10.12549	14.593320000000002	9.50599	9.713049999999999	10.01236	7.70807	10.54968	9.77626	8.44385	11.150830000000001	3.64922	0.0	0.0	0.0
Node 109		8.382439999999999	9.85471	11.9939	12.213709999999999	10.20956	11.791350000000001	9.30029	7.9608300000000005	10.47038	10.51313	15.30657	10.12541	5.79335	12.27525	8.49169	14.51964	8.69259	7.83105	9.25473	3.64922	0.0	0.0	0.0
