Node 143		5.97358	5.82762	7.33822	5.52335	8.75936	5.70302	5.84097	7.1039699999999995	6.58875	7.12592	6.12904	7.881449999999999	7.15397	6.2763100000000005	6.7634	4.1784799999999995	8.043	8.14677	6.47175	2.64978	0.0	0.0	0.0
Node 22		3.1631	6.5390299999999995	6.8178600000000005	6.20685	7.52337	3.07429	5.661420000000001	6.26303	4.14476	8.502740000000001	8.01747	7.6891	5.67605	4.97453	5.45156	7.2237800000000005	9.139289999999999	8.22589	6.84853	0.0	0.0	0.0	0.0
Node 133		6.70232	7.140820000000001	3.4524199999999996	4.8168299999999995	6.387669999999999	3.8781499999999998	7.24151	6.3228599999999995	7.922269999999999	2.0372399999999997	5.77984	4.1175299999999995	5.88005	5.82315	7.50638	4.85197	5.74714	2.97518	6.01274	2.13165	0.0	0.0	0.0
Node 51		8.75469	6.900399999999999	6.28961	3.21669	4.0129	6.55667	4.8377	6.087759999999999	7.07817	5.19273	4.08212	8.9148	5.7624	8.108460000000001	3.08319	7.289	7.19683	6.547509999999999	7.276299999999999	0.0	0.0	0.0	0.0
Node 145		6.775780000000001	5.08284	6.07067	7.291640000000001	10.1547	7.918169999999999	7.9116800000000005	7.08428	4.08394	5.98998	4.021990000000001	8.30894	9.391539999999999	3.2388500000000002	3.2470100000000004	4.44276	8.205	3.43565	6.72289	2.2525	0.0	0.0	0.0
Node 116		8.35799	5.756950000000001	4.95205	6.98547	3.2692400000000004	7.40896	4.87599	5.020440000000001	8.01308	6.21003	5.53468	8.69633	4.330839999999999	7.9575000000000005	3.78979	5.36758	10.053429999999999	5.32093	9.11125	0.7885700000000001	0.0	0.0	0.0
Node 75		8.87656	8.215359999999999	11.01172	5.71182	8.44201	4.76769	6.047219999999999	3.93852	5.3431	1.51449	5.46642	6.97279	10.37448	4.52791	4.2499	4.70598	5.85435	4.75121	1.64851	2.52942	0.0	0.0	0.0
Node 68		5.49432	6.33413	6.69242	11.28193	6.629029999999999	4.92206	4.18259	2.27811	5.12124	5.39841	7.09852	4.93626	3.89296	4.88298	2.0846199999999997	10.56835	7.311380000000001	9.43146	6.66039	1.90837	0.0	0.0	0.0
Node 181		5.486400000000001	6.486649999999999	4.2519599999999995	2.37561	4.5022	7.4172199999999995	3.5675600000000003	5.17528	6.47909	5.86494	5.48462	8.21481	8.450090000000001	5.25083	5.92169	3.50175	6.716139999999999	7.022	3.52988	1.3967200000000002	0.0	0.0	0.0
Node 73		4.81784	6.12198	7.04726	7.25321	7.7253	3.87398	1.66232	5.51291	6.1921	4.02752	1.3662	6.99478	4.34147	5.95862	4.73202	4.71679	7.89388	3.10718	7.70666	2.52942	0.0	0.0	0.0
Node 71		5.4853	5.00593	4.7927	4.81577	9.23029	5.05322	4.095689999999999	6.8345	4.73855	5.14443	5.65154	7.84197	8.453280000000001	5.66438	5.51669	6.94848	8.09829	5.4164900000000005	5.6167	0.0	0.0	0.0	0.0
Node 98		5.91239	5.64114	8.95663	10.35985	4.8192699999999995	6.34078	7.00781	4.37388	10.74011	6.89626	5.76621	5.58735	4.4106	5.49012	4.30431	6.3633	7.067189999999999	5.57071	7.9574300000000004	0.8099999999999999	0.0	0.0	0.0
Node 97		3.6363	6.74174	2.96978	7.35284	5.30923	5.792549999999999	6.58578	3.93897	5.06838	3.7014	1.50324	6.82749	4.66925	7.6869499999999995	4.942880000000001	7.496410000000001	7.05552	4.14884	6.79434	1.71942	0.0	0.0	0.0
Node 109		6.09584	8.008460000000001	4.09606	0.96711	4.9782	6.29777	6.00013	5.33713	3.3844100000000004	4.267440000000001	5.64478	7.3649000000000004	8.50114	3.7286399999999995	3.23149	8.18787	7.19846	8.28951	6.80697	0.0	0.0	0.0	0.0
Node 101		7.057149999999999	8.831999999999999	4.107	4.49596	7.34856	6.607590000000001	3.58499	9.28106	5.76592	4.541110000000001	4.83994	10.23778	5.26229	3.90169	5.47661	7.14629	8.5273	8.41187	4.54807	1.3752900000000001	0.0	0.0	0.0
Node 38		7.34782	4.59133	3.44181	7.452699999999999	8.103480000000001	3.32909	5.91517	7.11329	10.36177	4.37606	8.92316	8.423110000000001	7.322439999999999	6.15184	7.182320000000001	4.4566300000000005	6.09241	7.587720000000001	9.24362	2.71837	0.0	0.0	0.0
Node 104		5.21553	4.66609	5.80223	5.635149999999999	9.38125	5.71015	6.339789999999999	2.29134	9.64789	2.54101	7.25933	9.57596	7.3603000000000005	4.13655	8.507869999999999	5.09745	6.51528	5.5893	4.82199	1.5985699999999998	0.0	0.0	0.0
Node 23		9.20606	4.80809	6.11212	8.591949999999999	8.40592	5.58648	2.9703	6.2722299999999995	4.39767	6.25164	5.621659999999999	6.78288	4.74692	6.49272	7.73584	3.70508	11.71726	3.7404100000000002	6.036090000000001	1.5985699999999998	0.0	0.0	0.0
Node 9		6.2666	4.86527	3.4074599999999995	6.932589999999999	7.66597	3.9751000000000003	1.9393	6.629060000000001	8.38465	6.3631400000000005	9.312579999999999	5.6910799999999995	10.92534	5.30788	7.27307	5.71205	8.25442	6.75558	4.98979	0.58672	0.0	0.0	0.0
Node 112		5.45955	5.823239999999999	5.47016	9.4899	8.04936	6.15286	2.83493	7.6443200000000004	9.43633	3.295	6.48053	6.16598	6.675549999999999	7.32111	8.298	3.8695399999999998	3.03451	5.04659	5.78551	1.71942	0.0	0.0	0.0
Node 174		6.66688	4.5758600000000005	5.017930000000001	9.921059999999999	4.64061	6.39511	4.58552	5.3035	5.1408700000000005	3.00359	5.8526	4.87003	5.18439	2.4116999999999997	4.40262	6.1256699999999995	2.85297	2.8088599999999997	4.47114	0.0	0.0	0.0	0.0
Node 93		5.36022	6.2025	6.751409999999999	4.97613	6.29618	8.181180000000001	1.99215	5.05462	3.48135	3.9870099999999997	8.34244	7.486619999999999	9.14739	6.568709999999999	5.53216	8.55829	8.54248	5.98988	4.55208	2.52942	0.0	0.0	0.0
Node 123		4.46845	9.155629999999999	3.7892200000000003	8.3545	6.63931	5.5296199999999995	3.27246	3.92443	5.609030000000001	3.1642200000000003	7.43674	5.8170399999999995	7.6599	6.3671500000000005	4.79291	5.16797	7.24037	6.19141	5.86253	1.71893	0.0	0.0	0.0
Node 185		4.09496	8.3743	5.7953600000000005	9.65335	8.572059999999999	6.99945	6.65823	9.139429999999999	5.43626	6.356599999999999	9.32871	11.56489	4.58106	6.88131	3.90982	6.733359999999999	8.41075	7.37521	4.18495	0.8099999999999999	0.0	0.0	0.0
Node 57		4.655390000000001	7.25653	9.19032	9.10262	4.54157	2.63695	6.532019999999999	5.61708	7.01189	1.36805	6.0597199999999996	1.62962	8.646510000000001	5.38779	8.21584	5.08852	6.358759999999999	7.148079999999999	6.462950000000001	1.51757	0.0	0.0	0.0
Node 96		7.419969999999999	2.92138	8.309610000000001	6.90414	6.69741	6.413539999999999	4.240399999999999	3.25654	8.38389	2.4984200000000003	5.2520299999999995	8.09174	6.6456	6.07478	5.83004	7.5210799999999995	7.13042	4.69642	4.44854	1.5985699999999998	0.0	0.0	0.0
Node 37		6.2587	6.1749	2.53174	10.19984	4.50534	4.32678	4.08826	6.9248400000000006	6.066590000000001	6.9948999999999995	6.998200000000001	5.57266	7.5284	6.6896700000000004	1.20815	6.61262	9.72729	7.92209	6.58335	1.46344	0.0	0.0	0.0
Node 175		5.12076	6.561599999999999	7.32334	5.92411	7.0904	6.43374	2.83693	4.95455	5.7585	8.50791	8.53502	8.343119999999999	4.36566	5.18264	3.94684	3.94855	4.16565	6.18696	4.74195	2.86065	0.0	0.0	0.0
Node 47		3.35684	7.56814	3.98076	7.94462	9.39122	6.73026	8.72309	5.6172699999999995	7.951270000000001	6.304659999999999	3.06854	8.88513	6.4651	8.189829999999999	6.03658	7.45571	6.4307799999999995	8.17516	7.19895	0.0	0.0	0.0	0.0
Node 66		7.32911	6.684089999999999	5.385149999999999	6.63589	6.7932500000000005	7.92934	7.7817300000000005	5.22905	9.32883	5.67589	6.8423300000000005	6.00626	5.0248099999999996	6.536980000000001	8.20392	6.60943	8.74782	3.8745000000000003	8.50149	0.9308500000000001	0.0	0.0	0.0
Node 60		4.67626	5.61881	7.65833	5.33865	7.359100000000001	6.45681	6.09844	5.34865	5.73467	7.44164	5.20469	7.234920000000001	6.65405	4.24683	4.91043	7.5434399999999995	10.76291	3.95883	5.85592	0.58672	0.0	0.0	0.0
Node 88		7.89725	3.9875099999999994	5.336939999999999	8.51918	8.23493	4.83462	6.5379000000000005	3.32332	4.33051	7.054390000000001	7.726909999999999	7.7807699999999995	5.00246	5.56627	5.27895	4.34784	10.87702	3.4484399999999997	8.74048	0.7885700000000001	0.0	0.0	0.0
Node 113		7.51961	8.35743	8.05169	7.55792	10.84432	9.060070000000001	6.97885	3.9729300000000003	4.27578	5.807169999999999	3.5838799999999997	8.94463	8.93141	5.442629999999999	4.82442	8.581900000000001	8.45934	4.16208	7.64265	0.7885700000000001	0.0	0.0	0.0
Node 77		4.44764	8.34009	8.6531	6.15003	9.31983	8.276	6.37191	3.63096	5.27117	2.65022	5.4309	7.381	5.96418	4.40803	7.43537	6.295630000000001	7.248449999999999	4.10229	4.66399	1.74085	0.0	0.0	0.0
Node 43		3.49313	6.97489	6.39953	4.987509999999999	6.21217	8.36638	7.48256	3.5466100000000003	5.06586	4.23047	5.52595	7.5209600000000005	2.43142	7.23887	9.09027	4.0931299999999995	8.157119999999999	6.643930000000001	8.345189999999999	0.0	0.0	0.0	0.0
Node 59		4.71321	2.15644	7.369739999999999	4.62932	12.75001	5.71479	7.837829999999999	8.59067	7.40576	3.2085299999999997	7.46969	7.08005	9.59784	7.767110000000001	7.19728	9.28848	9.79687	6.778420000000001	8.18119	1.5985699999999998	0.0	0.0	0.0
Node 131		8.75855	4.19499	6.07488	9.50178	4.8413200000000005	6.20585	7.08897	5.8106100000000005	7.95453	4.88783	4.64428	7.546360000000001	3.65402	6.10509	5.26288	2.15142	10.29607	3.4548799999999997	6.287280000000001	0.58672	0.0	0.0	0.0
Node 144		4.3237	7.59928	8.29857	12.825439999999999	3.12199	4.78702	10.6573	4.12294	7.88431	6.287529999999999	5.303780000000001	9.183330000000002	7.0396	7.91418	9.67886	3.98958	5.5469	8.5327	5.56298	0.0	0.0	0.0	0.0
Node 187		5.59864	5.92669	6.13522	7.669	5.59828	3.18634	6.9759199999999995	2.52486	4.45781	5.2109700000000005	5.650399999999999	8.87738	9.281590000000001	2.40882	6.03083	6.331290000000001	6.83993	7.62186	8.05058	2.52942	0.0	0.0	0.0
Node 50		6.573370000000001	6.78368	5.11385	5.97499	5.87583	8.4131	6.14293	4.96412	6.89018	5.01741	4.51476	9.63099	5.407	6.35916	6.9143	9.70551	8.02206	6.4985	4.71803	1.3752900000000001	0.0	0.0	0.0
Node 80		5.27173	3.32473	5.15523	7.21435	3.74293	6.22741	7.071429999999999	7.96734	5.54688	4.31003	6.805210000000001	8.26293	4.46042	5.55697	1.8932	4.9826500000000005	9.59615	2.98064	4.19728	1.74085	0.0	0.0	0.0
Node 157		7.301810000000001	5.50548	9.14431	7.689010000000001	8.419319999999999	7.04404	6.25761	6.44648	7.73377	5.13074	2.69883	4.839770000000001	8.53168	3.0063400000000002	5.50948	7.153420000000001	11.30979	6.98474	4.62262	0.0	0.0	0.0	0.0
Node 53		5.23946	4.72588	5.45801	6.79702	5.5671	7.187010000000001	4.216290000000001	8.69789	3.6125	5.87612	4.73707	5.40922	8.410960000000001	6.35193	4.594609999999999	6.919839999999999	7.502630000000001	3.58053	7.76778	3.2365	0.0	0.0	0.0
Node 95		4.88678	4.28219	6.895239999999999	6.301229999999999	5.42767	3.10045	3.00159	6.05834	5.8965	5.55142	6.75307	6.58904	9.09536	5.87716	4.321280000000001	5.75284	6.286300000000001	6.001469999999999	7.540470000000001	3.64873	0.0	0.0	0.0
Node 169		4.46399	4.91935	4.99245	4.99842	6.653829999999999	7.860720000000001	7.983840000000001	4.13349	5.9103900000000005	4.880240000000001	8.90115	5.4071	6.85074	5.23887	5.99856	5.55031	11.17374	7.46565	6.68922	0.0	0.0	0.0	0.0
Node 103		4.42697	5.85732	5.3121	7.72207	8.99208	3.87439	4.85302	5.75072	5.2042600000000006	2.20262	7.397950000000001	7.0542300000000004	7.24947	4.99049	7.675260000000001	7.98702	9.09311	8.1903	7.73856	1.71942	0.0	0.0	0.0
Node 129		5.47971	7.179919999999999	7.670109999999999	1.58492	7.8190800000000005	7.01442	9.263770000000001	4.92183	4.984	5.69241	7.30185	9.11047	5.6998	6.06868	6.80867	8.2121	9.99007	2.9545	5.13935	0.58672	0.0	0.0	0.0
Node 122		7.318669999999999	6.11425	5.515090000000001	6.50194	9.54962	6.67602	8.11814	3.81682	8.80268	7.5723899999999995	5.01054	7.13347	8.57551	6.79952	4.08776	5.5157	3.3665000000000003	4.99893	7.21686	1.74085	0.0	0.0	0.0
Node 74		9.23688	8.90853	3.47425	7.823779999999999	5.72704	6.10114	2.2859399999999996	7.8491800000000005	3.2563500000000003	5.12462	3.0347	5.89453	5.17711	4.0978	3.1479600000000003	4.9006	7.12155	4.96507	2.60783	0.0	0.0	0.0	0.0
Node 140		9.968689999999999	3.9472	4.81991	9.21976	6.6735299999999995	7.6287199999999995	5.13289	10.0699	7.523910000000001	6.04882	6.31918	7.779800000000001	5.35755	3.6311000000000004	5.99706	6.38156	5.91528	6.4341800000000005	0.71766	1.74085	0.0	0.0	0.0
Node 171		7.01628	4.81474	6.6256200000000005	8.70462	3.4836600000000004	6.424009999999999	3.5719099999999995	3.58225	8.694989999999999	3.2221399999999996	8.44442	8.26969	7.328900000000001	7.69925	7.2351600000000005	6.15844	8.39128	6.86157	5.52285	0.9303600000000001	0.0	0.0	0.0
Node 176		4.73293	5.31682	3.20972	9.13628	5.9845299999999995	6.49272	6.7306799999999996	5.5069	5.49006	5.42663	6.90653	7.84821	5.9893	4.68254	7.63806	3.25434	7.676570000000001	5.52139	5.6291899999999995	0.0	0.0	0.0	0.0
Node 70		7.54953	4.21284	7.8153500000000005	8.02716	6.40291	2.6099	5.72239	8.16331	6.32244	4.21773	4.091270000000001	6.03716	5.81074	5.54883	6.46789	8.39828	3.50683	4.67189	4.3518300000000005	2.2525	0.0	0.0	0.0
Node 177		5.81321	6.784750000000001	7.728540000000001	7.51149	8.32145	3.11345	7.51608	6.96957	5.10546	8.85516	5.39126	5.68256	3.03767	5.23819	6.03649	5.54139	6.20881	7.672560000000001	5.67123	0.9308500000000001	0.0	0.0	0.0
Node 163		6.9066	4.21779	5.68903	6.65704	7.79169	7.93137	8.04453	6.07853	8.91769	6.9591899999999995	7.0448200000000005	7.55234	2.21334	4.44027	4.6102799999999995	7.70948	9.92397	5.49912	6.95524	2.52942	0.0	0.0	0.0
Node 193		7.845630000000001	3.1482900000000003	4.45657	4.417660000000001	8.35331	6.342499999999999	6.2698100000000005	4.787389999999999	6.60632	4.84332	5.57456	8.514140000000001	6.787120000000001	9.373289999999999	2.81785	8.23587	8.53242	5.45232	5.9726099999999995	1.32165	0.0	0.0	0.0
Node 25		7.55693	8.53197	2.31135	8.75171	5.6392299999999995	9.79258	5.81754	5.3125100000000005	8.487219999999999	4.4139	2.91245	5.09369	7.54853	4.38031	4.41505	2.55453	8.07948	9.21203	5.87828	0.7885700000000001	0.0	0.0	0.0
Node 102		2.58868	6.60623	9.48596	5.86862	7.733700000000001	6.080830000000001	7.33549	6.9399500000000005	6.263820000000001	3.9674300000000002	10.14156	8.31305	4.58352	7.451199999999999	11.0626	4.67819	7.8752	8.869209999999999	4.97271	2.30614	0.0	0.0	0.0
Node 10		3.9832899999999998	7.57381	7.99409	8.27861	5.02689	7.34607	6.81914	3.30777	8.05685	5.9572899999999995	6.75858	5.1053500000000005	5.287780000000001	3.68467	6.17355	9.77185	7.55379	6.84536	7.24293	0.58672	0.0	0.0	0.0
Node 20		4.53928	9.331240000000001	10.43829	3.4545100000000004	3.7428500000000002	4.68231	5.8568500000000006	4.5014400000000006	8.15179	3.3013	7.63299	7.560790000000001	4.33319	5.14863	7.07948	8.07577	8.18757	10.4393	10.35857	0.0	0.0	0.0	0.0
Node 126		4.54411	6.88048	7.31951	7.2296700000000005	6.46757	4.07904	4.8388100000000005	9.92747	3.9654000000000003	6.18365	11.69905	9.35876	8.48569	6.596979999999999	6.52832	5.56992	8.5012	5.69444	7.95771	0.58672	0.0	0.0	0.0
Node 194		6.79767	7.6461500000000004	4.09606	2.46529	9.3105	4.82306	6.31525	3.6000400000000004	6.638660000000001	5.91396	6.873120000000001	9.02671	5.18956	4.72333	3.8808700000000003	9.46372	6.0855	7.9487000000000005	6.4334299999999995	1.3967200000000002	0.0	0.0	0.0
Node 82		1.6376499999999998	6.4373	6.80673	7.052490000000001	7.8582600000000005	8.74518	6.2371	5.54119	4.77496	3.77163	4.27367	10.14162	5.13607	7.3565000000000005	5.8074	5.7027	8.92263	5.57071	8.48747	1.51708	0.0	0.0	0.0
Node 85		3.8198999999999996	7.38116	6.73544	7.67955	6.43755	3.85987	6.62494	6.72478	5.15998	4.0823	4.3537300000000005	10.26397	5.375859999999999	7.78568	5.5576	2.21283	5.79812	4.81568	7.48036	1.71942	0.0	0.0	0.0
Node 67		10.48833	4.72605	6.769609999999999	4.42153	5.45868	7.2353700000000005	7.32643	4.5465100000000005	3.4504300000000003	4.21108	5.26857	8.737960000000001	10.32691	6.04265	5.12566	8.16323	8.415140000000001	5.721480000000001	6.15713	1.32165	0.0	0.0	0.0
Node 86		7.881449999999999	6.79791	5.25644	6.36288	8.96349	9.440900000000001	4.51042	6.28696	7.063020000000001	1.8835000000000002	8.18596	4.9969600000000005	10.01088	6.05955	2.08047	3.7699999999999996	6.08348	5.06801	6.228199999999999	3.9928600000000003	0.0	0.0	0.0
Node 58		2.97782	6.890499999999999	9.17638	11.29692	3.9184900000000003	4.7544900000000005	5.36828	5.97812	4.81259	4.60074	5.99554	7.98833	5.44637	7.42664	6.755510000000001	7.16763	6.08128	5.0533	6.2614600000000005	3.06201	0.0	0.0	0.0
Node 115		3.9211500000000004	8.453660000000001	6.990830000000001	5.27817	5.78976	4.512300000000001	3.2018199999999997	2.74703	7.3689599999999995	5.54315	6.53444	6.15792	7.71144	3.63046	8.4442	4.677449999999999	7.85932	7.90806	6.26746	1.5985699999999998	0.0	0.0	0.0
Node 90		7.65514	2.5015300000000003	6.01903	7.95401	7.57693	8.77702	4.78377	2.67972	1.99649	7.1499999999999995	6.4822500000000005	6.220210000000001	6.371010000000001	4.23912	5.77625	6.34511	4.86455	9.42037	6.00787	1.3967200000000002	0.0	0.0	0.0
Node 127		5.12629	4.15475	4.23206	7.66769	5.838970000000001	3.99284	4.0912	5.3362	9.60709	3.71344	8.48499	7.24408	5.53872	5.0956	6.948459999999999	5.49008	5.51127	4.87539	5.40845	1.3752900000000001	0.0	0.0	0.0
Node 191		9.14136	8.38264	1.20499	8.84558	6.55017	8.66277	7.0674600000000005	5.11681	7.825559999999999	5.18393	10.38398	4.74043	5.88031	6.8375699999999995	7.54953	7.6102799999999995	6.05279	6.89968	7.127730000000001	0.7885700000000001	0.0	0.0	0.0
Node 27		5.2651	5.06617	6.635280000000001	4.5919300000000005	8.39632	5.35093	5.5642499999999995	7.65507	6.509650000000001	3.53927	6.19058	9.1096	7.12918	9.67146	8.34406	5.24146	3.58471	8.979800000000001	4.2061399999999995	0.0	0.0	0.0	0.0
Node 48		8.35819	4.08223	8.648	7.614369999999999	4.96784	4.030799999999999	6.85362	3.98335	7.101680000000001	2.9753000000000003	6.8434800000000005	12.06654	8.348759999999999	9.98043	8.34357	6.51097	9.88696	8.36298	6.246510000000001	0.58672	0.0	0.0	0.0
Node 36		5.97234	9.59214	2.40048	8.04415	8.51995	3.19847	3.5569200000000003	5.25682	6.69004	9.24848	4.5485999999999995	7.45135	8.561340000000001	5.63662	6.07592	7.307619999999999	9.79145	5.5323400000000005	5.87654	0.0	0.0	0.0	0.0
Node 15		6.465450000000001	6.26198	9.82924	8.78374	6.2589500000000005	6.81634	5.75246	3.22571	5.75682	6.617190000000001	7.1024199999999995	6.55184	7.988670000000001	5.7629	5.22492	3.9736800000000003	6.77849	8.21239	4.71803	2.52942	0.0	0.0	0.0
Node 24		7.64647	9.19127	3.11374	10.39096	5.22129	9.3082	7.13958	5.25632	7.730449999999999	3.04873	6.55085	6.63125	4.9691	2.96643	2.3793	3.26498	9.53551	4.46648	7.6609	0.7885700000000001	0.0	0.0	0.0
Node 197		7.39561	7.7975900000000005	4.27571	5.13613	6.22085	6.71427	4.47966	4.7059	6.97489	7.11588	6.846579999999999	8.58133	5.70823	5.56376	7.1466	7.36772	7.43056	4.94916	7.19123	2.52893	0.0	0.0	0.0
Node 105		5.24118	6.947209999999999	3.24969	4.10325	7.31983	7.69132	5.4301	7.7006000000000006	4.832050000000001	7.474749999999999	7.582609999999999	8.58461	4.75106	5.19934	4.91969	6.959319999999999	6.3941799999999995	3.78386	8.74022	0.0	0.0	0.0	0.0
Node 19		6.16385	4.93895	4.63716	9.353069999999999	11.06654	8.01668	6.991070000000001	5.951300000000001	8.26277	3.5821400000000003	9.25598	5.69659	5.26035	7.727	7.317220000000001	7.71705	6.406149999999999	2.897	6.371989999999999	0.0	0.0	0.0	0.0
Node 196		8.22058	6.07972	5.02091	8.87583	5.24835	5.17528	4.9172899999999995	6.79331	3.37899	4.80335	6.501110000000001	8.2982	8.10889	6.706810000000001	5.6043	4.75649	5.80741	5.0459700000000005	8.18749	0.8099999999999999	0.0	0.0	0.0
Node 39		2.14439	8.21786	2.36762	7.850160000000001	7.180979999999999	5.27544	2.03295	7.48275	7.541530000000001	3.82735	7.82043	6.08683	6.65023	4.70293	9.01229	8.076310000000001	9.48828	5.39432	6.98801	0.58672	0.0	0.0	0.0
Node 107		10.048	4.81992	2.38097	5.239520000000001	8.390690000000001	7.83296	3.39009	6.25786	4.81439	4.45895	6.84686	7.78002	5.02282	4.53285	4.7898499999999995	5.17443	8.69602	5.88166	4.47065	0.0	0.0	0.0	0.0
Node 7		7.44422	6.64959	8.829180000000001	7.38632	6.29087	4.87047	3.22825	5.63708	6.64034	6.95529	6.97039	6.8687700000000005	8.412609999999999	5.4792	7.973	5.3072099999999995	7.41318	4.44675	6.55593	0.58672	0.0	0.0	0.0
Node 5		5.8838	7.50633	7.592300000000001	7.39553	12.21209	4.9950399999999995	7.16156	3.81693	5.453270000000001	4.261299999999999	7.04443	1.72459	4.0427100000000005	7.64682	3.8659100000000004	6.91203	6.002330000000001	5.678190000000001	7.13738	1.51757	0.0	0.0	0.0
Node 168		7.714740000000001	6.39805	4.1607400000000005	4.4588	6.22278	7.03919	2.8187	5.10018	8.20341	5.91734	3.3232	5.0637	9.27264	6.226	5.16666	10.03318	11.43756	5.7599	8.40567	2.52942	0.0	0.0	0.0
Node 108		3.7386700000000004	6.396930000000001	9.45197	7.1900699999999995	7.20937	8.368929999999999	5.9830000000000005	0.85667	5.80867	4.88081	7.720630000000001	4.95912	5.48543	3.76999	6.6343499999999995	9.337810000000001	7.584440000000001	6.77209	5.61298	0.9303600000000001	0.0	0.0	0.0
Node 170		6.28887	6.94794	3.27792	5.598949999999999	8.06842	7.51111	4.78677	1.57561	8.79886	6.675490000000001	8.13307	5.71429	4.49099	4.23959	5.39843	8.6953	4.48376	4.42214	4.69472	0.7885700000000001	0.0	0.0	0.0
Node 31		7.29735	10.32219	9.7432	7.33715	11.71167	5.94815	4.89743	4.39211	5.07448	6.61562	6.23756	3.12133	6.989439999999999	4.36829	6.3645499999999995	6.78632	9.162149999999999	4.14193	5.7028799999999995	0.9308500000000001	0.0	0.0	0.0
Node 4		8.238470000000001	6.86273	5.86893	7.7237100000000005	6.726590000000001	2.99765	4.81135	6.00303	5.90703	4.458489999999999	4.8074699999999995	6.983630000000001	8.02547	7.22279	9.349590000000001	6.3675	8.230659999999999	6.27545	6.30925	1.51708	0.0	0.0	0.0
Node 21		4.8303899999999995	8.09615	6.18128	8.450059999999999	5.015	5.970070000000001	6.914280000000001	5.2157599999999995	9.09034	5.65083	5.1371199999999995	9.23443	7.0061100000000005	7.0210300000000005	4.49306	4.05815	6.42064	4.69888	5.56456	1.90837	0.0	0.0	0.0
Node 119		4.2703299999999995	7.78693	2.6816400000000002	8.60098	7.57518	4.89312	6.12244	8.67023	5.72504	5.02344	7.82235	6.84534	5.58328	8.40495	5.8004	7.699789999999999	6.314509999999999	3.54479	5.55298	0.58672	0.0	0.0	0.0
Node 190		4.1862	8.29618	3.5976	5.43388	7.92471	5.60744	6.726859999999999	4.94222	5.88467	4.65406	4.32749	10.46453	7.481319999999999	5.91099	7.4397400000000005	6.2801599999999995	9.27636	9.246179999999999	8.60131	2.30614	0.0	0.0	0.0
Node 1		3.09865	5.02896	5.30913	8.6382	7.82183	6.89207	3.1931000000000003	10.380889999999999	8.77974	7.7472	5.007289999999999	7.93726	8.43786	6.07351	3.35984	9.28356	3.43853	5.97316	6.46503	1.5985699999999998	0.0	0.0	0.0
Node 120		4.79059	7.83331	10.24185	3.70437	6.23046	4.61675	5.97991	6.76103	4.75157	4.49976	8.82213	3.33243	8.737689999999999	4.34157	5.65747	5.84323	5.6906	5.88828	5.7053	0.58672	0.0	0.0	0.0
Node 180		5.61728	9.148620000000001	5.41597	6.2234	4.56084	6.10579	4.41695	6.14008	1.98834	6.11019	4.66358	9.216439999999999	7.584440000000001	3.9466599999999996	5.2236400000000005	7.06378	4.14105	6.1132100000000005	10.09851	0.58672	0.0	0.0	0.0
Node 13		5.60216	6.98256	5.07404	9.88219	5.52526	2.7406099999999998	5.03485	4.574389999999999	8.17488	5.5643400000000005	8.02639	8.88124	6.13374	4.39887	4.701919999999999	4.5674600000000005	7.49403	6.850249999999999	8.20928	2.52942	0.0	0.0	0.0
Node 155		6.921620000000001	5.02571	5.2076400000000005	10.05013	13.775290000000002	6.20939	3.79737	5.07038	5.99534	3.40312	7.93159	7.16431	8.764520000000001	6.522029999999999	5.6691199999999995	6.96649	5.9793899999999995	5.70095	9.10723	1.5985699999999998	0.0	0.0	0.0
Node 172		3.1207100000000003	6.9908600000000005	6.82508	7.86475	7.05501	9.36238	6.873060000000001	5.312209999999999	7.45972	5.30991	10.65396	6.82965	8.51542	5.18156	4.46894	5.73573	5.17966	5.36127	6.720180000000001	0.8099999999999999	0.0	0.0	0.0
Node 111		5.84002	6.10557	9.3088	7.512589999999999	9.80514	5.7144	5.88384	2.0549399999999998	7.8649700000000005	4.07936	3.6338799999999996	5.62111	6.20419	10.406179999999999	8.192829999999999	3.19217	6.44358	7.414020000000001	7.4109300000000005	1.32165	0.0	0.0	0.0
Node 195		6.0138	8.144319999999999	3.20972	5.02054	6.29032	3.7648099999999998	4.84253	7.02255	5.43408	6.79843	7.55402	8.76227	7.16894	8.49179	8.58815	6.21821	5.87654	7.772320000000001	6.16928	0.9303600000000001	0.0	0.0	0.0
Node 199		1.2915400000000001	5.855230000000001	6.1327	5.18095	6.51373	7.10659	5.90149	2.16129	5.50104	8.61123	8.5442	7.594670000000001	5.28989	10.19256	7.9571000000000005	5.83779	6.50942	4.80097	7.631939999999999	0.8099999999999999	0.0	0.0	0.0
Node 159		7.01811	3.5031399999999997	8.20553	9.23587	7.077179999999999	3.99041	6.2223500000000005	5.29857	4.037129999999999	6.9919400000000005	5.63137	6.13236	6.871289999999999	4.51271	8.34346	6.79825	8.27995	6.89284	8.715340000000001	2.27344	0.0	0.0	0.0
Node 186		4.72997	4.7177299999999995	4.22291	7.78898	6.13504	2.88669	3.26154	6.69776	8.85492	3.6221000000000005	6.2729800000000004	4.040500000000001	7.906770000000001	4.186100000000001	5.7140200000000005	8.10075	4.9905100000000004	3.04912	2.85569	1.71942	0.0	0.0	0.0
Node 160		8.47861	6.8561	8.05364	6.06142	8.53776	6.12619	8.60867	6.10278	10.33887	4.44509	3.49309	7.12319	7.23705	5.42159	5.677490000000001	3.39478	11.21022	3.778	5.2471	3.25793	0.0	0.0	0.0
Node 32		5.2924	6.43871	8.36305	6.73921	8.06541	5.28713	6.03939	6.378889999999999	3.30316	6.24594	6.71552	8.43087	8.96886	3.2778500000000004	3.74163	9.352929999999999	6.40038	4.73896	5.27797	1.71942	0.0	0.0	0.0
Node 83		3.2520000000000002	4.32509	4.57892	7.88859	4.58331	2.58838	9.57994	5.6664	8.1498	3.6644500000000004	7.638730000000001	11.10794	7.591019999999999	2.45731	5.90327	8.35225	10.30317	5.71394	4.6513100000000005	3.7695800000000004	0.0	0.0	0.0
Node 11		4.937790000000001	5.520309999999999	7.731349999999999	4.43427	6.23776	5.61833	5.6734	6.52368	5.02817	5.76042	8.48982	10.60864	5.71514	5.35369	9.323030000000001	5.77437	2.56055	3.1825699999999997	6.67112	1.3967200000000002	0.0	0.0	0.0
Node 16		9.82088	7.069400000000001	7.6040399999999995	4.19299	4.00635	6.8728	7.20304	4.19318	3.8429900000000004	6.0321	5.66226	6.80747	10.42591	4.69975	4.3756	3.77136	11.47791	4.83709	4.91409	0.0	0.0	0.0	0.0
Node 40		6.2922199999999995	6.13367	12.7107	8.573939999999999	4.75737	6.66437	3.73846	6.93351	7.364	3.4595800000000003	6.7780499999999995	5.6348	3.08431	5.73585	6.20165	2.54353	6.9646799999999995	6.7194199999999995	3.72693	0.8099999999999999	0.0	0.0	0.0
Node 78		4.49148	8.544540000000001	4.90284	6.35604	7.22256	6.697119999999999	2.75433	3.2245700000000004	7.36068	8.08479	5.649570000000001	7.431010000000001	4.56327	5.193289999999999	2.62206	8.71795	7.82375	5.6042000000000005	5.9703	1.71942	0.0	0.0	0.0
Node 110		6.01635	5.7350900000000005	7.97281	5.76175	8.07996	1.66221	10.40501	3.13478	4.70038	5.6245	2.69416	8.44592	9.57995	4.6399	6.2947299999999995	7.64445	7.6388	7.9829	5.94278	0.8099999999999999	0.0	0.0	0.0
Node 2		3.96252	7.437290000000001	2.52357	5.792549999999999	7.70202	7.8585199999999995	5.2075700000000005	4.83924	7.9236699999999995	6.28146	6.86811	9.75183	6.10535	7.6372800000000005	9.82315	5.62575	8.44492	3.08587	9.68873	1.3752900000000001	0.0	0.0	0.0
Node 14		8.4236	7.48658	5.59281	7.335279999999999	6.82127	4.07054	5.63688	4.5265699999999995	3.3437	3.8779800000000004	6.78657	7.70237	8.482380000000001	7.730099999999999	6.2481599999999995	9.91259	6.11839	7.30748	6.41979	1.5985699999999998	0.0	0.0	0.0
Node 178		3.76683	6.3609100000000005	2.1721	7.76966	3.7529399999999997	5.63544	4.58707	2.9381	6.6950899999999995	4.57215	7.124429999999999	8.13816	6.9528099999999995	5.60432	8.91873	6.894749999999999	5.5273	7.61449	5.98003	1.7403600000000001	0.0	0.0	0.0
Node 165		4.5280000000000005	5.76474	9.53861	6.00652	5.555750000000001	6.554790000000001	3.7563199999999997	5.12036	10.16704	6.61562	7.45691	5.7576	8.8857	4.91897	4.53245	9.05128	7.75448	6.552560000000001	5.04176	0.0	0.0	0.0	0.0
Node 54		4.9635	6.12986	3.35315	8.36438	6.95649	7.84305	7.51139	6.639	8.590440000000001	4.50074	9.26544	6.668069999999999	4.59061	5.15627	6.4986299999999995	5.21518	8.51407	4.4195199999999994	5.39294	2.27393	0.0	0.0	0.0
Node 62		4.42156	4.52585	4.14049	8.28878	3.6606899999999998	8.9755	6.8866700000000005	6.935040000000001	8.45547	5.3382	3.7462000000000004	7.8332	5.55354	4.73367	10.108640000000001	3.3970599999999997	10.13513	5.32065	7.8888	0.0	0.0	0.0	0.0
Node 136		8.21452	6.64517	5.07311	3.67115	9.787759999999999	5.6576	4.68423	5.0117	4.21545	6.89028	5.41287	9.42606	5.75256	8.49794	5.53238	6.1569400000000005	5.26553	7.21993	5.34071	0.7885700000000001	0.0	0.0	0.0
Node 141		1.5698400000000001	2.899	10.97186	7.08259	8.57033	3.00697	6.73615	11.34878	6.66312	5.41816	11.57743	8.52217	7.06134	7.28169	6.9761299999999995	7.40825	9.6923	5.201639999999999	8.62985	2.2525	0.0	0.0	0.0
Node 33		4.6182300000000005	5.52328	2.7836	4.90329	11.73428	5.7450399999999995	5.16797	5.18034	4.0153	6.06044	6.26211	7.27905	7.824630000000001	6.7789600000000005	6.1448599999999995	5.7031600000000005	7.07757	4.55773	7.56816	1.71942	0.0	0.0	0.0
Node 72		3.61936	4.8270599999999995	5.17304	5.30281	6.21256	4.8007599999999995	6.536309999999999	6.31254	3.3840500000000002	3.8434700000000004	6.25806	8.7381	8.02501	3.6382200000000005	8.4923	6.678059999999999	8.002049999999999	5.18773	7.104870000000001	0.0	0.0	0.0	0.0
Node 18		6.56814	5.58373	6.68974	7.62821	6.48806	5.89672	5.9397899999999995	5.61787	6.9753099999999995	4.32079	7.4936799999999995	6.28172	3.9051299999999998	2.8727099999999997	5.745900000000001	1.3743	8.27512	4.38702	4.48566	0.0	0.0	0.0	0.0
Node 30		5.6094	7.70541	4.719609999999999	6.7069	9.13514	6.6598299999999995	6.77957	7.27615	4.37177	4.83028	8.26612	6.484439999999999	10.361270000000001	6.04394	2.83092	4.15316	8.73872	4.65973	3.6068000000000002	0.0	0.0	0.0	0.0
Node 44		2.3700200000000002	9.29117	5.05281	7.3467	6.95132	5.87463	3.3252099999999998	5.37162	7.691630000000001	3.3193599999999996	3.9589	7.346089999999999	9.16728	2.9639599999999997	1.61747	5.88283	7.3254	8.744209999999999	5.5293	3.11565	0.0	0.0	0.0
Node 183		8.62693	6.22971	7.5347100000000005	7.57003	7.478160000000001	5.07357	7.16856	3.4625299999999997	5.10313	6.01784	2.6682	7.92278	4.1733899999999995	4.7139	4.96209	6.862550000000001	5.78441	3.41635	3.1987500000000004	0.0	0.0	0.0	0.0
Node 164		3.6639600000000003	8.01183	5.81175	7.87547	5.52495	6.691229999999999	9.405579999999999	2.24084	5.88647	5.371250000000001	6.324630000000001	8.02506	7.29399	7.79408	8.33634	5.82034	8.564829999999999	5.02704	4.4489	1.5985699999999998	0.0	0.0	0.0
Node 29		4.25276	8.19093	7.98451	6.85244	9.97242	7.96988	5.30362	7.63264	7.75304	4.03446	6.20614	5.74479	7.07788	3.87621	6.59399	4.97862	4.01156	2.01631	4.0581	0.0	0.0	0.0	0.0
Node 81		7.43378	3.87754	3.19069	6.19536	7.467650000000001	3.53727	7.23624	5.1516399999999996	9.47741	8.958530000000001	5.72935	5.26898	3.4991800000000004	3.2775899999999996	6.576849999999999	8.96444	9.576360000000001	6.4949900000000005	3.67244	3.1161399999999997	0.0	0.0	0.0
Node 142		5.15564	4.05473	8.20189	7.73846	5.52565	7.7208499999999995	1.61567	7.124809999999999	11.55382	4.76765	9.052340000000001	3.34093	7.4268600000000005	5.87864	6.010689999999999	6.3032699999999995	9.50008	7.93939	4.18917	0.7885700000000001	0.0	0.0	0.0
Node 135		6.02216	6.743390000000001	7.721010000000001	8.79558	6.08972	3.4889799999999997	6.27682	5.6134900000000005	6.4296500000000005	7.194349999999999	8.13504	5.17846	5.38905	7.60748	8.06747	3.8481799999999997	9.44173	4.8146700000000004	4.392320000000001	0.0	0.0	0.0	0.0
Node 146		7.73856	7.72882	8.70991	3.8159199999999998	9.01855	3.86185	5.0982899999999995	6.24799	6.7758	2.06901	5.20688	7.96999	4.99297	4.0289	4.03471	6.706950000000001	11.46647	5.1561900000000005	6.9168400000000005	0.0	0.0	0.0	0.0
Node 124		2.2587200000000003	6.714150000000001	5.89893	9.093160000000001	7.2282399999999996	6.436400000000001	3.98417	9.006540000000001	4.6418	5.15545	8.05621	9.78898	7.58718	6.7051799999999995	4.4694400000000005	3.19068	10.344159999999999	4.58812	5.88797	1.74085	0.0	0.0	0.0
Node 35		7.07401	6.63862	5.44043	2.64135	5.5912299999999995	6.60989	3.62877	6.85843	3.2338199999999997	2.82684	7.95734	7.553419999999999	7.99633	8.70755	9.17135	7.5564800000000005	10.942309999999999	3.4140499999999996	5.95202	2.13165	0.0	0.0	0.0
Node 137		2.5002400000000002	4.8286999999999995	4.15371	9.76627	6.05183	5.73945	7.955660000000001	7.0593900000000005	7.80175	3.53927	4.6795	4.31101	7.808420000000001	7.10818	3.12021	6.11082	7.51184	4.621589999999999	7.780729999999999	2.52942	0.0	0.0	0.0
Node 147		7.030830000000001	6.6990099999999995	4.83062	5.50462	4.55229	7.71857	8.49362	8.179	5.27358	5.8833400000000005	8.40339	9.768979999999999	6.81571	7.84994	4.83159	4.440729999999999	6.307599999999999	7.448780000000001	4.513310000000001	0.0	0.0	0.0	0.0
Node 84		5.1026	6.25676	7.091500000000001	7.233169999999999	9.90471	5.79306	9.11331	3.3044900000000004	5.4974	3.04587	5.17676	6.9887500000000005	4.45409	3.5456799999999995	6.7478	6.76726	9.4944	4.79101	7.72765	0.0	0.0	0.0	0.0
Node 156		7.0097499999999995	3.6656099999999996	6.854620000000001	5.12272	8.56654	10.40418	6.75491	7.331980000000001	4.06736	4.16963	6.035200000000001	7.443510000000001	9.421	5.57379	8.91873	4.52989	8.18441	7.34217	9.5037	0.7885700000000001	0.0	0.0	0.0
Node 150		7.233960000000001	5.73778	4.13528	4.47001	6.89631	5.28019	4.488700000000001	6.29452	3.26836	4.326569999999999	11.50459	5.93228	5.25688	4.40641	7.98587	6.63965	8.87612	5.9951	6.2113000000000005	2.13165	0.0	0.0	0.0
Node 3		5.80335	2.98319	5.68686	8.73983	6.508849999999999	5.0218300000000005	8.09132	4.44723	5.271739999999999	6.64266	6.27509	9.385390000000001	6.190840000000001	4.71945	6.08521	12.06489	9.97233	5.52381	4.1449	0.0	0.0	0.0	0.0
Node 79		5.75649	6.9816400000000005	4.25797	8.90569	5.50405	4.79448	3.94594	6.41535	8.33026	5.33584	9.24662	9.97993	3.68063	5.84453	8.13934	3.8699	10.66656	6.721299999999999	7.9071299999999995	0.7885700000000001	0.0	0.0	0.0
Node 61		8.328090000000001	8.18392	7.5408	10.65015	6.18078	9.782250000000001	10.36019	5.31065	6.0731	6.409610000000001	6.49334	6.91197	6.67539	3.8920299999999997	4.71474	7.22492	10.41431	4.79005	8.0133	0.58672	0.0	0.0	0.0
Node 117		1.6606800000000002	5.63696	2.61608	8.19492	6.2871999999999995	7.13734	4.33258	3.53083	4.71966	5.3912	8.22433	6.63856	4.9244200000000005	5.15659	5.53561	4.76669	5.65407	5.80189	7.24437	0.0	0.0	0.0	0.0
Node 100		5.04399	5.59511	5.99714	5.83949	7.73035	5.8087100000000005	4.34381	5.49721	4.05209	6.1943	7.55169	7.107810000000001	8.201319999999999	5.26251	9.53228	5.18056	2.68398	6.99682	5.17417	1.90837	0.0	0.0	0.0
Node 132		2.90283	1.11788	4.3499099999999995	8.09218	4.77306	5.53777	3.75492	5.15719	5.95925	4.74485	4.27731	7.08298	6.36114	3.34864	4.804889999999999	6.79934	5.69674	6.3337900000000005	4.5919799999999995	2.71837	0.0	0.0	0.0
Node 46		1.38557	6.07838	8.46472	5.08832	4.61016	5.97197	7.7538	6.63548	7.158150000000001	4.6265	5.45854	8.74285	8.01987	4.97163	7.88963	5.405	8.58891	3.852	3.7139699999999998	0.9303600000000001	0.0	0.0	0.0
Node 149		6.00497	6.05341	9.52263	5.41331	4.5895600000000005	5.4878	6.98178	3.68985	9.41659	2.7931999999999997	7.10235	7.099030000000001	7.26205	6.87244	6.93741	3.80377	6.6186	5.67455	6.629549999999999	0.58672	0.0	0.0	0.0
Node 56		7.551539999999999	8.04382	4.51982	7.73549	4.86039	3.0809699999999998	6.134740000000001	7.463119999999999	4.91763	5.2463299999999995	6.9026000000000005	5.46976	5.5976	6.62765	8.461630000000001	9.4588	6.51181	7.102079999999999	9.36532	1.5985699999999998	0.0	0.0	0.0
Node 138		3.4916799999999997	6.1606000000000005	3.44755	6.83084	9.0083	4.7454	4.229369999999999	4.48349	4.573259999999999	6.247719999999999	6.77599	4.66431	9.71443	8.1045	3.12561	4.63603	8.34684	7.98208	7.6551800000000005	3.25793	0.0	0.0	0.0
Node 152		3.3246499999999997	6.08938	5.08618	5.2713	5.48297	4.13316	5.17645	1.80313	6.6979999999999995	6.29426	7.08365	8.72156	7.59928	3.24526	7.128329999999999	5.50084	6.07301	4.43673	7.38708	0.7885700000000001	0.0	0.0	0.0
Node 173		5.9946399999999995	3.99541	7.84609	7.31748	7.6313699999999995	8.00449	8.16264	7.9679	6.62856	6.98534	7.7957399999999994	11.52837	6.41516	8.1822	11.40462	7.46661	8.37994	4.64848	5.21493	0.0	0.0	0.0	0.0
Node 184		4.55201	4.97686	4.12674	7.2766	6.30048	8.25292	5.51274	5.501049999999999	8.9977	5.36783	7.90297	7.610250000000001	7.2179199999999994	6.89222	9.43108	6.26434	4.4259	8.46717	2.19399	0.8099999999999999	0.0	0.0	0.0
Node 125		4.363729999999999	6.8901	1.7145299999999999	8.7283	7.80641	9.52413	4.78134	4.62214	9.78102	1.73695	3.56268	7.031	5.25457	9.59207	6.5620899999999995	8.15016	7.59613	3.65506	5.0976300000000005	1.3752900000000001	0.0	0.0	0.0
Node 8		4.68916	3.85255	4.84148	6.7846400000000004	4.9028599999999996	4.77835	3.46691	4.44276	4.535299999999999	4.14348	6.3905	11.23598	5.06688	7.158059999999999	6.62538	9.501859999999999	9.51698	5.9289000000000005	8.15648	1.5985699999999998	0.0	0.0	0.0
Node 134		4.89816	3.77057	5.182980000000001	4.79859	7.20519	7.26881	5.9707	5.98299	6.18827	3.4239100000000002	8.56657	6.18193	8.16733	5.66354	5.32447	5.4545200000000005	9.750250000000001	8.70085	2.64614	0.7885700000000001	0.0	0.0	0.0
Node 69		3.86058	7.43379	7.900440000000001	5.030939999999999	5.66232	4.67336	6.687079999999999	4.46158	6.15666	6.20143	6.671480000000001	6.300559999999999	7.3635	6.94786	9.54958	8.87992	5.39363	4.11795	6.65654	0.0	0.0	0.0	0.0
Node 89		7.65999	4.483750000000001	6.0324599999999995	7.0922600000000005	5.540719999999999	6.9182999999999995	5.66645	3.80778	7.847790000000001	7.044219999999999	4.23982	4.7984	6.33376	4.45277	8.3982	9.31712	8.867899999999999	5.68073	6.10059	0.7885700000000001	0.0	0.0	0.0
Node 0		8.48616	7.44791	5.16195	6.83084	7.32164	8.76271	3.83994	6.32804	2.5420700000000003	3.2038200000000003	4.50771	10.10983	8.95704	5.23089	4.73158	6.19031	8.26077	6.453830000000001	7.10778	1.7403600000000001	0.0	0.0	0.0
Node 45		7.84257	5.39361	8.09033	5.01014	6.33181	5.64303	2.6668000000000003	5.50979	4.27303	3.53927	5.53872	6.8750800000000005	7.633139999999999	4.78981	8.35917	7.83086	9.053930000000001	7.549989999999999	5.80213	0.7885700000000001	0.0	0.0	0.0
Node 6		6.93449	5.160950000000001	6.62438	7.31	5.39787	6.90741	5.57084	4.86286	4.89069	4.7679	8.31901	8.54261	5.39647	6.8176	6.720230000000001	8.64399	8.28822	7.17174	5.78527	0.0	0.0	0.0	0.0
Node 139		2.48045	4.87143	5.89805	8.030719999999999	7.88288	5.87662	6.34272	2.19259	2.6757199999999997	5.08594	9.46742	2.3567	8.04965	6.57147	4.92528	8.46948	5.2948	9.54337	4.99787	0.0	0.0	0.0	0.0
Node 128		10.235149999999999	9.55683	5.7056000000000004	8.53243	6.86619	7.43774	4.25713	6.93184	8.04449	4.53228	8.23087	7.7061	7.914499999999999	2.8070999999999997	4.86633	4.79425	5.01371	6.14204	8.23915	2.67121	0.0	0.0	0.0
Node 28		5.39989	6.94013	5.5482700000000005	7.48061	11.50199	8.21593	5.62136	3.65833	8.652619999999999	6.85086	6.34995	10.70666	8.15124	5.54602	3.85555	6.39112	9.22412	4.78503	2.8624400000000003	2.32757	0.0	0.0	0.0
Node 130		5.70573	7.2597700000000005	6.71902	5.77862	5.56651	5.80828	8.286259999999999	9.44664	7.898579999999999	4.65814	6.38714	2.46186	6.14828	5.32434	3.62359	4.33076	6.2271	6.26572	5.49421	2.13165	0.0	0.0	0.0
Node 87		2.22973	2.13653	5.6220300000000005	11.05161	10.56878	4.91063	6.1104899999999995	8.45847	6.8539	5.806150000000001	6.528150000000001	8.78205	7.8824000000000005	8.28314	6.806710000000001	6.86393	7.281569999999999	2.37648	3.3362999999999996	0.0	0.0	0.0	0.0
Node 192		7.35633	5.17555	6.40105	3.5836600000000005	7.436860000000001	7.93306	6.24767	4.3149	6.93325	7.04601	6.97589	6.27338	6.30519	3.78413	6.07312	5.11304	10.271460000000001	5.67955	6.39029	0.7885700000000001	0.0	0.0	0.0
Node 55		5.51196	9.369819999999999	4.74334	6.01292	7.785069999999999	6.08511	8.11138	4.1876999999999995	3.11781	7.446859999999999	6.01154	9.231119999999999	4.43338	8.34521	5.80554	5.31613	4.56677	4.91491	5.87322	3.7695800000000004	0.0	0.0	0.0
Node 106		8.75381	7.9435	6.6215399999999995	4.73412	5.05103	4.77566	5.50755	4.50104	5.94927	5.42853	6.362569999999999	8.38844	5.520300000000001	6.403010000000001	8.26605	7.51232	6.7670900000000005	9.513349999999999	7.52766	0.7885700000000001	0.0	0.0	0.0
Node 151		8.294	4.21061	8.34675	8.20842	4.13343	7.138369999999999	6.01223	4.374490000000001	8.05781	5.52144	3.8297200000000005	6.46909	7.28352	4.64282	3.1427700000000005	6.671399999999999	9.75398	8.43564	7.29234	0.0	0.0	0.0	0.0
Node 154		5.33779	6.29578	6.7016800000000005	7.60312	10.82709	5.23017	5.3553299999999995	3.98628	8.58522	3.8947599999999998	4.69117	7.57462	7.79245	6.767040000000001	7.638929999999999	4.81552	6.50625	5.90785	3.75701	2.52942	0.0	0.0	0.0
Node 63		9.96014	1.7151699999999999	6.74231	8.78746	8.76833	8.73447	7.518479999999999	4.48081	6.90013	6.078390000000001	7.0098400000000005	6.619859999999999	8.72067	6.5445	3.81098	7.16542	6.48907	6.19588	7.042089999999999	1.51757	0.0	0.0	0.0
Node 121		5.29371	6.417330000000001	9.09084	8.637509999999999	5.03266	4.79758	4.99175	6.26801	4.537739999999999	7.037649999999999	4.42452	5.47569	6.012569999999999	4.69787	8.66474	2.52915	6.977	4.13783	6.954000000000001	0.0	0.0	0.0	0.0
Node 158		5.16293	8.27009	4.75978	9.71402	5.96376	8.69107	6.748270000000001	5.701350000000001	7.85961	5.1045300000000005	7.13563	5.66642	6.06347	6.12594	4.48505	8.00032	5.67227	3.3167	5.42588	1.71942	0.0	0.0	0.0
Node 12		7.04934	8.11424	6.704110000000001	8.72045	11.82302	5.5117899999999995	4.95848	5.19308	8.05926	6.981909999999999	5.81175	5.35673	10.03645	4.2504100000000005	6.632390000000001	9.023100000000001	5.697760000000001	7.39712	6.98	2.52942	0.0	0.0	0.0
Node 188		8.31064	6.6468799999999995	4.9501	5.03727	4.75113	3.79745	4.83607	5.442489999999999	7.14531	6.0819600000000005	5.61582	6.90639	4.74237	7.47747	5.1898100000000005	5.6803	7.56285	7.70701	3.92046	0.0	0.0	0.0	0.0
Node 91		6.35713	7.76886	7.7673000000000005	9.73298	6.3093200000000005	3.38925	1.58832	8.3646	7.09857	6.43407	5.91273	8.372390000000001	4.32355	5.85006	5.4848300000000005	5.244619999999999	7.87973	5.41272	6.253400000000001	2.13165	0.0	0.0	0.0
Node 34		4.84402	8.89857	4.88231	8.77773	8.277470000000001	2.2318700000000002	9.62278	4.88637	5.8509400000000005	5.16258	8.15013	9.37431	10.08332	5.70677	5.19991	5.97983	11.054400000000001	4.74692	5.98908	0.0	0.0	0.0	0.0
Node 118		6.12193	5.15379	4.1899	8.6277	4.61552	8.80253	8.39576	4.36212	8.2138	0.8031	8.11888	6.38916	4.46733	8.36564	9.149930000000001	7.12902	6.45545	6.85681	4.65866	0.9308500000000001	0.0	0.0	0.0
Node 167		2.45671	5.56202	6.931360000000001	5.8848400000000005	5.375159999999999	9.09958	5.4875300000000005	5.18406	3.48945	4.4741	4.83939	9.36984	6.10704	5.52146	9.20512	3.9856700000000003	9.40835	2.92736	7.41546	0.9308500000000001	0.0	0.0	0.0
Node 179		7.714110000000001	5.6698699999999995	5.76995	7.09452	5.73727	10.54447	6.44746	9.465160000000001	6.98634	5.38014	5.2544699999999995	8.4761	6.437470000000001	9.71426	4.830550000000001	6.20821	7.9825099999999996	5.06853	2.3195	0.0	0.0	0.0	0.0
Node 99		2.16985	8.71244	6.1618699999999995	5.51921	4.75613	3.1492199999999997	7.623349999999999	7.92563	7.47931	6.08239	6.9355899999999995	5.73151	11.47021	8.75911	5.05821	7.8682	6.22802	6.11291	6.04994	0.0	0.0	0.0	0.0
Node 52		8.961120000000001	5.03139	10.406120000000001	5.3788	6.989249999999999	7.96058	6.09875	6.1847199999999996	4.77848	2.89347	5.74311	9.59281	3.30249	9.10741	3.6770400000000003	4.92877	5.7042	9.09103	7.22539	1.5985699999999998	0.0	0.0	0.0
Node 76		5.04287	8.64854	8.31374	7.29514	7.30622	4.14594	4.11281	3.95068	4.36765	3.8723899999999998	9.35152	6.03349	9.42796	3.94927	5.03875	2.66029	5.2531300000000005	5.11401	5.70556	0.8099999999999999	0.0	0.0	0.0
Node 26		3.84191	3.94256	5.80223	4.056690000000001	9.43089	7.246270000000001	6.68791	2.7951	7.957509999999999	6.812940000000001	6.00522	10.14241	4.555540000000001	2.74988	4.20412	6.86986	7.65487	5.68692	4.60407	1.74085	0.0	0.0	0.0
Node 162		6.24787	5.5716	4.56714	6.18982	6.53927	5.35998	4.98416	4.33055	6.02263	4.9191899999999995	4.6309700000000005	6.13803	7.82126	4.82255	5.37797	6.7788	7.416169999999999	6.12037	6.92565	2.86016	0.0	0.0	0.0
Node 41		5.21111	5.44878	6.754880000000001	7.40493	5.80742	5.8863199999999996	7.19384	6.138459999999999	5.66866	3.7298299999999998	7.5555200000000005	3.4317399999999996	5.98001	5.763999999999999	8.59117	7.31759	5.5926	8.26724	4.90683	0.8099999999999999	0.0	0.0	0.0
Node 198		5.54472	10.9435	6.430420000000001	6.20451	5.472790000000001	3.6222900000000005	6.39252	3.8270999999999997	3.1733900000000004	5.7070099999999995	4.89506	5.97177	8.93234	4.87814	5.31195	6.98869	7.73505	7.9486799999999995	7.0518600000000005	0.0	0.0	0.0	0.0
Node 114		8.01949	7.019340000000001	5.56896	7.13131	4.37704	6.73888	7.5556600000000005	4.82565	5.04012	4.68138	10.23275	6.4156699999999995	5.48012	7.56721	4.77924	5.21135	8.9189	8.952300000000001	5.75913	0.53308	0.0	0.0	0.0
Node 64		4.79501	5.93658	8.29566	5.9199399999999995	7.34701	7.0402000000000005	6.23491	6.28595	5.34516	9.07352	7.1494100000000005	6.18323	6.05461	6.2626100000000005	6.64294	5.3604	6.9695599999999995	7.08276	7.518859999999999	0.7885700000000001	0.0	0.0	0.0
Node 94		5.72534	6.77775	9.48702	8.22037	7.104489999999999	7.65443	9.36557	3.90548	5.4969	6.49783	7.90521	5.7223299999999995	6.523320000000001	4.51532	7.04451	5.95155	8.27151	7.01347	4.24199	2.30614	0.0	0.0	0.0
Node 49		6.2006499999999996	7.2148	2.3924000000000003	7.48718	9.63794	6.66184	3.5343600000000004	4.2262	2.62554	3.5659099999999997	7.822419999999999	9.20309	7.34297	5.2619	2.9525699999999997	8.11158	5.92261	4.83334	7.0803199999999995	0.7885700000000001	0.0	0.0	0.0
Node 153		9.67381	6.1011299999999995	7.58456	8.55336	6.94304	5.69456	7.42809	9.207139999999999	6.7510200000000005	7.0751599999999994	9.76822	7.52327	6.63845	7.0466299999999995	5.78366	5.3163599999999995	9.38783	5.279240000000001	3.56997	0.8099999999999999	0.0	0.0	0.0
Node 92		5.58155	3.9175500000000003	2.8666199999999997	5.96734	3.07317	6.390650000000001	5.94598	6.7940700000000005	3.8891299999999998	6.96534	5.83098	9.27753	3.82409	9.777379999999999	6.07592	4.58085	8.603	5.405	5.5756	0.9303600000000001	0.0	0.0	0.0
Node 182		6.02487	7.493410000000001	6.0502	5.4815700000000005	5.21779	5.6392999999999995	3.08213	3.99628	6.17877	5.13877	3.07266	6.76195	3.05906	6.75553	3.09178	5.12831	8.86047	8.45474	8.06571	2.18529	0.0	0.0	0.0
Node 42		5.96406	4.75772	6.11649	6.66708	12.14765	5.83613	5.03566	3.7648800000000002	4.292929999999999	7.04025	9.28733	5.63321	4.828749999999999	8.260299999999999	5.38543	5.856879999999999	8.72022	5.45469	8.2332	0.0	0.0	0.0	0.0
Node 189		4.39699	5.62496	4.02994	8.781469999999999	5.5569	6.83109	3.5678599999999996	7.271800000000001	2.50482	5.96267	4.3865099999999995	6.17485	7.321429999999999	5.44976	8.48399	6.45265	8.192499999999999	4.40484	6.43696	1.74085	0.0	0.0	0.0
Node 17		5.5403899999999995	10.99617	7.7635499999999995	6.1722	6.95176	7.00907	4.52071	9.15922	6.61747	6.42995	5.57874	9.92568	6.389690000000001	4.7602199999999995	6.30795	5.5887	7.21782	4.69456	6.01701	0.7885700000000001	0.0	0.0	0.0
Node 166		3.61451	9.209480000000001	2.86182	10.98863	6.18328	5.22086	2.57335	5.83319	4.44808	2.48092	4.48752	9.95084	5.32449	8.64426	7.11222	5.34508	8.13566	4.98584	7.222720000000001	0.7885700000000001	0.0	0.0	0.0
Node 148		6.13485	7.514550000000001	4.52242	7.37647	6.3203	4.25342	8.63537	5.723000000000001	4.98317	3.21998	6.05003	5.47709	4.7579400000000005	5.21893	3.7469099999999997	4.741490000000001	9.04636	5.3707199999999995	6.25742	0.8099999999999999	0.0	0.0	0.0
Node 65		4.645309999999999	8.554739999999999	3.67952	6.699660000000001	7.78617	8.59488	5.3013699999999995	4.05811	11.02283	4.36374	6.445860000000001	7.68799	6.951490000000001	3.9043200000000002	9.44844	4.42864	10.53022	2.52303	8.722159999999999	0.53308	0.0	0.0	0.0
Node 161		6.13028	5.47517	6.13657	0.96711	9.03733	4.028169999999999	6.69724	3.79402	3.8533600000000003	3.69265	8.26803	8.55435	9.00364	8.25269	5.5834399999999995	5.89184	7.0641300000000005	6.762759999999999	4.247540000000001	2.05065	0.0	0.0	0.0
