Node 47		6.5121899999999995	4.496639999999999	5.925070000000001	4.83323	4.4425	2.75746	1.4677900000000002	2.69105	2.15124	8.56292	6.08876	5.11179	2.7326799999999998	1.68369	3.1427499999999995	3.486	3.2263600000000006	4.5766	8.04796	2.83922	0.0	0.0	0.0
Node 75		1.39056	4.1406600000000005	2.54253	5.44712	2.8695	4.63043	2.70329	4.52763	0.9652799999999999	4.42713	4.15459	4.66716	1.77856	1.15483	5.43721	4.2673000000000005	2.43393	2.78641	1.55669	2.40055	0.0	0.0	0.0
Node 76		3.24857	4.10359	3.99423	2.66922	5.4323999999999995	7.0509	2.3151	4.54528	7.085610000000001	2.4248700000000003	4.63607	1.73976	3.02764	4.08844	3.31695	4.5193200000000004	1.9919900000000001	4.528519999999999	2.69495	3.86448	0.0	0.0	0.0
Node 85		1.41379	5.93997	5.0555	8.85438	1.6578099999999998	4.6508	2.85772	3.9114299999999997	8.34454	2.8101399999999996	2.42081	3.9844699999999995	0.59592	1.44756	3.38409	6.9400900000000005	4.47895	5.3866700000000005	6.51896	2.98776	0.0	0.0	0.0
Node 9		4.08047	2.44542	4.90846	4.87772	3.32226	4.60724	5.01729	4.83259	6.44923	0.8776	2.21256	4.10673	1.31798	4.96246	4.66586	2.4038299999999997	1.41102	3.25577	3.30178	2.05691	0.0	0.0	0.0
Node 95		5.642110000000001	3.8817999999999997	5.11733	4.90845	4.80885	5.81565	4.54046	4.092280000000001	4.192690000000001	1.06924	6.24184	1.9756699999999998	3.08641	4.28006	4.453399999999999	4.92236	5.41161	6.345929999999999	3.05368	1.86121	0.0	0.0	0.0
Node 20		2.05632	0.0	2.91397	6.8449	5.43583	4.31721	2.09364	4.503299999999999	2.3990299999999998	3.90594	5.842569999999999	3.99179	0.0	4.03781	6.93713	3.95991	4.66047	7.27525	3.01608	2.58999	0.0	0.0	0.0
Node 55		5.1426300000000005	1.61156	3.62665	1.2842799999999999	3.50403	3.92136	4.60466	4.32251	7.4517299999999995	0.53044	5.46065	4.755050000000001	5.27547	0.79901	2.3714	3.66886	2.34363	2.8133399999999997	2.40196	1.51708	0.0	0.0	0.0
Node 3		0.68122	4.04859	0.0	9.45144	8.925460000000001	3.8011999999999997	3.64716	2.0481599999999998	2.20145	1.06924	7.20817	3.74919	2.45292	3.66326	6.060639999999999	3.8637900000000003	2.59788	4.11329	6.611649999999999	3.2365	0.0	0.0	0.0
Node 61		2.7777	2.38781	1.64828	2.5204500000000003	4.47226	3.20545	4.67131	4.56961	4.09098	0.72	3.7867100000000002	3.6027400000000003	2.93174	2.19649	3.50683	3.27206	2.9914300000000003	5.61986	8.842600000000001	0.0	0.0	0.0	0.0
Node 64		1.36956	2.1949300000000003	4.02133	8.54917	2.07926	1.4187999999999998	5.33521	4.114339999999999	1.6719899999999999	4.5513699999999995	3.8472	4.6037300000000005	4.89018	2.78366	6.69285	5.0739600000000005	6.154310000000001	4.91619	2.0748200000000003	2.1987	0.0	0.0	0.0
Node 88		3.37033	7.012160000000001	3.12059	5.16085	1.68219	6.281499999999999	2.20891	5.0220899999999995	2.5162	4.28564	2.99416	3.08453	2.64835	0.64855	2.0037800000000003	4.48298	4.9925	1.1725700000000001	0.0	2.30565	0.0	0.0	0.0
Node 17		7.831780000000001	2.47449	2.43453	4.67417	2.4566600000000003	6.36549	5.92619	3.37494	3.11594	4.02797	3.376	3.7736	4.91858	3.5089500000000005	5.3424	3.5155100000000004	5.87245	4.71056	3.51564	3.91812	0.0	0.0	0.0
Node 67		5.42795	2.57835	3.01191	6.5335	4.87601	7.17546	4.4362699999999995	4.454339999999999	0.72553	2.80431	9.711730000000001	3.5501199999999997	7.3957	2.22686	3.03904	0.69146	3.3303	4.346760000000001	8.64892	2.05016	0.0	0.0	0.0
Node 24		2.0492	3.01105	3.3154299999999997	6.58932	3.3272700000000004	2.14644	4.0066	2.24084	6.258469999999999	3.65609	4.89723	4.66716	2.54434	4.375649999999999	3.12688	2.12551	1.88025	1.1725700000000001	1.36625	2.7322699999999998	0.0	0.0	0.0
Node 70		2.82193	3.03714	2.8394	5.3931	0.62094	7.38665	3.84998	4.53932	2.3296799999999998	7.415979999999999	6.41172	3.3000700000000003	3.92865	2.86425	2.05223	6.41926	4.01971	2.25352	4.52255	1.51708	0.0	0.0	0.0
Node 8		5.28416	5.117859999999999	3.28316	8.80465	4.49935	3.2144600000000003	2.90634	6.06779	7.4337	4.85542	0.93385	3.38279	2.33076	2.5871399999999998	4.06144	6.10504	7.8344	4.01119	3.8203099999999997	2.1987	0.0	0.0	0.0
Node 21		4.0213	7.1987499999999995	3.31611	7.7955	3.08601	2.22459	6.989380000000001	2.71178	3.41298	4.10926	5.2884	4.23969	2.5646	4.57279	5.43721	4.89402	4.06398	3.15839	1.47434	2.83922	0.0	0.0	0.0
Node 63		3.0689100000000002	5.10644	2.1894299999999998	7.71004	2.9845699999999997	4.6104	4.60466	2.12484	2.76955	2.82135	6.11523	3.21965	4.258900000000001	5.01647	4.843780000000001	5.44167	3.00046	2.8110199999999996	4.51531	2.44793	0.0	0.0	0.0
Node 18		4.9674700000000005	3.96817	4.74395	8.21148	3.95144	2.42015	3.61065	3.28545	4.38113	4.22919	7.03931	3.3560600000000003	3.1168	4.08844	4.9545699999999995	0.69146	3.3309900000000003	8.75754	6.478409999999999	3.91812	0.0	0.0	0.0
Node 26		4.652950000000001	3.09715	3.04236	8.17891	6.976259999999999	4.98205	2.47723	0.0	3.3086900000000004	4.26064	6.33871	0.0	0.59592	2.87987	4.93754	2.10379	3.21683	0.0	4.2615300000000005	0.9308500000000001	0.0	0.0	0.0
Node 16		1.6392	2.1927499999999998	1.41386	2.16973	3.42354	4.9512100000000006	3.5361499999999997	1.56366	5.07213	8.47974	5.614050000000001	0.64885	6.481299999999999	4.32568	3.04918	8.13491	3.60129	3.0746599999999997	3.98824	1.3752900000000001	0.0	0.0	0.0
Node 33		3.81841	3.34764	2.1894299999999998	8.548300000000001	0.8368499999999999	0.99807	2.18235	5.45744	5.87892	4.33057	8.6489	4.85196	5.49948	5.27013	1.38459	1.9614099999999999	2.66863	3.33861	0.0	2.83922	0.0	0.0	0.0
Node 99		7.780430000000001	2.0146	3.57832	6.647609999999999	3.73832	3.65406	4.90413	0.0	3.3173500000000002	2.54153	3.1429699999999996	3.28942	4.61347	4.85713	0.75548	3.5677399999999997	2.3594899999999996	1.2551100000000002	3.69823	2.7322699999999998	0.0	0.0	0.0
Node 44		3.2788200000000005	4.9279	5.11733	3.42429	0.62094	4.557370000000001	1.6693300000000002	4.54528	5.32282	3.26915	3.60524	3.23186	3.45304	5.42464	3.74607	4.97445	4.4744399999999995	1.34567	3.76955	2.58999	0.0	0.0	0.0
Node 46		2.21123	4.71327	1.8626299999999998	3.94778	3.7456000000000005	3.12594	5.92619	5.342029999999999	5.64668	4.90257	7.22053	3.72729	0.59592	1.20316	3.57909	3.3833299999999995	0.50565	4.51529	5.5287999999999995	3.91812	0.0	0.0	0.0
Node 98		2.94666	4.496639999999999	1.39408	6.75472	5.96847	3.6059099999999997	4.43665	2.26675	4.69886	3.9445099999999997	4.3034	0.0	0.59592	6.5169500000000005	3.1341	4.14393	0.50145	3.82799	7.37752	1.3752900000000001	0.0	0.0	0.0
Node 32		5.77804	2.49615	1.86179	1.69152	3.62032	0.7201	4.3255099999999995	3.09088	1.39597	0.0	5.142329999999999	4.00491	3.3198900000000005	5.0503	2.91789	2.10379	7.0073300000000005	3.2362599999999997	2.95209	1.71893	0.0	0.0	0.0
Node 29		3.8320399999999997	6.3774	1.45276	8.53642	3.80065	3.8861100000000004	5.15419	1.56366	6.22191	3.1702500000000002	5.30125	6.807829999999999	2.8958	4.95216	2.51364	4.34986	4.96758	8.189639999999999	2.96079	2.05691	0.0	0.0	0.0
Node 53		3.88914	5.59938	7.48886	3.13684	6.06441	0.7201	4.9634	3.05438	3.86686	1.47994	3.3367	3.3509200000000003	1.5774	1.82136	3.23654	0.61919	0.93266	5.29763	3.01036	4.4512	0.0	0.0	0.0
Node 51		3.39092	4.51654	7.14192	6.16081	4.35668	4.63977	3.8946899999999998	3.85497	2.34243	0.53044	5.17739	3.4958299999999998	2.93626	3.4322900000000005	4.6413	6.01955	4.81312	5.44231	7.0991	1.61198	0.0	0.0	0.0
Node 49		3.30484	3.4313200000000004	2.16698	5.20229	3.84727	3.1042400000000003	4.95936	5.0220899999999995	5.59159	3.92157	0.0	4.80873	0.59592	4.38752	6.9484	4.6892499999999995	5.79801	1.48974	7.27005	4.4512	0.0	0.0	0.0
Node 82		3.5842	3.1081000000000003	2.4350799999999997	0.84863	4.45717	6.1547	2.8632299999999997	5.93019	1.19001	5.20301	3.87118	1.85526	2.90084	6.06914	5.20735	5.77379	2.85466	6.33475	2.1722200000000003	3.3314000000000004	0.0	0.0	0.0
Node 45		6.90833	7.106310000000001	5.8502	5.4058399999999995	3.6754599999999997	5.17223	5.23934	3.9114299999999997	0.5907199999999999	0.0	4.77307	0.64885	3.88402	0.8662700000000001	3.7849099999999996	4.98888	3.9960799999999996	6.710770000000001	1.3844	3.66263	0.0	0.0	0.0
Node 78		2.1886200000000002	4.84947	3.60329	5.65187	0.53264	6.00204	4.64879	2.34911	4.84661	2.80619	6.36488	2.6522	4.352530000000001	2.71962	2.05223	3.7865200000000003	3.49043	1.2551100000000002	4.58508	2.83922	0.0	0.0	0.0
Node 90		2.82193	5.821429999999999	3.99423	5.27817	0.9867000000000001	7.741960000000001	4.90784	6.535340000000001	4.33252	4.56178	6.306730000000001	1.9875299999999998	3.21776	5.74052	2.60428	5.8705	1.38402	2.5275	3.8203099999999997	1.61198	0.0	0.0	0.0
Node 27		2.10213	3.9945500000000003	1.6616300000000002	5.62665	6.02064	2.09431	2.24683	4.454339999999999	6.31712	3.7632	4.074479999999999	5.01001	2.37448	2.71962	4.3903	2.29304	0.93266	5.8543199999999995	4.98421	3.91812	0.0	0.0	0.0
Node 92		3.5010899999999996	2.28599	3.28316	7.36307	8.27607	2.90721	6.7881	3.57349	2.34243	5.37336	5.39404	2.6400300000000003	2.66472	4.42966	5.44001	5.53838	4.57754	4.229229999999999	6.47995	3.1295499999999996	0.0	0.0	0.0
Node 66		1.44191	3.7872999999999997	5.35733	3.9913999999999996	5.76819	3.2226600000000003	5.3096	4.07236	0.94646	8.37963	3.3316	4.3455	3.4394800000000005	3.13029	1.55497	2.1732899999999997	3.2263600000000006	0.70367	4.3993400000000005	3.1295499999999996	0.0	0.0	0.0
Node 94		3.6662	4.10359	2.44073	0.88158	0.0	3.05121	4.3962	3.62086	2.52866	4.73576	4.6941	1.23763	0.64855	2.1167700000000003	4.453399999999999	5.07834	3.55236	3.48252	4.1688	2.54283	0.0	0.0	0.0
Node 0		3.2217200000000004	2.26688	3.60329	1.40515	5.25628	4.65982	6.21081	3.28545	2.1987699999999997	4.3357600000000005	2.22825	1.31937	6.14043	0.0	4.6137	3.8952899999999997	3.2263399999999995	7.93344	5.80888	1.51757	0.0	0.0	0.0
Node 52		5.22271	3.1244	7.480150000000001	3.54532	3.81806	4.27689	3.60556	4.64781	5.25451	6.45621	4.65828	1.2786499999999998	1.9139	4.19386	3.03904	2.94179	0.50145	4.346760000000001	4.51531	4.4512	0.0	0.0	0.0
Node 28		0.0	1.61156	2.22566	2.8171999999999997	4.78773	2.88804	5.11657	6.15472	1.39597	3.5498700000000003	6.796099999999999	3.63505	3.1402600000000005	4.375649999999999	1.606	2.69408	3.3251500000000003	6.664390000000001	2.01731	3.7695800000000004	0.0	0.0	0.0
Node 60		4.389060000000001	5.32974	4.8587299999999995	1.54125	5.49116	5.741820000000001	3.84998	4.47395	3.91071	5.48132	6.6532599999999995	0.8989	1.77856	1.8517100000000002	6.686240000000001	5.23839	2.8997800000000002	9.57193	8.036150000000001	1.26834	0.0	0.0	0.0
Node 74		0.73257	4.90746	4.18568	0.9776999999999999	2.32958	4.47361	3.6193500000000003	4.19874	3.14414	2.6686	3.6944200000000005	3.21969	5.26184	2.18567	1.14459	4.88649	2.34363	4.88846	2.40118	3.3314000000000004	0.0	0.0	0.0
Node 4		2.81147	5.692500000000001	4.8587299999999995	3.05794	4.816129999999999	4.5616200000000005	2.33325	8.87087	3.21049	5.08686	3.28233	0.90674	2.34125	5.174659999999999	1.51221	0.61919	3.94087	9.05471	5.5777	1.71893	0.0	0.0	0.0
Node 43		6.3169699999999995	4.33354	2.22566	5.65824	2.9441100000000002	4.56132	6.10696	2.12448	6.87673	7.74929	4.626	4.63844	5.78024	5.18278	2.61735	6.97348	3.2228600000000003	5.37431	3.45919	3.91812	0.0	0.0	0.0
Node 42		3.85923	4.04859	4.05983	4.50181	2.48979	4.64281	3.49214	2.71178	4.6639800000000005	2.63179	4.09333	4.801629999999999	3.2395899999999997	2.62037	2.1885499999999998	3.12684	3.00288	10.30387	2.10813	3.66263	0.0	0.0	0.0
Node 62		8.54041	5.33912	0.7728999999999999	3.98547	6.95809	2.67264	4.0225	4.11664	4.33451	5.76753	3.49743	4.63228	2.25627	4.951280000000001	3.03904	3.67969	4.27998	3.48252	5.71511	1.90837	0.0	0.0	0.0
Node 5		2.1302499999999998	3.5515499999999998	2.43917	8.593969999999999	2.2748	5.88307	6.09192	4.77644	7.03995	3.10166	3.8484499999999997	2.17395	2.58544	3.5142800000000003	4.3709	2.1581699999999997	3.57267	2.16604	3.68188	1.86121	0.0	0.0	0.0
Node 89		4.46402	3.1473899999999997	2.4649799999999997	6.68835	4.76971	2.08364	2.81239	3.74228	0.9652799999999999	4.3727599999999995	2.20912	1.7302899999999999	1.9139	7.3475600000000005	3.2211299999999996	4.82027	6.29946	5.44231	7.69838	2.30614	0.0	0.0	0.0
Node 97		1.39768	2.38781	1.3502800000000001	5.4058399999999995	3.8181100000000003	5.21801	2.84029	0.63385	5.97612	4.39634	5.15491	1.9875299999999998	1.9139	1.92061	3.7604100000000003	2.15065	2.6631	2.10437	5.88047	1.51757	0.0	0.0	0.0
Node 6		5.86761	5.778309999999999	3.20798	7.65484	5.8045100000000005	3.59231	5.11829	2.98162	4.13671	4.48796	4.10018	2.13722	2.1804799999999998	1.46554	2.95915	2.04664	5.63136	2.51473	3.4972299999999996	2.44793	0.0	0.0	0.0
Node 65		4.1872300000000005	1.68687	3.21207	6.41423	1.3694899999999999	0.0	0.0	1.8768099999999999	3.76188	4.9662999999999995	6.61205	4.0148	1.94713	4.54513	3.6582299999999996	2.2304399999999998	2.16165	4.88846	3.47523	3.2365	0.0	0.0	0.0
Node 11		5.23389	3.3596800000000004	3.32365	4.16308	1.65294	6.152620000000001	1.57368	5.52887	8.330079999999999	2.8101399999999996	2.19343	3.0928899999999997	0.59592	4.58422	3.17786	3.7902699999999996	3.72248	6.50723	4.94244	1.6124699999999998	0.0	0.0	0.0
Node 72		4.8965700000000005	3.1882099999999998	4.17525	6.5927299999999995	3.25161	1.47093	3.8782400000000004	6.45927	4.38514	4.2594	3.47544	2.95575	1.94713	4.83639	5.302309999999999	5.855119999999999	5.3668000000000005	0.90487	3.5890400000000002	2.54283	0.0	0.0	0.0
Node 37		6.462619999999999	5.068969999999999	5.7383299999999995	4.75101	4.52731	0.7201	3.48061	2.16801	4.09788	6.27182	7.791240000000001	1.25447	4.83407	3.6647399999999997	3.53061	1.41233	0.55368	8.36115	1.37868	1.51757	0.0	0.0	0.0
Node 68		3.2645800000000005	6.51902	2.97568	2.66922	3.26801	4.47361	2.9023	0.50166	1.1706400000000001	4.42713	3.0354699999999997	5.45758	5.12659	0.64855	3.74607	4.41747	1.41102	3.71371	4.2661999999999995	1.51708	0.0	0.0	0.0
Node 71		5.562609999999999	5.10644	5.93471	5.03402	0.62094	4.98205	4.95936	6.09235	1.64478	4.39634	0.71376	1.77352	0.59592	5.75117	2.26769	3.96761	2.9362	9.54198	3.8203099999999997	2.9872699999999996	0.0	0.0	0.0
Node 23		5.1099499999999995	2.35874	3.25123	1.5293700000000001	2.97332	0.75366	1.4677900000000002	2.7915	5.24176	3.99212	1.64761	3.09889	3.38683	4.99012	4.07243	5.68766	1.92828	4.89829	3.49256	2.44793	0.0	0.0	0.0
Node 80		5.42795	3.8072000000000004	2.18676	5.24749	4.15082	6.29165	4.47847	6.00752	5.4739	1.06924	6.51414	3.90377	4.47701	2.11593	0.77135	2.37431	3.21683	6.06516	0.55144	2.05691	0.0	0.0	0.0
Node 34		4.26196	0.70934	2.22566	4.65954	2.7441	2.90512	4.0373399999999995	5.5531999999999995	6.040369999999999	3.3145300000000004	4.3034	0.57661	6.65349	3.3532800000000003	0.0	0.69146	2.26445	1.2551100000000002	2.82579	3.1295499999999996	0.0	0.0	0.0
Node 38		5.57779	4.78025	4.13213	5.27923	2.90875	3.5987999999999998	7.7018	3.5700700000000003	0.67044	5.074540000000001	3.5381000000000005	1.55478	2.09728	4.8603	3.2206699999999997	3.2192600000000002	5.02363	9.68457	1.16687	2.64978	0.0	0.0	0.0
Node 39		2.7096999999999998	3.19473	3.21291	7.9765500000000005	3.73273	0.66484	5.09363	4.44093	5.07972	2.01853	5.594799999999999	3.8455000000000004	1.45145	7.094399999999999	5.3581900000000005	3.5052899999999996	3.57267	4.4818	5.3249699999999995	1.6124699999999998	0.0	0.0	0.0
Node 84		3.05299	1.6523800000000002	2.16698	5.03375	1.3694899999999999	6.354310000000001	1.6693300000000002	4.88782	1.8801700000000001	4.2594	1.7815999999999999	4.84531	0.0	3.13029	1.846	2.8435200000000003	5.63267	6.03725	3.78391	0.9308500000000001	0.0	0.0	0.0
Node 56		3.5454100000000004	3.33296	3.93661	9.10223	2.86222	6.7442	4.2104099999999995	1.8839499999999998	3.6726799999999997	2.7026600000000003	3.85447	3.51328	2.99729	3.116	2.20367	6.51491	6.8629	5.8543199999999995	2.92873	3.52084	0.0	0.0	0.0
Node 79		2.8625000000000003	5.60144	3.08677	5.04474	3.32226	6.19855	1.52955	3.87617	5.2274	5.83852	9.711730000000001	4.206370000000001	6.3642199999999995	4.73342	6.9312	8.205179999999999	6.02161	4.25629	2.8231800000000002	2.40055	0.0	0.0	0.0
Node 83		1.30169	3.91926	0.0	7.00833	5.10577	4.63977	2.2318700000000002	5.47237	2.52103	5.4748600000000005	3.92497	2.83481	2.80381	2.84242	1.75816	2.95691	1.3746	4.147209999999999	3.3711900000000004	2.05691	0.0	0.0	0.0
Node 73		5.77087	4.9179	3.7667699999999997	6.24035	2.47778	0.0	5.35169	5.7624	8.07626	5.08686	4.427919999999999	3.10969	2.89629	2.0710699999999997	5.21596	2.98872	5.28116	2.16604	1.81631	2.54283	0.0	0.0	0.0
Node 91		4.74386	4.93965	1.45276	3.1329700000000003	3.89685	6.19037	4.09796	3.05429	7.085610000000001	5.83852	4.78105	1.66467	1.94713	6.041309999999999	5.24864	1.47508	4.33221	3.50084	3.46442	2.30565	0.0	0.0	0.0
Node 13		5.43509	3.8975500000000003	6.45068	7.24215	2.37619	3.32624	3.86494	3.19559	5.51654	4.11906	5.291379999999999	3.22881	1.94713	1.27763	6.15268	4.6215	5.371	1.1888400000000001	3.7381699999999998	2.9872699999999996	0.0	0.0	0.0
Node 12		3.99715	3.34026	2.58211	1.52698	4.694920000000001	6.00204	3.6652299999999998	4.52763	2.46911	7.264030000000001	3.9143699999999995	0.60562	0.0	5.71164	2.30688	3.1621099999999998	4.09321	4.71056	2.79855	3.3314000000000004	0.0	0.0	0.0
Node 41		2.8924499999999997	4.71425	6.68881	4.10452	1.3694899999999999	5.892329999999999	5.12927	0.0	4.72966	3.99235	2.93248	1.75299	2.09728	3.8479600000000005	6.14846	4.08159	3.40301	4.91606	4.33277	2.54283	0.0	0.0	0.0
Node 69		0.70934	4.97711	2.81202	3.8225700000000002	2.33389	3.8913999999999995	5.92619	6.884329999999999	4.28411	1.90649	0.9948999999999999	3.0928899999999997	2.89629	5.2995	4.6109	2.64795	1.9647000000000001	3.2362599999999997	5.93978	1.51708	0.0	0.0	0.0
Node 40		0.0	0.70934	2.28924	8.79565	2.98069	3.95343	5.14587	4.114339999999999	1.3162500000000001	2.9369699999999996	6.93184	2.93134	1.15318	3.16352	5.9978	5.05302	3.00288	2.63144	1.36625	2.40055	0.0	0.0	0.0
Node 77		4.26196	3.01105	0.7728999999999999	5.59522	3.09621	6.96098	7.7288	3.57349	3.23805	3.75199	5.61733	4.4981599999999995	0.0	6.37127	2.3714	5.16446	3.7815300000000005	2.91866	6.670389999999999	1.71893	0.0	0.0	0.0
Node 35		3.98114	5.16115	0.7728999999999999	7.91407	2.27875	4.854279999999999	3.92087	3.8297999999999996	6.81263	6.47576	6.508890000000001	4.64912	3.7659499999999997	3.4165	0.95355	4.88437	4.76645	4.5766	4.9482	2.19919	0.0	0.0	0.0
Node 15		1.9542899999999999	3.8072000000000004	3.82581	8.67252	2.7133399999999996	10.02094	2.70231	3.0088899999999996	4.44154	5.5984	5.17068	7.7488600000000005	1.4862	3.27483	2.8315300000000003	2.84963	1.52573	4.147209999999999	4.4517500000000005	3.5203499999999996	0.0	0.0	0.0
Node 93		3.4424	1.67613	3.7482	7.68779	6.17845	5.27266	5.20548	4.47753	6.10726	6.27182	6.55118	4.19216	5.26202	2.3546500000000004	3.9924800000000005	1.46892	1.0071	7.298159999999999	6.24829	1.61198	0.0	0.0	0.0
Node 59		6.4028	5.43932	3.8286100000000003	7.9765500000000005	4.4294899999999995	4.68539	6.02446	4.59906	5.60759	6.221030000000001	4.10018	6.7616	0.59592	5.91505	4.9983	3.70341	4.04793	1.1995	4.17675	3.5203499999999996	0.0	0.0	0.0
Node 22		2.21464	1.61156	1.5646299999999997	2.25139	6.95809	5.92636	2.6278099999999998	1.1805299999999999	2.31522	4.7837499999999995	4.88521	2.10422	3.88402	0.64855	3.07415	4.02374	2.02718	9.54198	4.81297	2.9872699999999996	0.0	0.0	0.0
Node 96		3.7828	2.35794	2.3326	4.32033	3.84469	4.8029399999999995	3.68785	0.9337099999999999	5.2882	5.56191	1.64761	3.89539	3.45304	3.0769	5.12918	2.29304	2.26445	5.1298	2.7995200000000002	0.9308500000000001	0.0	0.0	0.0
Node 25		3.9423500000000002	1.5950099999999998	1.5675100000000002	7.036670000000001	0.53264	4.66399	4.3255099999999995	5.46859	1.6169	4.253019999999999	2.83392	3.35363	1.57547	4.57836	2.3860200000000003	6.51564	3.77051	3.6889600000000002	2.40065	1.71893	0.0	0.0	0.0
Node 57		3.8749	4.93263	5.84058	4.75598	3.5629	2.22459	0.85912	3.05465	1.2411999999999999	4.28564	3.14633	4.88332	5.27547	4.96246	3.03904	3.51059	3.5019099999999996	4.60279	5.69702	4.4512	0.0	0.0	0.0
Node 10		5.04547	4.68379	2.70294	2.45006	4.78139	3.13215	5.65679	4.503299999999999	3.51618	2.8101399999999996	7.579339999999999	3.11491	4.04078	2.65072	3.0840699999999996	1.31065	3.58878	0.62721	5.01147	1.61198	0.0	0.0	0.0
Node 58		8.01318	3.16172	2.22566	6.31608	3.36078	6.805540000000001	1.52955	4.11664	4.29528	4.5298	7.0524000000000004	1.50452	1.35121	2.88171	3.2392200000000004	4.91345	6.434489999999999	2.13911	6.35422	2.40055	0.0	0.0	0.0
Node 30		4.28013	3.1081000000000003	3.63952	2.4109499999999997	3.80065	4.58451	3.64716	4.0122100000000005	4.46615	5.5984	4.49314	3.05844	2.33076	4.22714	1.51221	2.97524	2.34368	8.46609	6.32868	1.71893	0.0	0.0	0.0
Node 86		4.45382	5.10644	1.5596999999999999	4.02329	1.90725	1.36354	4.59681	5.39129	3.42744	5.56191	3.9251899999999997	5.70905	3.7659499999999997	1.68369	4.085500000000001	3.7032700000000003	4.4910499999999995	6.60048	1.81631	2.83922	0.0	0.0	0.0
Node 31		6.50344	2.20748	2.54253	6.12786	3.8680899999999996	3.95343	1.98745	7.8396300000000005	5.87892	2.7482800000000003	3.7867100000000002	2.557	0.0	3.9284600000000003	4.3792	5.77379	1.93248	5.72883	0.69042	2.98776	0.0	0.0	0.0
Node 1		2.10213	6.501600000000001	4.107	6.04122	5.27935	3.8861100000000004	1.4677900000000002	5.57762	3.74214	2.8101399999999996	5.61226	1.77352	3.75155	3.0183	3.17786	4.98307	5.25626	1.99294	4.65506	3.5203499999999996	0.0	0.0	0.0
Node 48		5.9725	3.16172	4.521100000000001	6.44252	5.6457	4.05211	5.18867	5.84651	2.29124	3.0352	1.71709	3.23988	3.21776	2.4827	3.8946899999999998	5.7698	4.01971	1.93077	3.373	4.4512	0.0	0.0	0.0
Node 87		4.2697899999999995	5.74124	2.65424	8.53642	6.15088	5.7573	6.6331299999999995	4.32251	3.1479100000000004	2.8367	3.5202400000000003	5.46697	1.57547	4.59546	3.1536500000000003	3.1471999999999998	3.5693799999999998	8.91791	3.81628	3.3314000000000004	0.0	0.0	0.0
Node 81		3.00711	4.32157	4.26548	4.75202	0.90531	2.30008	5.759	2.93611	3.51228	5.72565	2.56233	7.475479999999999	5.0961	1.1796900000000001	5.302309999999999	1.36409	1.15403	6.86391	6.12052	3.2365	0.0	0.0	0.0
Node 2		5.70569	4.00636	3.3933199999999997	0.84776	1.3694899999999999	5.30461	0.85912	5.67542	5.1492700000000005	2.7550600000000003	4.70239	2.90486	4.23815	2.88544	3.15376	3.89397	3.3055399999999997	5.71558	2.90156	2.58999	0.0	0.0	0.0
Node 14		6.3169699999999995	2.44542	4.90846	7.53006	0.66484	6.8469500000000005	2.75153	2.6516	4.71332	2.2713400000000004	3.0354699999999997	1.23763	1.7490999999999999	7.37614	5.13508	3.48336	1.70771	6.9198200000000005	5.92045	0.9308500000000001	0.0	0.0	0.0
Node 54		3.41238	4.02662	3.25123	4.5948	2.90883	0.0	3.28093	5.45744	1.39987	2.72279	3.8629700000000002	1.85526	2.51153	4.416040000000001	2.32707	2.12551	2.7153799999999997	1.99294	1.12589	2.40104	0.0	0.0	0.0
Node 7		4.96089	3.1770899999999997	1.3502800000000001	3.8225700000000002	0.0	4.557370000000001	5.65679	3.8935200000000005	4.33165	4.51529	4.15459	4.4254	4.574389999999999	4.32916	2.51364	3.9317100000000003	1.9647000000000001	4.91606	3.99315	2.73178	0.0	0.0	0.0
Node 19		1.60943	2.91682	2.40778	2.40616	4.73027	5.91289	3.71485	5.137980000000001	3.87076	3.90594	2.98066	2.51156	4.65889	3.54256	2.99059	3.5026	1.3788	5.72883	4.65506	2.83922	0.0	0.0	0.0
Node 36		5.1297500000000005	3.96212	6.34352	4.67033	3.62885	4.559060000000001	3.4663899999999996	3.3137100000000004	4.52139	7.36831	5.97281	0.7427600000000001	2.1276699999999997	2.78366	5.546609999999999	3.6502100000000004	5.60958	2.78111	0.0	2.2525	0.0	0.0	0.0
Node 50		3.99715	8.747349999999999	4.24195	3.25871	4.85787	3.14003	4.57912	5.47255	3.9504799999999998	5.18685	2.93256	4.46915	3.6228999999999996	3.5611200000000003	6.92406	5.02348	4.887989999999999	5.61986	5.516220000000001	1.61198	0.0	0.0	0.0
