Node 143		4.20407	3.57458	7.2460700000000005	3.5676300000000003	3.85217	10.10931	5.584639999999999	7.10062	7.1576200000000005	2.64244	3.9727400000000004	5.271929999999999	5.2849699999999995	6.664739999999999	3.1103300000000003	4.6832199999999995	11.1005	2.38318	6.04009	0.7885700000000001	0.0	0.0	0.0
Node 22		6.14489	10.81862	5.8295699999999995	1.70827	3.76424	4.92993	2.07347	5.77101	4.18961	4.80487	4.71487	4.70654	7.12796	4.41028	6.37535	7.51748	7.76999	4.70797	7.589930000000001	1.5985699999999998	0.0	0.0	0.0
Node 133		8.83423	5.88917	3.96643	6.74858	7.706359999999999	3.93395	5.98642	3.73038	3.2816199999999998	3.9568499999999998	8.87941	5.28258	6.03392	4.6386400000000005	7.4611	5.58331	10.503540000000001	5.71684	6.0638	3.64922	0.0	0.0	0.0
Node 13		6.23757	3.6607000000000003	5.15658	6.600630000000001	9.39122	6.06881	3.29747	3.97912	6.0671	6.49199	5.96883	5.12742	10.163030000000001	1.9764199999999998	8.1754	5.14567	8.247200000000001	4.9475	4.75322	1.46393	0.0	0.0	0.0
Node 51		5.84686	6.705469999999999	3.13912	2.7092	9.297550000000001	4.49363	6.553299999999999	5.87854	6.48678	3.53927	6.29213	3.4448399999999997	5.11777	5.25119	3.14411	6.16308	6.9514000000000005	6.1412700000000005	8.08697	3.79101	0.0	0.0	0.0
Node 116		6.00066	7.1240499999999995	2.40863	4.33645	6.68999	4.50906	4.17823	3.35149	5.51769	4.97348	6.37097	6.71958	5.82374	4.4025099999999995	3.29929	4.3616	5.19603	4.75603	6.00693	1.9298	0.0	0.0	0.0
Node 75		5.44542	10.277840000000001	6.52248	5.09801	7.227930000000001	2.78035	7.35316	6.738479999999999	3.9490200000000004	6.62677	7.34154	3.0928899999999997	5.92758	3.1523700000000003	6.12034	6.522	6.962219999999999	3.95418	6.70965	3.9928600000000003	0.0	0.0	0.0
Node 112		1.61229	5.52874	4.52786	8.19811	5.71337	4.55716	4.34217	3.57397	5.622739999999999	4.32536	4.4440100000000005	5.08437	8.55714	6.34093	4.18545	2.5359599999999998	6.15705	5.55781	5.209280000000001	4.57958	0.0	0.0	0.0
Node 98		3.58935	6.708550000000001	4.4330099999999995	6.096900000000001	4.38538	7.13487	2.94843	3.58722	7.86106	3.48766	5.06644	5.30447	6.81287	5.7166500000000005	4.79928	2.5014700000000003	3.40748	5.65354	6.41207	2.27393	0.0	0.0	0.0
Node 97		4.5328	8.57638	1.7145299999999999	5.49541	6.68999	6.733649999999999	5.91705	4.19335	6.61835	1.9895800000000001	1.63184	7.653740000000001	3.7101299999999995	5.2853900000000005	6.0126	7.40628	5.21909	6.28025	4.40698	2.13165	0.0	0.0	0.0
Node 175		3.8002300000000004	9.192	8.218110000000001	4.755879999999999	6.6303	3.7293	7.899570000000001	2.9901299999999997	6.9205000000000005	6.02037	5.23731	5.91397	6.8068100000000005	5.097	7.056369999999999	5.47	2.55282	5.265630000000001	5.1677800000000005	2.71837	0.0	0.0	0.0
Node 113		4.25549	4.412669999999999	7.05509	7.36863	7.21161	8.60331	4.3638	3.35798	3.59889	4.798290000000001	6.01603	4.4453	6.64092	4.91561	3.09138	7.6884	7.74231	2.79506	8.267520000000001	4.57958	0.0	0.0	0.0
Node 84		5.38056	7.741040000000001	8.0415	7.581110000000001	6.7099400000000005	5.08957	6.16392	3.69677	6.14732	4.34237	6.26688	7.99522	3.6528400000000003	4.77756	6.3082	7.56535	6.75284	2.09532	3.08118	1.34308	0.0	0.0	0.0
Node 181		7.13119	6.748990000000001	8.59126	0.72441	6.641220000000001	6.16155	3.98996	3.53243	9.18855	4.04833	7.4363	4.4846200000000005	8.09666	7.06889	6.341679999999999	2.8797699999999997	2.5479000000000003	5.36701	7.46894	2.83922	0.0	0.0	0.0
Node 38		6.744650000000001	4.60766	7.23695	3.5685000000000002	6.203539999999999	3.80107	3.6609000000000003	4.9443399999999995	8.28893	2.63143	2.9145999999999996	5.8907099999999994	6.216950000000001	3.9169	6.99521	4.51192	5.21909	3.8844200000000004	8.39431	3.64922	0.0	0.0	0.0
Node 104		8.11613	4.3904	3.0705	5.80622	8.2563	5.90519	3.5672500000000005	4.367999999999999	6.427099999999999	5.15415	5.29659	4.69144	6.59601	7.128360000000001	8.289430000000001	4.619199999999999	3.42629	3.4188000000000005	6.73528	1.32165	0.0	0.0	0.0
Node 23		5.27937	3.2696500000000004	5.4648900000000005	6.340800000000001	6.17253	4.3189	3.3152500000000003	5.710380000000001	3.2030000000000003	4.00148	2.36761	3.47274	5.6537999999999995	4.270029999999999	7.236330000000001	5.1861999999999995	6.80323	4.64609	6.889000000000001	2.13165	0.0	0.0	0.0
Node 174		5.44359	7.3591299999999995	5.83681	4.23086	8.239	4.26267	3.99827	3.4762099999999996	5.05557	2.42585	11.00774	4.63731	5.68665	6.042879999999999	1.39054	4.09006	6.40982	5.78372	7.29983	3.45978	0.0	0.0	0.0
Node 93		5.12897	1.6376499999999998	7.67438	9.04011	8.26178	9.27952	5.99075	3.39616	4.3059	5.29329	5.04029	6.75063	5.6986	4.61378	5.11244	1.4912	9.925180000000001	1.20112	6.46457	2.05065	0.0	0.0	0.0
Node 18		6.5576	8.84339	6.58465	4.44921	6.40294	5.37132	3.70842	3.88516	3.3460799999999997	5.308870000000001	6.290909999999999	5.70118	6.55552	2.88605	6.49528	3.86748	9.47786	4.1071	2.90409	1.71942	0.0	0.0	0.0
Node 64		5.07381	3.01602	6.05376	4.44921	8.22753	7.4223300000000005	2.5112099999999997	8.43491	2.73645	5.3436699999999995	2.7238100000000003	3.14978	3.6045000000000003	4.162190000000001	5.67642	4.54762	8.35778	6.726650000000001	6.21991	2.2525	0.0	0.0	0.0
Node 185		3.8115799999999997	4.05315	5.30496	7.614	6.83555	7.4688099999999995	3.6489399999999996	6.08456	9.79863	4.94686	5.95837	4.841340000000001	6.477670000000001	2.81566	5.90337	7.466290000000001	8.5307	8.42579	5.81262	3.79101	0.0	0.0	0.0
Node 57		6.94223	6.64489	1.7593100000000002	4.95561	3.1568300000000002	4.5322700000000005	5.31936	6.10003	4.87385	3.54771	8.46294	5.9966800000000005	4.08855	4.28493	6.21108	2.06548	3.68628	9.15943	7.27588	0.7885700000000001	0.0	0.0	0.0
Node 96		5.3284199999999995	6.537859999999999	4.35279	7.92848	7.95428	3.25844	7.28047	5.503290000000001	7.15734	4.62371	1.48084	5.76836	2.13676	6.2764500000000005	3.05505	6.7748	6.15616	6.28604	4.88313	3.1161399999999997	0.0	0.0	0.0
Node 103		4.33131	7.38931	6.34102	6.6695400000000005	7.15568	5.08857	4.24439	5.0796	4.47931	4.1666799999999995	4.83312	4.1277099999999995	7.91173	4.25555	7.89431	5.3843000000000005	5.05108	3.30578	4.5549100000000005	2.32757	0.0	0.0	0.0
Node 37		4.25972	2.34994	7.46003	5.02238	6.798369999999999	9.59487	5.41567	7.502839999999999	6.668449999999999	3.8730100000000003	2.17178	5.34032	2.19533	5.03103	2.36156	6.821530000000001	6.69183	5.16638	4.67241	2.13165	0.0	0.0	0.0
Node 60		5.9073899999999995	3.8554999999999997	5.66197	3.55696	4.18514	3.92551	8.24581	5.62505	4.14094	6.081849999999999	2.94825	7.261769999999999	5.05676	4.1552	6.795030000000001	6.78136	8.448269999999999	5.84812	5.11846	3.64922	0.0	0.0	0.0
Node 47		4.802420000000001	4.052560000000001	3.9691700000000005	4.28886	6.8136600000000005	1.5047899999999998	5.13163	6.547070000000001	4.47736	3.7792	5.35065	6.19723	5.8333200000000005	3.6035	5.30922	5.20859	8.71309	0.52533	7.19389	0.0	0.0	0.0	0.0
Node 88		6.43905	5.2272300000000005	3.75496	2.38124	5.48289	2.35534	6.23014	4.58374	4.54076	3.94071	8.07794	6.6085400000000005	6.257899999999999	4.2793600000000005	7.04969	6.91604	6.7832799999999995	4.76396	6.6983500000000005	3.1161399999999997	0.0	0.0	0.0
Node 77		8.37107	5.78619	4.94306	6.970400000000001	3.84867	2.85809	5.36765	5.54166	5.52812	5.16302	5.0096	5.34314	3.91865	4.85682	4.51891	7.21788	5.3969000000000005	4.31905	6.54387	2.86016	0.0	0.0	0.0
Node 43		3.38863	5.97236	3.7446800000000002	8.8111	8.26308	7.0694300000000005	6.874130000000001	3.48961	10.2775	4.50577	5.979369999999999	7.3657200000000005	3.58469	3.39084	3.97623	2.1316100000000002	8.78026	4.89961	4.3798900000000005	2.27393	0.0	0.0	0.0
Node 178		7.9909300000000005	5.95294	7.61059	4.285159999999999	3.55179	5.5762	6.77669	5.73828	3.14523	7.146990000000001	2.93256	3.05214	6.2118899999999995	2.88605	5.298830000000001	7.430680000000001	5.0047	4.6426	6.43234	2.30614	0.0	0.0	0.0
Node 73		3.5637700000000003	7.3219	5.12788	4.88141	5.926159999999999	5.92756	5.21469	5.79626	6.987699999999999	2.17707	2.43085	4.32546	3.6528400000000003	2.64992	4.36152	6.44489	8.54893	6.2043800000000005	4.54057	3.79101	0.0	0.0	0.0
Node 173		9.69175	6.28451	7.66777	4.43167	5.870299999999999	5.5827	7.214270000000001	5.0503100000000005	4.91264	6.84776	7.34201	7.11729	6.216950000000001	6.42597	5.99413	5.2043800000000005	6.735180000000001	5.752800000000001	6.3717999999999995	3.0625	0.0	0.0	0.0
Node 144		4.013599999999999	4.75151	5.1118	6.0145	4.40064	7.06688	5.64717	4.4651499999999995	8.2085	3.2163999999999997	2.217	7.62953	4.2096599999999995	3.8120800000000004	6.6152500000000005	6.16132	8.77218	9.89071	7.1400500000000005	2.32757	0.0	0.0	0.0
Node 187		6.52731	4.76745	6.46617	5.8905899999999995	7.19903	4.47117	4.80959	2.81262	3.18196	6.0688699999999995	4.236680000000001	3.44104	5.93049	4.39955	5.71022	5.27461	6.58754	2.4741	5.1743	3.9928600000000003	0.0	0.0	0.0
Node 50		6.56244	5.117780000000001	7.57106	7.96394	7.93115	8.26018	3.4129199999999997	4.09349	4.70746	3.06729	4.38638	6.904739999999999	5.36248	4.49282	4.33699	5.17719	6.08277	5.47623	6.84636	1.71893	0.0	0.0	0.0
Node 0		4.73313	4.89367	6.569500000000001	4.353280000000001	3.28222	9.116480000000001	2.60283	4.90921	7.674830000000001	6.9961899999999995	7.27553	7.0376900000000004	8.317860000000001	5.96485	3.42643	7.63118	4.25532	5.07484	6.09987	1.34308	0.0	0.0	0.0
Node 142		7.49749	6.14389	5.50019	8.588999999999999	4.94464	5.06855	2.89412	2.21666	3.5981199999999998	3.3013	6.15658	6.33018	4.63138	5.99659	3.73777	3.6770400000000003	7.46368	5.84279	4.619	3.0625	0.0	0.0	0.0
Node 53		4.706910000000001	6.45631	6.68713	8.05743	3.95664	6.985270000000001	2.96892	7.67451	5.76277	4.32536	3.6012299999999997	3.52692	7.689909999999999	5.04975	5.95217	9.287090000000001	6.15471	2.62065	5.02801	3.9928600000000003	0.0	0.0	0.0
Node 95		6.05121	4.03282	5.2345999999999995	7.04634	6.18777	3.72809	7.851420000000001	6.52369	8.23067	3.8266099999999996	6.9401	1.99423	6.73579	1.19767	3.5877600000000003	5.1693999999999996	3.3068599999999995	4.01945	4.59059	3.45978	0.0	0.0	0.0
Node 169		6.53585	7.667980000000001	7.662380000000001	7.94762	11.38772	4.51293	6.061310000000001	3.8377099999999995	5.81727	3.97533	5.01355	3.8031099999999998	1.64313	4.7763100000000005	4.3478	5.11866	8.71811	4.6799100000000005	8.26113	3.64922	0.0	0.0	0.0
Node 129		7.422829999999999	3.68815	5.88493	0.84863	6.90573	6.57323	5.74074	3.75455	5.33721	2.83696	1.50324	5.220219999999999	2.04546	4.88349	5.2365	5.43186	4.45714	3.2584799999999996	7.75431	0.8099999999999999	0.0	0.0	0.0
Node 122		8.08536	6.43875	7.04593	7.82183	8.79243	7.4323500000000005	4.85306	5.85145	7.49617	1.3147499999999999	0.74617	5.33318	5.391909999999999	8.339789999999999	7.128819999999999	5.59019	3.73956	2.53058	6.6595699999999995	4.57958	0.0	0.0	0.0
Node 52		4.1811	3.46782	6.45463	5.819719999999999	1.37461	4.45005	2.64765	6.54324	0.67434	5.13674	2.94825	8.16202	2.98926	4.2859	6.552180000000001	4.90447	7.66052	3.30578	5.0164800000000005	3.25793	0.0	0.0	0.0
Node 140		2.96746	4.2319	4.45468	2.67625	9.12317	4.55107	4.71011	5.51053	4.63667	4.597090000000001	1.48084	5.71318	7.744230000000001	4.49943	6.48077	2.6748600000000002	8.53269	3.70119	6.02791	2.18529	0.0	0.0	0.0
Node 74		8.705599999999999	7.565429999999999	5.59647	5.07338	5.5655	6.31577	5.13009	2.23051	5.27537	6.2575400000000005	5.80471	3.1453599999999997	6.0734900000000005	2.5226599999999997	4.26196	4.853899999999999	7.88035	4.9338	10.59301	1.34308	0.0	0.0	0.0
Node 171		5.63355	5.78315	4.79778	5.146450000000001	7.04321	6.40103	7.09332	6.98746	7.16966	3.3757599999999996	5.2371099999999995	6.3068	4.34805	6.48041	4.772810000000001	8.609079999999999	7.888770000000001	5.1678500000000005	3.5594099999999997	2.2525	0.0	0.0	0.0
Node 176		6.00315	3.68815	6.9434499999999995	6.87228	8.47768	4.04074	7.15832	5.48782	4.13769	3.87816	0.71376	5.7192	6.1213	3.27334	6.42433	7.98639	5.39044	5.39982	4.1212100000000005	1.34308	0.0	0.0	0.0
Node 59		4.9208	11.45998	1.66883	8.40078	5.35858	3.72955	4.39722	8.281410000000001	7.54707	6.871770000000001	7.11222	3.5948700000000002	0.97955	3.85452	6.19118	6.852129999999999	8.68107	2.62054	7.910830000000001	0.7885700000000001	0.0	0.0	0.0
Node 177		2.94646	2.33044	5.02109	5.99238	6.41259	6.06881	5.25792	1.2046299999999999	6.356920000000001	4.9422500000000005	3.26773	3.80961	3.78827	2.2921	4.701169999999999	4.03662	8.72853	3.37398	8.75555	1.5985699999999998	0.0	0.0	0.0
Node 163		5.3783900000000004	5.0311	4.88264	3.32493	5.4087700000000005	4.19304	6.252879999999999	4.11351	1.29313	1.64802	6.33469	4.24151	2.84196	6.874099999999999	8.13168	6.4319500000000005	7.77786	4.91728	6.51626	3.06201	0.0	0.0	0.0
Node 114		6.661490000000001	6.551229999999999	5.018389999999999	6.06242	1.74216	3.73967	2.32063	6.59145	3.57942	6.98058	7.381989999999999	5.50962	3.58227	5.53197	2.58569	2.99964	6.975499999999999	5.29589	5.9263	1.74085	0.0	0.0	0.0
Node 193		5.28513	4.6299399999999995	3.9782699999999998	2.70799	7.58119	7.1546899999999996	3.93788	8.29327	9.30962	8.15327	5.0172300000000005	2.3586099999999997	3.30501	6.82527	5.16164	2.79385	5.077050000000001	1.42606	6.53858	3.7695800000000004	0.0	0.0	0.0
Node 9		5.892250000000001	8.61462	3.21868	4.20576	5.57885	6.18539	1.37275	1.84752	9.33077	4.2376700000000005	5.45329	4.95927	6.95327	2.83075	3.76343	4.728079999999999	3.2198499999999997	6.0909699999999996	2.1703099999999997	2.13165	0.0	0.0	0.0
Node 10		6.361079999999999	6.6302	4.18011	9.54679	3.1375	2.21644	6.6162	3.7834899999999996	7.2897799999999995	0.0	2.43085	4.86097	3.15287	5.20146	7.79695	4.9383099999999995	4.06843	5.8833400000000005	6.6983500000000005	3.45978	0.0	0.0	0.0
Node 20		4.35106	7.10128	7.94405	5.1147100000000005	6.75596	5.1085199999999995	4.96014	7.16509	5.55743	3.80191	9.12173	8.1123	3.09316	3.7359000000000004	5.17112	4.30684	7.15949	5.173769999999999	8.51966	2.86065	0.0	0.0	0.0
Node 126		3.5637700000000003	7.59126	3.04082	6.67449	3.68565	2.85839	5.72753	6.7079200000000005	4.828609999999999	3.72007	5.3401499999999995	4.24067	7.27274	2.60645	4.79928	4.74836	6.8922	3.31081	4.6552999999999995	2.27393	0.0	0.0	0.0
Node 194		5.01423	4.44261	5.62293	0.72441	6.437320000000001	6.30559	6.46227	5.2044500000000005	3.6170800000000005	5.704540000000001	6.91725	6.57396	4.9676	6.21225	4.95681	4.824479999999999	9.43285	4.61402	7.715769999999999	2.27393	0.0	0.0	0.0
Node 82		1.32981	7.928599999999999	5.32247	6.71991	6.620330000000001	6.576840000000001	6.94873	5.01813	6.72671	4.32536	5.29497	7.66886	5.97372	5.85567	4.44295	5.84566	6.601039999999999	3.6602900000000003	7.45691	3.0625	0.0	0.0	0.0
Node 85		4.17409	6.27871	6.581720000000001	7.723199999999999	3.84896	3.70426	2.39767	5.29514	7.43041	4.22211	3.11378	3.63722	5.5653	3.712	2.5428800000000003	4.7903	7.132860000000001	4.1071	4.06025	0.7885700000000001	0.0	0.0	0.0
Node 67		9.77854	6.578290000000001	5.94101	3.5685000000000002	3.1384000000000003	2.42929	3.7217800000000003	1.55114	9.42475	1.85355	6.15566	4.13624	6.5481300000000005	5.0172099999999995	8.43058	4.9048099999999994	4.70186	2.20342	5.33959	2.52942	0.0	0.0	0.0
Node 29		4.379580000000001	0.0	4.79618	3.35875	4.62566	2.14644	4.65882	6.43107	1.97062	4.60815	5.41665	5.14795	3.22938	2.41912	7.05933	6.59208	4.20397	8.85831	5.93748	1.90837	0.0	0.0	0.0
Node 166		3.80898	9.78536	3.8154500000000002	3.58957	9.45918	5.17656	6.6162	4.91838	6.4751199999999995	3.06729	4.06222	7.05831	3.68358	3.01384	1.74274	7.49969	8.485610000000001	1.9274300000000002	4.84437	3.0625	0.0	0.0	0.0
Node 86		5.43674	7.49811	6.815980000000001	7.7073	6.4277500000000005	10.27914	3.32784	7.13339	10.66408	2.4248700000000003	4.12779	2.56357	5.75668	6.597930000000001	6.821149999999999	4.70767	4.403490000000001	3.4519	6.16528	4.57958	0.0	0.0	0.0
Node 115		8.371960000000001	4.947010000000001	6.07459	3.04369	6.04033	8.61947	4.93356	5.82119	3.59328	1.06888	6.574090000000001	5.96885	5.99409	6.92728	5.19605	6.906750000000001	3.41512	7.021579999999999	4.3303899999999995	1.51708	0.0	0.0	0.0
Node 87		5.73892	6.31758	4.11907	7.902820000000001	6.383850000000001	1.55975	4.36107	4.6361300000000005	5.80566	2.76179	5.347169999999999	4.45147	6.259480000000001	5.65933	5.6054699999999995	5.45381	5.28917	5.43906	5.68227	3.64873	0.0	0.0	0.0
Node 90		4.21858	4.79361	6.74656	8.41579	5.61039	5.30448	5.23677	4.27914	2.67174	3.3944099999999997	5.40311	4.13436	8.58184	6.63068	3.54789	8.66788	5.07655	6.0909699999999996	8.20672	2.83922	0.0	0.0	0.0
Node 109		2.61499	8.1042	2.54421	0.0	8.44066	6.01385	6.15707	4.85376	4.49784	3.8385000000000002	4.56987	7.19957	5.13867	7.07945	4.60954	4.40714	8.2944	1.9424000000000001	8.84697	2.13165	0.0	0.0	0.0
Node 191		4.7390300000000005	8.24964	3.7104199999999996	4.33073	4.82974	4.68544	6.131489999999999	4.19536	3.46432	4.95115	7.49386	5.973669999999999	6.51935	3.9925599999999997	7.82041	3.76889	8.39804	1.89433	4.25708	3.7695800000000004	0.0	0.0	0.0
Node 27		4.50575	7.3464100000000006	6.369370000000001	3.35875	2.45193	5.96456	5.9422299999999995	5.61591	4.3369	4.03214	5.03498	7.555820000000001	4.62452	5.48598	3.02249	7.62781	5.15531	6.575060000000001	3.65139	2.83922	0.0	0.0	0.0
Node 48		4.74019	9.173670000000001	7.30929	5.15669	4.3604400000000005	4.50906	6.7918400000000005	1.49314	5.87286	3.49473	4.197	5.31855	3.3708299999999998	5.3019	8.7913	3.4137500000000003	6.17652	5.18501	4.04867	2.2525	0.0	0.0	0.0
Node 106		7.41696	6.3017	7.09378	1.58492	5.85027	7.0454799999999995	3.51279	5.660769999999999	8.69603	3.87691	1.69913	4.92035	5.92288	7.024279999999999	9.20529	9.17107	8.68675	4.61452	6.4587699999999995	1.90837	0.0	0.0	0.0
Node 36		6.42488	8.21055	7.424029999999999	5.03434	4.04371	6.82368	1.37275	5.68901	5.389130000000001	5.82127	2.41913	6.69575	3.61335	5.71581	4.80981	3.39702	6.979620000000001	4.265759999999999	5.21461	2.52942	0.0	0.0	0.0
Node 11		5.0465	2.28295	5.9622	7.20157	5.39839	4.887090000000001	5.29918	5.78106	3.01531	3.57511	5.58247	8.39594	4.07365	2.9300900000000003	4.80258	6.3033	5.8718699999999995	5.06554	6.9807999999999995	3.0625	0.0	0.0	0.0
Node 24		7.781979999999999	5.23859	4.25503	9.05665	6.979620000000001	5.25205	6.23024	5.79626	3.9865200000000005	4.82929	5.17342	7.11783	4.08735	4.88994	2.84407	4.46914	4.41484	5.6427	7.78274	2.32757	0.0	0.0	0.0
Node 197		5.170170000000001	2.41491	7.30813	2.46529	2.79304	5.31481	6.9213499999999994	3.4660900000000003	6.60395	6.31774	5.793340000000001	6.88588	3.6298299999999997	4.10364	4.595479999999999	3.54111	6.01378	4.03672	7.21277	0.8099999999999999	0.0	0.0	0.0
Node 105		3.3067399999999996	2.08712	1.37199	8.627229999999999	4.01416	6.62626	7.03791	5.57637	3.79163	6.22692	6.4196100000000005	8.30935	4.521850000000001	6.28102	5.15426	3.29766	5.63238	2.43723	7.34119	2.30614	0.0	0.0	0.0
Node 19		3.65792	3.2639099999999996	7.252509999999999	7.724060000000001	8.0084	6.01355	5.23677	5.57254	7.811260000000001	4.83027	6.1180699999999995	2.95575	5.27154	5.09365	6.78959	4.36274	5.88264	5.23876	4.9655	0.9308500000000001	0.0	0.0	0.0
Node 196		4.88566	3.9670499999999995	5.91249	2.70704	7.3737200000000005	4.734	5.20391	8.95575	4.37759	8.72405	5.20805	3.9800500000000003	3.03737	6.01573	3.06752	4.58213	6.505170000000001	1.633	6.71315	2.83922	0.0	0.0	0.0
Node 101		7.24356	7.40525	2.8253299999999997	5.98362	7.40715	9.922509999999999	3.10384	4.3415099999999995	5.90742	3.91332	5.80111	7.188460000000001	4.1930000000000005	6.96471	6.22319	6.13884	7.53287	3.87571	7.50966	3.1161399999999997	0.0	0.0	0.0
Node 39		3.52107	6.08187	3.33622	8.09939	5.197290000000001	6.284190000000001	1.6232	3.5381500000000004	5.6473	3.67795	1.8377999999999999	4.6619399999999995	5.95221	2.88456	5.574409999999999	4.63974	6.59607	4.92073	2.7318700000000002	3.06201	0.0	0.0	0.0
Node 107		2.49137	4.56691	5.85207	3.31661	6.71881	3.84809	2.8681200000000002	5.691199999999999	6.650499999999999	4.095759999999999	2.5973699999999997	3.7055499999999997	5.43433	4.26775	7.625360000000001	3.8622799999999997	6.689430000000001	5.46824	8.14197	3.0625	0.0	0.0	0.0
Node 5		6.19286	5.07765	7.50112	6.665640000000001	3.0017	6.89509	5.274	5.99338	1.79038	3.06693	2.41289	5.568420000000001	2.7231	7.14504	5.84353	5.1668	4.844049999999999	3.52733	8.74607	3.2365	0.0	0.0	0.0
Node 184		5.30192	7.5283299999999995	5.44109	7.009460000000001	4.13833	5.3527499999999995	3.1814500000000003	2.5781	3.8059299999999996	4.83063	4.06893	6.04158	9.02959	4.6643	5.11975	2.34093	6.77165	4.16439	3.6627600000000005	2.52942	0.0	0.0	0.0
Node 168		5.79561	7.33685	4.777229999999999	2.68597	6.60298	3.55143	5.37128	5.0843300000000005	5.12707	3.40991	5.54977	3.65776	6.3526	4.65965	3.23654	5.91784	10.02648	4.51731	7.60431	2.39429	0.0	0.0	0.0
Node 34		5.37866	4.45019	5.936	6.3123	3.6379799999999998	3.7930800000000002	6.24997	6.7162299999999995	6.86822	3.64243	6.48108	5.888199999999999	3.7582400000000002	6.3899	4.58644	1.20339	6.530469999999999	4.11611	9.37908	3.0625	0.0	0.0	0.0
Node 108		4.7077599999999995	4.30811	2.91953	2.60139	4.45075	7.00794	5.50178	5.44073	8.07034	3.76139	3.5510600000000005	6.877179999999999	8.603860000000001	3.4585	7.37642	5.9291	5.32228	4.03672	5.27469	3.64922	0.0	0.0	0.0
Node 58		3.19464	4.5639199999999995	7.16203	8.71391	4.3196900000000005	6.66977	3.45323	4.27023	5.73318	3.36967	5.82014	4.83265	6.3706499999999995	6.785190000000001	7.93654	6.852129999999999	6.53054	3.2324800000000002	2.65332	2.30614	0.0	0.0	0.0
Node 170		7.17901	3.68616	5.165220000000001	8.76661	3.9768900000000005	6.33945	6.16506	4.99454	8.341809999999999	3.60347	3.1346100000000003	6.92144	4.9696299999999995	8.22798	4.3484	8.0952	6.451429999999999	4.65854	5.66317	2.13165	0.0	0.0	0.0
Node 70		8.41363	7.1051	7.91467	9.28944	6.35307	2.2016999999999998	5.04127	4.98352	8.44796	2.47986	3.70909	3.49575	6.62149	2.04681	6.1347	7.2531799999999995	5.01784	0.68174	6.292549999999999	4.57958	0.0	0.0	0.0
Node 31		3.8572	7.7584	2.43917	5.15669	7.9686900000000005	5.86787	8.97817	3.2342000000000004	5.76483	4.82965	4.80049	5.049370000000001	4.95239	7.473870000000001	7.713019999999999	1.9870100000000002	5.54305	4.05572	7.42208	3.45978	0.0	0.0	0.0
Node 21		2.96582	1.9101	4.36313	4.28224	5.07319	4.67724	2.9678	6.559629999999999	5.19852	4.21639	6.17096	3.69152	3.64146	5.11737	6.76711	5.35284	6.08197	2.26973	6.730510000000001	0.0	0.0	0.0	0.0
Node 119		3.2597500000000004	7.158150000000001	5.3314	4.10827	10.51267	9.46247	6.50691	5.48563	4.05383	4.42921	3.26773	5.901730000000001	3.9466	8.43949	4.87485	4.76225	8.56125	7.55894	5.0867700000000005	2.52893	0.0	0.0	0.0
Node 132		4.56598	6.30873	2.67286	8.478810000000001	7.52512	2.31148	2.39767	6.352399999999999	7.52654	2.4248700000000003	2.2188	4.46409	5.46957	4.1523699999999995	7.113029999999999	7.68802	7.477069999999999	4.96691	2.2453000000000003	4.0465	0.0	0.0	0.0
Node 69		6.207	2.34699	6.66702	5.03407	9.371889999999999	4.47117	5.26906	4.4061200000000005	6.042199999999999	1.52221	4.679790000000001	7.411619999999999	6.94134	7.53978	2.71645	6.58165	10.28236	4.1071	3.5243200000000003	2.13165	0.0	0.0	0.0
Node 190		4.13225	7.94575	8.17907	5.81808	2.45193	4.49864	6.18453	6.08191	7.2509500000000005	3.47814	7.99706	4.83265	4.17819	3.34172	3.7546299999999997	6.09561	8.6921	7.37363	7.63804	2.2525	0.0	0.0	0.0
Node 76		5.24547	8.64028	4.97495	2.62394	6.278599999999999	3.13897	3.82495	7.75112	6.759130000000001	3.72007	7.84155	5.0289399999999995	3.5549999999999997	7.04162	5.91573	7.357959999999999	7.18563	4.34989	3.9557	1.5985699999999998	0.0	0.0	0.0
Node 1		6.96181	5.09687	5.75294	4.02425	6.84975	2.95313	6.71018	6.31668	2.66547	6.737120000000001	3.31737	6.984799999999999	3.63349	4.73531	1.50461	5.7648600000000005	7.02143	5.9026700000000005	6.50691	3.64922	0.0	0.0	0.0
Node 7		8.18095	6.612850000000001	4.17797	4.2476199999999995	7.44899	8.79402	4.36261	1.96628	4.10896	5.82163	5.25519	2.33568	6.598809999999999	7.59846	5.681010000000001	3.3201099999999997	6.00588	5.72495	7.68668	1.74085	0.0	0.0	0.0
Node 120		2.14476	8.75049	4.92237	7.03359	6.56278	4.92757	3.8331299999999997	4.80467	7.3975100000000005	4.08392	4.25122	4.62042	5.44685	3.9197	8.73683	6.796870000000001	6.945079999999999	2.8495	5.16912	2.13165	0.0	0.0	0.0
Node 180		4.50575	11.71409	6.778449999999999	9.22799	5.17668	5.25657	6.32549	5.67555	5.3682300000000005	5.7789399999999995	6.54835	3.8011999999999997	5.33002	2.47924	2.3359	4.53862	4.52779	4.05572	7.47077	3.18286	0.0	0.0	0.0
Node 66		4.33223	8.27294	5.892519999999999	9.246550000000001	5.80734	7.11168	3.78785	3.6449000000000003	5.07003	6.36688	7.5876399999999995	5.666849999999999	3.91783	2.1665	4.57151	5.73905	6.98888	2.30879	8.077399999999999	1.46393	0.0	0.0	0.0
Node 80		2.5605599999999997	5.8805000000000005	3.76523	4.18631	5.03963	5.3933	5.247199999999999	5.62505	4.73031	5.7469600000000005	2.16773	6.977659999999999	7.17429	6.05558	5.41661	4.91882	7.74743	6.491039999999999	8.66898	1.5985699999999998	0.0	0.0	0.0
Node 155		5.9829300000000005	2.55457	6.70848	4.23086	5.44069	4.45646	3.9878400000000003	6.38275	4.0958000000000006	5.7873	6.03909	10.23806	7.62008	7.1342	6.3067	6.51097	5.24273	6.447	3.85267	3.9928600000000003	0.0	0.0	0.0
Node 71		5.40381	8.93793	4.02328	2.71987	6.3654399999999995	5.16151	6.608899999999999	5.13607	5.30597	5.25036	6.13041	3.7934099999999997	6.20156	4.79889	3.1726900000000002	6.953539999999999	9.65983	0.52533	5.8812299999999995	0.9308500000000001	0.0	0.0	0.0
Node 172		6.07038	5.9349	4.84232	6.37732	6.01524	7.46494	5.4823200000000005	5.68572	9.30003	5.18835	6.801550000000001	5.72456	3.16281	2.3065800000000003	7.01382	5.3689599999999995	6.804780000000001	6.1900200000000005	4.6360600000000005	2.52942	0.0	0.0	0.0
Node 111		3.1840300000000004	6.88675	3.8251599999999994	5.259939999999999	7.325130000000001	6.97806	7.3296399999999995	4.38658	7.923189999999999	4.97799	3.7664000000000004	2.62919	3.70507	4.30502	4.2695799999999995	6.416510000000001	3.0341	5.28625	5.3836200000000005	2.98101	0.0	0.0	0.0
Node 195		5.61544	6.39285	3.13107	4.12837	5.86515	4.47117	5.02952	7.89676	7.968119999999999	7.04601	4.46784	7.28635	4.35922	3.37383	6.87768	9.401629999999999	3.39721	3.37993	7.3532	3.0625	0.0	0.0	0.0
Node 102		6.19213	5.75392	8.35243	4.55549	3.0632099999999998	3.05121	5.291110000000001	2.93867	10.14998	6.40635	6.80735	4.87238	3.57721	4.66	6.1347	6.4244200000000005	4.51213	3.1549899999999997	3.77294	2.27393	0.0	0.0	0.0
Node 199		2.06427	8.61857	5.07446	7.9895	5.4119399999999995	5.1216	5.7614	6.25761	6.45813	4.2258	4.18187	4.44872	8.877889999999999	5.3096	4.502	8.29472	9.18031	5.12743	6.740690000000001	3.64922	0.0	0.0	0.0
Node 124		3.15753	9.192210000000001	4.1581600000000005	0.8605099999999999	3.59057	7.11168	7.419969999999999	4.55447	4.93659	3.22336	3.01916	9.547089999999999	6.27311	6.22012	2.36156	4.29213	3.48866	7.76402	6.894550000000001	2.52893	0.0	0.0	0.0
Node 159		6.17671	2.80555	5.20112	5.24073	6.99344	6.263929999999999	5.7496	1.48721	7.0419599999999996	1.71177	4.01821	5.40653	4.37823	5.90316	6.88295	2.3248100000000003	7.84807	7.0199	8.99691	2.13165	0.0	0.0	0.0
Node 186		6.629740000000001	3.71255	6.8243100000000005	6.80089	4.55802	2.95343	6.42703	5.84849	4.18175	0.0	5.23731	4.54681	2.8194500000000002	5.320069999999999	2.1910499999999997	6.52267	6.5307699999999995	5.19379	2.33465	4.57958	0.0	0.0	0.0
Node 41		5.723380000000001	5.7887	5.72179	6.12056	7.38877	2.1266	7.32862	6.70202	5.56322	3.69928	7.14324	3.61384	5.586139999999999	3.3880399999999997	8.29354	7.59499	6.39808	4.33462	6.4899700000000005	4.57958	0.0	0.0	0.0
Node 161		5.91822	7.5549599999999995	7.09378	0.72441	3.3135199999999996	7.50576	6.12529	3.1836999999999995	7.74836	7.56923	3.34893	5.8363	4.39034	7.414569999999999	4.8661	3.60722	5.9969	6.2023	5.02261	3.0625	0.0	0.0	0.0
Node 68		4.67626	5.7095	3.6874	2.28424	6.41982	5.30148	7.076219999999999	2.62606	7.7973	5.10293	5.91594	2.8290699999999998	1.9125900000000002	3.86817	4.64572	8.82655	4.78571	3.05897	2.93945	2.2525	0.0	0.0	0.0
Node 123		6.6874	7.573	5.358700000000001	7.899589999999999	7.06778	5.7671399999999995	3.8973500000000003	3.7215	7.71965	4.37147	3.2665100000000002	5.48998	2.96037	6.03149	0.75548	3.8209	5.32228	4.60801	8.43782	3.0625	0.0	0.0	0.0
Node 32		2.62847	5.9245	7.52083	0.84863	7.30629	6.56833	5.53982	3.90579	6.853280000000001	4.915909999999999	5.9585	7.491009999999999	4.0792	6.93372	4.11081	2.36838	5.68239	6.6476999999999995	8.10688	3.0625	0.0	0.0	0.0
Node 83		3.73282	0.82211	5.95901	4.76066	6.27343	2.17246	6.764209999999999	3.1458	2.4806600000000003	5.81345	4.63169	6.255629999999999	6.748079999999999	3.27334	7.035030000000001	7.67291	3.1189299999999998	5.265630000000001	6.76798	2.2525	0.0	0.0	0.0
Node 16		8.26066	5.27287	8.896220000000001	1.485	9.877379999999999	5.46014	5.01364	5.8788	2.91393	6.882689999999999	2.57193	6.35648	6.52805	6.751110000000001	4.50246	6.439010000000001	4.36544	6.6539	3.13226	3.20429	0.0	0.0	0.0
Node 40		5.0999	9.150450000000001	5.60256	4.24786	5.68207	6.80528	8.7101	3.3731400000000002	7.04515	4.08568	6.7360299999999995	4.88436	4.35038	6.10418	3.02249	1.52456	5.69191	3.52733	3.0407300000000004	2.2525	0.0	0.0	0.0
Node 152		3.75941	1.61451	5.49399	6.9295800000000005	2.75372	5.90616	3.23436	4.3137799999999995	5.54443	4.25602	8.43779	7.1126	3.38971	4.47809	6.13367	1.20339	9.760209999999999	1.38108	8.21019	2.86065	0.0	0.0	0.0
Node 127		8.02782	8.30721	8.148439999999999	3.55696	3.58481	4.58721	3.50915	5.77192	7.22486	3.93499	5.64067	5.70711	3.2519600000000004	6.39459	4.98293	7.63744	9.6945	6.0911	6.62129	2.86016	0.0	0.0	0.0
Node 78		3.19427	5.87893	7.54185	7.254579999999999	3.21141	4.57962	5.665649999999999	5.099	4.79735	4.77652	2.34965	8.00976	2.10433	3.6192	7.64123	7.28652	6.774280000000001	3.39703	6.128	3.0625	0.0	0.0	0.0
Node 157		7.528	7.800999999999999	5.18321	8.10004	5.35191	3.6518299999999995	5.33645	4.13371	5.26886	6.668749999999999	3.23887	5.14277	2.98477	3.12533	4.34614	7.78307	6.938320000000001	5.50283	5.27694	2.52942	0.0	0.0	0.0
Node 110		3.37449	8.55029	10.797320000000001	7.547420000000001	5.57852	3.11942	9.317499999999999	8.281410000000001	4.24176	4.94313	4.4719500000000005	6.37061	4.7618599999999995	4.105090000000001	6.26746	6.02898	5.9221200000000005	5.34642	7.20716	1.9298	0.0	0.0	0.0
Node 2		3.19464	5.59673	4.79734	6.0809299999999995	4.399030000000001	3.9003900000000002	7.421740000000001	5.6271	8.198080000000001	7.64005	8.87941	6.347949999999999	3.9266799999999997	6.3627199999999995	5.58229	5.73334	4.89501	3.43437	6.579300000000001	1.86121	0.0	0.0	0.0
Node 14		6.826169999999999	4.896190000000001	6.53639	4.944570000000001	6.7040500000000005	3.55679	5.90531	4.89184	6.607290000000001	3.57174	4.42909	4.0358600000000004	5.1389700000000005	5.8703199999999995	7.51247	6.55699	6.903430000000001	0.67579	5.90021	1.34308	0.0	0.0	0.0
Node 92		5.09708	9.51619	1.37199	8.8238	4.5762	2.7782999999999998	6.91764	7.75112	2.5293900000000002	3.40991	6.31163	5.56662	5.89212	4.105090000000001	4.27924	2.63744	5.54955	1.58247	6.14993	1.71942	0.0	0.0	0.0
Node 165		5.22087	6.19718	8.30866	7.82183	7.90616	3.83097	2.26027	4.04347	7.55497	2.9432199999999997	4.80071	5.80128	5.81587	4.6943	3.16734	4.1546899999999996	5.06156	2.1018499999999998	6.5643199999999995	3.64922	0.0	0.0	0.0
Node 54		5.11406	6.1698	8.149280000000001	7.902820000000001	6.4882800000000005	8.36488	5.8194099999999995	5.75394	5.1119699999999995	6.88367	5.92076	5.93989	5.99849	5.46079	4.8633299999999995	4.51748	10.41349	4.08491	5.93418	2.98101	0.0	0.0	0.0
Node 62		6.359389999999999	3.5901099999999997	3.63756	4.437329999999999	4.61585	3.8584599999999996	4.74783	5.769769999999999	6.20092	6.1118	4.05097	4.09555	2.97928	2.4827	6.25398	2.8164499999999997	7.008699999999999	3.52395	6.29141	3.64922	0.0	0.0	0.0
Node 139		2.89099	3.2345699999999997	2.55392	10.29843	6.13464	4.4958100000000005	7.24175	5.710380000000001	6.26719	5.10293	3.2835	1.14151	5.1823	4.88112	4.18339	5.77072	7.16504	5.29589	5.46179	3.0625	0.0	0.0	0.0
Node 136		7.24459	2.34699	4.35637	9.224490000000001	4.07497	5.4044099999999995	3.7623499999999996	7.8475	6.280900000000001	4.01284	3.9427200000000004	7.70373	2.43706	2.04681	6.00307	6.874479999999999	5.82918	3.2123199999999996	2.78019	2.64978	0.0	0.0	0.0
Node 141		6.2155700000000005	5.85716	6.37151	6.911639999999999	8.5774	6.1588400000000005	2.89682	5.39784	8.09708	5.462	7.72473	5.71619	7.17478	6.46525	10.93683	8.59601	8.47133	2.84865	3.6100399999999997	2.86065	0.0	0.0	0.0
Node 33		3.7070600000000002	3.6995199999999997	5.83969	5.2062	3.1404500000000004	4.7400400000000005	8.73878	6.3530500000000005	3.6224600000000002	5.674189999999999	6.16472	6.365170000000001	6.886240000000001	2.7877300000000003	4.5174199999999995	5.62251	8.61277	5.641	3.3451	1.46393	0.0	0.0	0.0
Node 72		4.452310000000001	6.55748	5.79199	6.02225	4.2560899999999995	5.68316	3.5295300000000003	4.81285	9.26819	4.12634	7.07515	2.0873	6.42053	5.35717	5.76759	2.55161	7.667110000000001	5.7309	4.72191	0.9308500000000001	0.0	0.0	0.0
Node 30		5.0119	5.83768	5.52163	3.5887000000000002	9.96823	1.55709	5.24091	6.14196	4.67476	3.12187	5.253	5.203880000000001	11.3302	3.80531	5.3865799999999995	3.12293	10.42899	7.74599	8.181099999999999	2.2520100000000003	0.0	0.0	0.0
Node 42		4.273	3.57458	3.54145	4.333080000000001	4.00315	5.33804	4.24928	5.07025	5.005529999999999	4.37632	6.96884	3.40301	5.88564	4.548719999999999	8.66469	6.0834	5.35103	3.23901	6.662260000000001	2.98101	0.0	0.0	0.0
Node 44		5.99513	6.93915	8.47286	2.47372	6.5279799999999994	5.12098	3.55486	6.0445400000000005	6.5107	3.4365300000000003	4.2783500000000005	5.26091	7.81887	3.92112	4.8527000000000005	5.843629999999999	4.11141	1.88286	7.57071	2.30614	0.0	0.0	0.0
Node 183		7.306039999999999	5.3849	4.07462	1.7400100000000003	7.29437	5.68276	4.40574	5.97773	4.858210000000001	4.1785000000000005	4.90793	3.67607	2.60321	1.9906799999999998	5.52337	2.13434	5.99769	5.43906	2.93945	4.0465	0.0	0.0	0.0
Node 164		5.65577	7.70403	3.2260700000000004	4.44921	3.68565	5.36203	5.15571	5.62628	7.963679999999999	2.63143	6.70061	6.636699999999999	2.08175	3.14923	5.79785	2.15142	5.05286	5.9220299999999995	5.96511	3.7695800000000004	0.0	0.0	0.0
Node 81		4.92755	4.30689	6.84633	2.67625	5.98665	4.92065	5.47477	3.8372	8.09717	5.3265	6.88472	4.6645199999999996	3.04325	3.82045	5.24737	2.95818	5.2545399999999995	4.73431	6.87842	2.86065	0.0	0.0	0.0
Node 135		2.92197	7.127619999999999	4.82177	5.226660000000001	4.07189	6.39061	5.9319999999999995	3.945	7.9393400000000005	5.0286	4.86445	2.37914	3.07835	3.1539200000000003	4.60508	4.68003	4.03878	2.1133200000000003	8.72424	2.2525	0.0	0.0	0.0
Node 153		7.103719999999999	4.21306	5.5867	5.6947	3.76424	5.7568	3.64416	4.8254600000000005	4.308730000000001	3.6275000000000004	8.78732	7.41433	4.11006	2.32456	3.92611	6.581729999999999	6.907679999999999	5.6258	6.62181	2.67121	0.0	0.0	0.0
Node 35		6.2955700000000006	7.209849999999999	7.07792	7.975169999999999	7.346080000000001	5.25985	7.95993	3.68917	5.06815	3.3434199999999996	5.23616	2.5247599999999997	1.5778899999999998	4.82371	3.0256600000000002	6.630070000000001	5.1064	4.42493	6.76788	2.18529	0.0	0.0	0.0
Node 17		7.57223	6.36148	3.1939299999999995	2.51734	2.41662	3.05121	7.98628	4.84258	8.69641	5.50913	6.31163	8.017240000000001	3.1720900000000003	5.28821	4.9707	1.59837	7.1066400000000005	5.372529999999999	6.01625	2.52942	0.0	0.0	0.0
Node 137		2.5024	2.43805	4.9448	6.05867	7.40108	3.76132	4.65274	6.23025	6.5107	3.4365300000000003	2.61721	4.705970000000001	5.4314	5.38777	6.10656	2.77959	7.22645	0.6872600000000001	4.04867	0.9308500000000001	0.0	0.0	0.0
Node 147		8.58883	7.58866	4.93747	4.44921	2.5719	6.01355	2.88008	5.72827	5.57899	8.010290000000001	3.91793	4.06152	6.68464	5.24611	2.0803700000000003	1.9870100000000002	5.00427	2.7835900000000002	4.555499999999999	2.30565	0.0	0.0	0.0
Node 121		4.25204	7.359970000000001	2.7022999999999997	5.877269999999999	4.9543	3.6527900000000004	3.6447399999999996	6.17597	7.089180000000001	1.91232	6.13934	3.37664	2.1709	5.36021	2.78295	2.79737	7.5394000000000005	4.056570000000001	5.53013	2.13165	0.0	0.0	0.0
Node 156		7.62679	5.01762	2.98404	1.81487	5.98954	8.46301	8.825339999999999	2.85668	10.15899	4.5218	3.72167	5.94242	4.7752	5.4291100000000005	4.86127	2.73097	4.87156	6.79337	6.89951	2.2525	0.0	0.0	0.0
Node 150		7.289339999999999	2.92732	5.67725	3.43153	7.325130000000001	5.908329999999999	4.51127	3.45937	10.403419999999999	6.56624	8.41551	4.11916	2.93668	3.07205	6.02701	6.72044	8.730839999999999	3.97128	2.01631	3.64873	0.0	0.0	0.0
Node 79		3.0400300000000002	7.61005	4.2405100000000004	8.34187	3.6097499999999996	6.07002	4.75242	5.73463	7.342790000000001	5.77388	7.15233	3.3356200000000005	6.3237000000000005	8.15641	4.0456199999999995	4.24195	3.59437	5.56262	7.14575	2.64978	0.0	0.0	0.0
Node 61		6.235539999999999	7.78549	8.29598	10.38327	4.6683200000000005	6.82241	5.397939999999999	5.05539	8.32258	5.13589	1.4599300000000002	6.96796	5.35763	2.9926999999999997	7.32698	5.73042	6.82181	3.4708500000000004	8.03233	1.5985699999999998	0.0	0.0	0.0
Node 117		5.7902700000000005	7.1272199999999994	3.0163200000000003	4.944570000000001	3.78331	7.81338	6.79332	4.38694	4.74184	5.15632	5.55312	7.18468	5.586139999999999	6.35252	4.3568500000000006	4.295170000000001	5.4839199999999995	3.43131	5.19109	1.74085	0.0	0.0	0.0
Node 46		2.95683	3.5938	5.2682199999999995	3.58957	5.0683300000000004	5.15516	4.25473	5.62883	9.13339	5.7793	4.33711	3.52834	6.0022	3.96742	10.167850000000001	6.18288	8.199539999999999	7.02146	7.372629999999999	2.13165	0.0	0.0	0.0
Node 149		5.52842	5.79369	8.29045	5.23575	7.33246	4.91761	2.90115	2.99181	6.38471	2.96849	4.27106	7.34214	5.96228	4.143009999999999	8.42481	4.840520000000001	10.137649999999999	2.17286	6.13323	3.0625	0.0	0.0	0.0
Node 56		7.4261099999999995	7.23641	3.13173	6.81769	7.654469999999999	4.74305	3.25134	5.81643	8.60596	7.0999099999999995	3.75819	4.48191	8.58416	5.069039999999999	6.12826	9.684239999999999	8.766680000000001	2.26378	4.76245	3.7695800000000004	0.0	0.0	0.0
Node 131		6.32639	4.76262	8.08103	5.3471	3.3146299999999997	3.9003900000000002	7.52881	2.83865	6.46514	2.87147	5.59163	4.92084	6.16182	5.42834	3.70664	1.31065	6.00891	3.75781	7.35365	2.83922	0.0	0.0	0.0
Node 162		9.07954	4.06136	5.5756	3.31305	9.10681	2.16963	6.866650000000001	4.09994	5.087400000000001	3.4307	3.2119	6.441769999999999	5.76384	3.45768	6.89018	10.15027	7.44504	4.61432	6.842560000000001	1.3752900000000001	0.0	0.0	0.0
Node 125		6.79082	5.625100000000001	2.87498	5.2975200000000005	7.62464	5.53988	4.1518	3.8178400000000003	7.93703	3.7516800000000003	7.3219199999999995	3.8596	4.7874	6.719329999999999	3.82645	10.51119	3.04539	5.12838	9.173689999999999	2.30565	0.0	0.0	0.0
Node 134		4.90274	7.459300000000001	5.98463	7.60337	2.60486	3.4984	8.40492	3.8659600000000003	8.460099999999999	5.33414	4.63169	5.35482	6.08242	6.10341	5.70859	3.17082	6.30686	5.38071	6.60345	3.1161399999999997	0.0	0.0	0.0
Node 89		7.28751	7.847160000000001	4.84005	7.536510000000001	5.19127	2.93527	5.17621	2.89595	9.370009999999999	4.35602	3.8615999999999997	3.3704699999999996	6.533110000000001	4.9606699999999995	6.373489999999999	5.51033	4.3372399999999995	3.90924	4.42442	3.0625	0.0	0.0	0.0
Node 130		7.1321200000000005	4.9752	6.57311	9.16004	5.88519	5.96456	3.90707	5.86174	9.25135	5.001379999999999	3.97395	3.6647499999999997	3.57721	5.75021	3.11889	9.604379999999999	7.62066	4.31401	6.395199999999999	3.06201	0.0	0.0	0.0
Node 45		3.23617	3.8837200000000003	7.41767	3.5685000000000002	7.18935	5.72942	6.0861	4.15909	5.812670000000001	5.5575600000000005	4.3191500000000005	5.12898	8.09743	4.92668	3.31423	7.010719999999999	6.65267	6.7714300000000005	5.88401	2.52942	0.0	0.0	0.0
Node 6		3.96894	6.859039999999999	6.8954699999999995	7.55789	2.22837	7.08005	5.25792	6.53484	9.59659	6.60855	5.9585	5.42194	7.54686	2.3286000000000002	5.97871	6.502610000000001	9.5818	4.03455	5.776	2.83922	0.0	0.0	0.0
Node 15		7.95599	9.193859999999999	6.9499699999999995	6.15062	6.66655	9.46587	5.42941	7.64848	5.22033	6.5222	4.06674	4.88418	3.15287	3.17037	2.90275	6.79934	3.68855	4.52218	5.44407	3.79101	0.0	0.0	0.0
Node 128		5.58662	6.095890000000001	4.7475499999999995	4.546200000000001	4.11028	4.99723	5.538860000000001	3.93661	4.44906	4.50577	5.17342	8.21553	6.37618	4.5770800000000005	4.50127	6.360449999999999	6.01835	4.16439	8.14794	3.1161399999999997	0.0	0.0	0.0
Node 28		3.86735	4.77965	4.174259999999999	5.14067	3.3146299999999997	6.06968	2.26057	4.87678	8.47829	4.301839999999999	5.57087	4.861	3.97635	2.7648699999999997	3.00787	3.4236500000000003	6.58401	8.10243	7.49517	3.0625	0.0	0.0	0.0
Node 146		8.31217	3.14789	6.7164	7.59201	6.32016	3.5010100000000004	4.57677	3.71382	5.52658	0.0	4.83312	2.3567	5.4363399999999995	9.66054	2.71331	3.1579500000000005	7.96094	3.28391	7.31288	4.57958	0.0	0.0	0.0
Node 3		4.40428	7.7268799999999995	3.17372	5.42488	2.60321	4.0475200000000005	8.205179999999999	6.13578	5.26153	3.81954	5.14453	5.43128	5.8128899999999994	5.0019	4.93887	4.38935	7.44102	5.76254	7.5147699999999995	2.2525	0.0	0.0	0.0
Node 192		8.63434	3.3376799999999998	5.73941	3.00865	9.05947	7.09007	5.56404	2.79859	4.69127	3.97533	6.764779999999999	4.6037	8.246630000000001	6.61413	3.10776	4.80424	5.18443	7.65459	5.99901	1.5985699999999998	0.0	0.0	0.0
Node 55		6.775639999999999	7.58379	5.40324	4.33746	5.86137	6.387510000000001	9.89882	6.34756	5.09469	5.93402	3.15852	7.453790000000001	1.8599899999999998	4.76643	7.03881	4.7913	8.10077	2.09532	3.6324799999999997	2.83922	0.0	0.0	0.0
Node 151		5.78352	1.49135	6.61872	6.899569999999999	5.14455	2.3863700000000003	6.2137199999999995	3.8213700000000004	7.43057	4.35313	3.17536	2.62088	2.7541800000000003	5.7493	7.32236	3.91327	1.5832	3.43131	6.75727	0.9308500000000001	0.0	0.0	0.0
Node 154		2.86155	4.76014	5.11386	5.27888	3.61642	3.81448	6.7505	3.78308	5.85701	5.63612	4.4858	6.22575	5.15468	2.94497	5.26988	7.45206	7.00489	2.78911	7.36122	4.57958	0.0	0.0	0.0
Node 63		3.85275	1.7026199999999998	6.6409899999999995	3.4702200000000003	4.67084	5.74993	5.90531	6.013870000000001	9.158520000000001	2.1780500000000003	6.54835	8.75332	5.77574	7.3837399999999995	5.4703599999999994	7.82398	7.67723	3.5868700000000002	5.84133	2.30614	0.0	0.0	0.0
Node 158		6.3779	6.25	4.23665	9.50558	3.79414	8.92502	6.808350000000001	5.92284	4.66015	6.343890000000001	5.91375	2.7639400000000003	9.376579999999999	5.643660000000001	1.75816	4.9925999999999995	5.69051	3.52138	6.26602	3.0625	0.0	0.0	0.0
Node 12		3.82424	0.0	5.59079	5.055140000000001	7.72743	7.1455400000000004	9.472719999999999	3.4440900000000005	5.61067	6.10633	2.39524	5.00563	5.3143	9.50189	5.41257	6.0237300000000005	5.47943	5.97309	3.9184900000000003	4.0465	0.0	0.0	0.0
Node 188		3.74417	2.97539	2.8253299999999997	9.64242	4.29183	4.45792	7.456550000000001	6.12245	3.41765	4.75275	5.45926	5.4427900000000005	2.00223	6.14335	5.487369999999999	4.1438999999999995	5.90466	3.97043	9.38093	4.57958	0.0	0.0	0.0
Node 91		3.9101999999999997	7.008209999999999	5.42443	6.4931	4.63859	5.29972	4.59352	6.0893299999999995	2.34633	4.8786700000000005	2.41289	4.8178600000000005	7.7305399999999995	2.40552	7.91462	6.333740000000001	7.45339	3.26394	6.62441	3.0625	0.0	0.0	0.0
Node 118		5.66653	4.2391499999999995	4.947150000000001	6.885139999999999	4.66122	7.323689999999999	4.76711	5.56566	7.86217	6.55997	5.5684499999999995	5.24038	7.344639999999999	4.7891	7.86355	8.47193	6.046880000000001	5.01836	5.83881	2.83922	0.0	0.0	0.0
Node 25		4.63045	6.02025	3.1229400000000003	4.41626	5.197290000000001	3.79283	7.860449999999999	5.63006	4.66254	5.45554	3.81924	4.1277099999999995	5.4097	5.83709	6.09077	5.84118	4.555499999999999	7.129670000000001	6.26702	3.25793	0.0	0.0	0.0
Node 100		6.94448	7.0749699999999995	5.017930000000001	6.4528	7.36762	6.377389999999999	5.5329299999999995	4.15135	4.7900100000000005	6.882689999999999	3.55937	5.59441	5.89953	4.86247	5.39452	2.8963900000000002	5.8151	5.90921	6.49695	1.5985699999999998	0.0	0.0	0.0
Node 94		6.36941	5.35645	9.024659999999999	6.678240000000001	6.101369999999999	5.20048	5.958200000000001	5.90385	5.31679	4.29085	3.7615000000000003	4.55666	5.56858	3.4134200000000003	6.02288	6.25564	5.37542	6.9325	5.5451500000000005	3.9928600000000003	0.0	0.0	0.0
Node 167		9.324449999999999	7.66241	6.48712	8.65868	3.2336400000000003	3.11757	6.764209999999999	6.322310000000001	4.64791	4.8557999999999995	6.403929999999999	2.13653	4.76921	1.79746	6.84939	6.1244	4.44714	4.1071	4.83887	1.32165	0.0	0.0	0.0
Node 8		7.59753	3.21196	3.23355	5.969060000000001	1.6995500000000001	3.6980399999999998	5.94219	4.06309	7.6163300000000005	4.5625800000000005	3.0401000000000002	8.92671	5.08135	6.1042	1.90007	7.6689300000000005	7.95761	4.214919999999999	3.68688	3.64922	0.0	0.0	0.0
Node 26		5.559200000000001	6.493790000000001	7.463559999999999	6.61151	4.55342	3.79493	2.98585	4.77135	3.0171799999999998	6.1721699999999995	4.49452	5.291110000000001	3.1147	4.51139	2.61274	3.9917599999999998	6.87133	5.02442	3.30152	1.5985699999999998	0.0	0.0	0.0
Node 145		7.67291	8.21242	5.3344700000000005	8.28115	6.72785	7.75491	6.7505	6.9332	10.65985	5.93402	6.93763	6.4240900000000005	5.62231	6.38027	5.7224900000000005	6.7984	4.40583	4.61415	6.05369	2.2525	0.0	0.0	0.0
Node 198		5.32059	6.09424	5.56812	5.47724	5.56698	3.30045	7.647279999999999	5.15274	10.57429	4.4314800000000005	3.13289	3.72896	3.69556	2.31372	8.70875	5.34057	4.7121900000000005	5.21655	8.170679999999999	3.9928600000000003	0.0	0.0	0.0
Node 49		3.5225199999999997	6.36963	8.15285	7.03359	7.72211	5.26272	5.061439999999999	4.82294	3.90078	4.79312	0.9411400000000001	4.9959299999999995	8.78509	5.377479999999999	2.82497	4.1151100000000005	9.071579999999999	5.82381	7.95317	3.06201	0.0	0.0	0.0
Node 179		8.377709999999999	7.6098799999999995	6.3615699999999995	7.859389999999999	6.321350000000001	8.2749	6.71499	4.6370700000000005	10.0703	3.83762	4.673970000000001	4.23097	4.5952	2.47924	8.20546	5.74457	10.19949	3.4708500000000004	4.4643500000000005	2.52942	0.0	0.0	0.0
Node 182		4.74544	3.44617	3.98245	4.290780000000001	6.74693	3.7175100000000003	1.5903899999999997	4.97536	7.88123	6.07811	4.52336	2.50411	3.5093	5.40864	3.73478	7.462340000000001	6.715069999999999	7.28756	5.98154	3.0625	0.0	0.0	0.0
Node 138		5.82753	4.4994	6.09821	4.790570000000001	5.13626	6.01385	3.42129	2.71104	4.7881100000000005	5.20358	3.04376	4.90534	5.3504700000000005	6.34474	4.83376	4.66992	4.35157	3.0534499999999998	8.219759999999999	3.1161399999999997	0.0	0.0	0.0
Node 189		4.94768	5.99365	5.57024	6.9987900000000005	7.97475	5.3609	1.97653	4.80467	4.14094	6.610829999999999	3.79515	4.94556	6.2118899999999995	6.4302399999999995	2.60156	3.14078	6.7648399999999995	0.9007299999999999	5.67076	2.86065	0.0	0.0	0.0
Node 160		6.24166	5.47667	5.06688	7.759480000000001	8.47001	4.19304	5.046189999999999	4.94568	7.82572	6.06089	5.38784	7.519820000000001	3.59219	4.8971800000000005	5.50975	8.64023	6.76239	3.9819	8.90061	3.9928600000000003	0.0	0.0	0.0
Node 148		5.76428	7.06331	4.38953	6.1628099999999995	4.6392999999999995	5.3527499999999995	6.23687	6.6468	5.92573	3.33257	4.3444	4.6843	3.97681	5.097	4.19918	3.4802	7.4104600000000005	6.08111	5.16666	1.46393	0.0	0.0	0.0
Node 4		4.20676	7.24057	4.90261	4.28224	9.270050000000001	7.753640000000001	4.42073	3.9176599999999997	6.60203	4.56449	4.61845	2.36697	4.82214	6.79167	4.47799	7.892399999999999	4.21365	7.040589999999999	6.72576	2.2525	0.0	0.0	0.0
Node 65		4.4848	3.6771199999999995	3.83945	2.5837700000000003	3.7178299999999997	4.45005	5.80607	6.312900000000001	6.699059999999999	4.0533399999999995	3.01963	2.36944	4.7017299999999995	2.34695	5.3873999999999995	5.47322	7.33153	4.71251	7.28863	3.0625	0.0	0.0	0.0
Node 99		6.15674	3.97925	8.149280000000001	3.9042	8.28823	3.8335500000000002	6.42504	5.79202	4.9749	4.91737	5.00517	4.4854400000000005	4.772069999999999	6.43089	6.06287	7.08998	3.4672899999999998	8.52704	7.73543	3.7695800000000004	0.0	0.0	0.0
