Node 116		10.21477	14.88853	10.67413	12.577840000000002	13.59448	14.64436	14.306379999999999	12.327340000000001	14.79009	12.759580000000001	16.12162	13.6498	11.66036	13.673750000000002	12.734119999999999	12.829769999999998	12.1166	12.38718	13.93523	4.57958	0.0	0.0	0.0
Node 153		13.73653	9.89149	12.4006	15.311179999999998	17.07701	15.21565	13.52781	12.327340000000001	13.309999999999999	12.759580000000001	16.12162	11.90867	14.917520000000001	14.11296	14.610899999999999	13.640350000000002	14.05635	12.38718	13.125229999999998	4.57958	0.0	0.0	0.0
Node 199		11.85537	13.12411	13.93352	12.66067	11.22699	13.84059	12.57367	8.93036	11.43566	13.67766	16.12162	12.07482	11.84332	12.386460000000001	12.20707	12.12492	13.37461	11.7536	14.077020000000001	4.57958	0.0	0.0	0.0
Node 111		15.22212	13.12411	15.194270000000001	12.686330000000002	12.78839	15.547839999999999	13.348460000000001	12.327340000000001	12.71843	13.6743	15.30377	13.90848	14.28837	11.86106	13.731630000000001	12.148589999999999	14.28885	13.18479	13.125229999999998	4.57958	0.0	0.0	0.0
Node 89		13.477079999999999	12.54673	15.462890000000002	10.56241	14.26999	13.187589999999998	11.38218	12.327340000000001	11.00918	16.05659	16.72724	9.57751	13.59149	6.7325099999999996	15.75241	11.15184	14.97059	11.77175	13.93523	4.57958	0.0	0.0	0.0
Node 173		12.781120000000001	13.910359999999999	14.6344	13.26773	14.592550000000001	13.427200000000001	6.7539	6.5831100000000005	12.557670000000002	13.6743	13.482959999999999	11.96091	12.540200000000002	9.26593	12.765360000000001	10.001980000000001	14.28885	12.96163	13.93523	4.57958	0.0	0.0	0.0
Node 130		13.584470000000001	13.12411	13.06141	12.66067	15.26806	13.170160000000001	12.005970000000001	12.327340000000001	11.46215	12.2439	14.958469999999998	13.6498	13.549420000000001	8.494580000000001	12.734119999999999	13.567409999999999	17.19936	12.38718	14.865590000000001	4.57958	0.0	0.0	0.0
Node 0		15.77722	16.46939	17.31065	11.89609	16.903299999999998	15.45526	11.623899999999999	12.327340000000001	11.97446	16.19725	15.30377	10.12835	14.54607	14.11296	14.610899999999999	12.956019999999999	15.55036	12.33377	11.80358	4.57958	0.0	0.0	0.0
Node 26		15.22212	9.50208	11.50835	12.1087	14.461969999999999	10.34449	13.289509999999998	13.05287	8.17944	12.2439	11.57425	13.90848	7.995570000000001	7.29691	14.93755	13.602079999999999	10.933869999999999	9.25729	13.93523	4.57958	0.0	0.0	0.0
Node 99		15.91513	14.704970000000001	17.31065	11.11438	16.4015	15.45526	13.289509999999998	11.73662	9.93194	11.29531	16.12162	11.78572	15.195459999999999	13.14194	13.731630000000001	14.388989999999998	14.28885	13.01439	11.405809999999999	4.57958	0.0	0.0	0.0
Node 135		13.686290000000001	13.12411	15.58664	16.09954	13.88248	13.170160000000001	13.52781	7.930610000000001	13.30164	16.53133	12.740199999999998	12.09703	14.01043	12.39287	14.42309	15.279409999999999	13.786019999999999	13.82842	14.865590000000001	4.57958	0.0	0.0	0.0
Node 15		11.8789	13.551560000000002	15.557889999999999	13.87506	14.59734	13.84059	12.57367	12.327340000000001	12.56603	10.37942	16.12162	7.713430000000001	13.48936	9.26593	14.93755	9.69159	13.556579999999999	12.36903	13.93523	4.57958	0.0	0.0	0.0
Node 148		13.477079999999999	13.910359999999999	10.32519	10.56241	13.59448	14.79506	12.57367	12.327340000000001	9.93194	12.04582	16.69823	9.48635	11.66036	9.26593	14.42309	15.208309999999999	13.43947	12.96163	14.077020000000001	4.57958	0.0	0.0	0.0
Node 118		11.8789	13.910359999999999	9.78762	11.89609	14.26999	14.12463	13.352240000000002	11.73662	12.90483	12.759580000000001	15.30377	13.05437	13.59149	13.587560000000002	12.11491	11.39995	11.21587	13.138	13.522509999999999	4.57958	0.0	0.0	0.0
Node 163		14.421719999999999	13.12922	9.64445	13.38702	11.27993	4.56331	12.79082	9.55012	11.43566	12.759580000000001	14.56101	9.395159999999999	11.81051	12.15513	15.15908	12.13111	15.556310000000002	12.96163	13.93523	4.57958	0.0	0.0	0.0
Node 177		13.67156	13.910359999999999	15.884329999999999	14.778540000000001	13.70353	13.23851	12.01603	13.05287	13.840440000000001	12.04582	16.657510000000002	11.703330000000001	15.866679999999999	13.673750000000002	13.06971	13.56408	15.931899999999999	13.05945	13.125229999999998	4.57958	0.0	0.0	0.0
Node 55		15.22212	12.54673	11.50835	13.38702	13.59448	14.12463	12.96303	11.484350000000001	11.43566	12.759580000000001	16.72724	11.703330000000001	10.42899	12.386460000000001	13.42558	14.33324	10.54496	12.38718	13.93523	4.57958	0.0	0.0	0.0
Node 180		7.827190000000001	11.77383	15.884329999999999	12.32877	13.649439999999998	14.50079	13.348460000000001	13.05287	11.43566	12.04582	15.30377	9.48635	15.861149999999999	12.61654	14.42309	12.12492	11.95508	8.1652	9.36916	4.57958	0.0	0.0	0.0
Node 81		13.378409999999999	13.910359999999999	8.8053	11.11438	13.74187	13.170160000000001	14.0643	12.327340000000001	12.56603	12.04582	16.12162	8.67077	14.28837	13.673750000000002	12.734119999999999	11.329450000000001	15.556310000000002	13.71245	13.125229999999998	4.57958	0.0	0.0	0.0
Node 97		12.723970000000001	15.674779999999998	8.8053	15.311179999999998	16.76563	15.40404	14.0643	12.327340000000001	11.43602	12.04582	17.839740000000003	10.324110000000001	11.84332	9.79133	13.731630000000001	15.158150000000001	11.968589999999999	11.61821	12.33666	4.57958	0.0	0.0	0.0
Node 51		13.516549999999999	14.72706	10.62677	12.577840000000002	15.26806	14.50079	10.66976	12.327340000000001	13.840440000000001	14.45754	14.56101	12.48793	15.195459999999999	13.673750000000002	14.42309	11.39995	14.98267	8.348410000000001	14.077020000000001	4.57958	0.0	0.0	0.0
Node 23		9.5943	14.704970000000001	12.4956	8.66552	14.34814	15.45526	12.01603	14.207510000000001	13.840440000000001	14.675469999999999	15.30377	12.07482	10.548680000000001	11.86106	15.15908	12.81544	11.44569	11.6932	10.87273	4.57958	0.0	0.0	0.0
Node 145		10.21477	13.12411	14.004829999999998	13.38702	17.07701	10.84953	9.0316	12.327340000000001	11.9661	9.50182	14.56101	13.6498	13.48936	9.26593	15.27314	12.879750000000001	14.98267	12.38718	11.68273	4.57958	0.0	0.0	0.0
Node 166		15.22212	14.88853	14.885480000000001	13.38702	13.59448	14.79506	9.0316	12.327340000000001	11.97446	9.65942	14.56101	8.62017	14.28837	12.39287	13.896040000000001	12.976960000000002	14.092450000000001	13.18479	14.077020000000001	4.57958	0.0	0.0	0.0
Node 140		15.22212	12.9544	14.92077	15.311179999999998	17.83067	12.998899999999999	13.289509999999998	11.73662	11.97446	12.04582	16.12162	11.06133	13.59149	12.81456	14.610899999999999	11.722150000000001	14.28885	12.65379	13.146659999999999	4.57958	0.0	0.0	0.0
Node 24		16.73724	15.674779999999998	9.64445	15.311179999999998	12.843350000000001	15.69831	12.57367	12.327340000000001	11.9661	13.75739	15.95547	11.45971	14.39645	11.111930000000001	11.42345	15.158150000000001	11.8346	13.138	14.238380000000001	4.57958	0.0	0.0	0.0
Node 95		12.4194	13.12411	11.09184	8.2465	13.88248	14.50079	11.30361	13.2738	12.56603	9.65942	15.30377	14.31338	12.59768	13.90022	14.93755	13.56408	14.98267	9.57466	14.865590000000001	4.57958	0.0	0.0	0.0
Node 56		15.22212	13.910359999999999	16.46202	10.95977	12.99566	16.41317	12.73187	8.68093	12.95787	12.10117	16.56109	13.717950000000002	14.39645	10.553220000000001	12.159970000000001	15.279409999999999	14.28885	10.96752	13.93523	4.57958	0.0	0.0	0.0
Node 123		13.32457	15.674779999999998	10.67413	12.28633	17.07701	11.613610000000001	12.57367	13.05287	12.427430000000001	8.49295	16.85739	11.78572	13.08521	9.26593	13.59676	15.158150000000001	14.28885	12.38718	13.146659999999999	4.57958	0.0	0.0	0.0
Node 62		13.686290000000001	10.87381	13.46271	11.89609	15.34355	14.50079	12.57367	11.73662	11.43602	12.04582	13.51482	9.48635	15.1698	10.87425	15.92887	13.72518	16.25013	12.96163	13.93523	4.57958	0.0	0.0	0.0
Node 11		10.90778	13.910359999999999	15.884329999999999	11.96506	12.78839	14.07341	12.01603	12.327340000000001	13.30164	12.04582	14.56885	11.107899999999999	14.15589	13.14194	12.11491	11.41428	13.60159	8.78694	13.93523	4.57958	0.0	0.0	0.0
Node 27		12.76639	11.241769999999999	14.04845	11.89609	15.26806	14.83949	12.40793	12.327340000000001	14.832210000000002	10.37942	12.091349999999998	11.70888	11.33704	14.11296	8.54898	12.14544	17.19936	12.38718	13.93523	4.57958	0.0	0.0	0.0
Node 33		15.91513	13.910359999999999	15.194270000000001	14.83188	7.52744	12.47273	9.0316	12.327340000000001	14.832210000000002	14.338029999999998	13.639100000000001	13.90848	12.64233	9.79133	14.42309	12.20119	14.28885	6.283519999999999	13.93523	4.57958	0.0	0.0	0.0
Node 40		13.686290000000001	11.6508	12.47546	14.052190000000001	15.26806	13.187589999999998	11.38218	13.05287	9.93194	14.90285	16.12162	10.43162	12.82571	13.14194	14.758679999999998	13.72518	14.87457	10.773000000000001	12.613579999999999	4.57958	0.0	0.0	0.0
Node 58		14.767610000000001	12.43705	16.46202	6.98091	16.22779	15.45526	12.57367	9.46065	14.702760000000001	12.04582	14.56101	10.17895	13.59149	13.14194	14.42309	12.83292	15.931899999999999	12.46217	12.733939999999999	4.57958	0.0	0.0	0.0
Node 93		10.21477	13.910359999999999	15.557889999999999	8.66552	15.26806	14.50079	13.348460000000001	11.8545	11.43566	12.04582	15.776319999999998	10.012799999999999	13.59149	13.14194	15.06623	15.37105	15.931899999999999	13.138	13.125229999999998	4.57958	0.0	0.0	0.0
Node 110		13.378409999999999	15.674779999999998	14.06859	14.601410000000001	17.07701	16.09151	13.52781	12.327340000000001	11.43566	12.759580000000001	12.091349999999998	13.05437	13.549420000000001	11.86106	10.818060000000001	13.7975	16.25013	13.82842	14.865590000000001	4.57958	0.0	0.0	0.0
Node 143		13.686290000000001	12.54673	11.48728	13.26773	15.26806	8.11262	11.2274	12.327340000000001	13.840440000000001	12.960540000000002	13.73301	10.012799999999999	12.64233	9.26593	15.285730000000001	14.33324	12.86932	13.18479	11.661299999999999	4.57958	0.0	0.0	0.0
Node 121		15.22212	15.674779999999998	13.74215	15.311179999999998	15.34621	12.81121	11.2274	12.327340000000001	12.71843	14.592379999999999	16.56109	10.98021	16.558030000000002	9.79133	10.9355	11.37628	12.34399	13.138	11.80358	4.57958	0.0	0.0	0.0
Node 54		15.22212	12.54673	10.62677	11.79613	13.59448	14.81249	13.348460000000001	12.828999999999999	14.79009	12.759580000000001	15.95547	9.334349999999999	16.53237	13.14194	12.393369999999999	13.704659999999999	10.47009	11.77175	14.865590000000001	4.57958	0.0	0.0	0.0
Node 34		14.421719999999999	14.89761	13.74215	12.66067	16.4015	13.170160000000001	14.12703	12.0141	11.43566	12.04582	12.091349999999998	11.703330000000001	13.59149	13.14194	15.285730000000001	11.41428	14.87457	13.138	13.146659999999999	4.57958	0.0	0.0	0.0
Node 88		15.22212	10.66439	16.73209	14.052190000000001	13.59448	16.41317	11.30361	11.73662	12.13119	8.886660000000001	16.01935	13.05437	7.83593	12.61654	12.734119999999999	11.39995	14.28885	11.77175	14.865590000000001	4.57958	0.0	0.0	0.0
Node 132		14.421719999999999	15.674779999999998	16.90254	7.82867	13.649439999999998	16.02621	12.57367	13.05287	13.30164	7.27719	15.30377	7.713430000000001	8.817919999999999	10.87425	13.76117	12.879750000000001	12.146460000000001	13.138	13.93523	4.57958	0.0	0.0	0.0
Node 174		7.003030000000001	9.89149	15.462890000000002	14.02496	15.905230000000001	13.170160000000001	12.01603	12.327340000000001	11.97446	12.759580000000001	15.30377	7.713430000000001	12.13605	12.386460000000001	13.20458	14.33324	14.87457	6.13519	13.93523	4.57958	0.0	0.0	0.0
Node 128		15.22212	10.468869999999999	14.92077	12.66067	13.59448	11.613610000000001	13.352240000000002	12.327340000000001	11.97446	11.32582	12.99025	8.70256	13.339210000000001	12.61654	10.804260000000001	12.83292	14.28885	12.38718	5.60684	4.57958	0.0	0.0	0.0
Node 44		8.57436	13.910359999999999	13.38785	10.56241	14.26999	12.284040000000001	12.01603	12.327340000000001	14.832210000000002	10.522720000000001	15.30377	9.47428	16.53321	13.673750000000002	13.896040000000001	12.07809	14.98267	14.40287	14.865590000000001	4.57958	0.0	0.0	0.0
Node 86		7.934099999999999	15.35467	14.570640000000001	12.66067	15.26806	16.31369	12.57367	11.73662	12.710070000000002	13.67766	12.99025	12.065240000000001	9.34678	9.20725	14.42309	12.83292	15.556310000000002	12.96163	13.125229999999998	4.57958	0.0	0.0	0.0
Node 90		13.516549999999999	13.014429999999999	14.570640000000001	12.66067	17.07701	11.613610000000001	12.636040000000001	12.327340000000001	11.43566	13.04363	13.73301	8.70256	15.195459999999999	13.14194	13.896040000000001	12.11077	14.14619	12.38718	13.93523	4.57958	0.0	0.0	0.0
Node 53		15.22212	15.674779999999998	14.04845	12.1087	11.08188	14.07341	13.348460000000001	12.327340000000001	12.56603	16.53133	15.137619999999998	11.36384	13.549420000000001	10.02141	14.42309	14.33324	14.28885	9.5441	13.125229999999998	4.57958	0.0	0.0	0.0
Node 82		13.47413	13.910359999999999	16.450139999999998	11.34412	13.669970000000001	11.613610000000001	10.66976	12.327340000000001	11.9661	12.04582	11.49916	14.24572	13.59149	14.11296	14.758679999999998	14.33324	14.98267	13.01439	11.80358	4.57958	0.0	0.0	0.0
Node 160		7.9538899999999995	15.674779999999998	14.92077	11.49347	14.592550000000001	16.09151	13.352240000000002	11.65836	11.43566	14.41587	15.137619999999998	11.107899999999999	13.59149	14.11296	15.23795	13.704659999999999	13.37461	11.58295	13.93523	4.57958	0.0	0.0	0.0
Node 112		15.22212	10.787420000000001	16.450139999999998	11.89609	9.91639	13.170160000000001	11.38218	13.2738	12.56603	11.896279999999999	12.091349999999998	11.703330000000001	11.16196	13.363829999999998	15.23795	12.83292	15.25611	12.36903	13.93523	4.57958	0.0	0.0	0.0
Node 178		10.96493	11.3648	17.31065	12.66067	10.65899	13.88502	13.289509999999998	12.327340000000001	12.427430000000001	14.698530000000002	13.639100000000001	13.6498	12.64233	9.26593	15.15908	12.12492	13.60159	13.138	12.33666	4.57958	0.0	0.0	0.0
Node 189		15.22212	13.910359999999999	12.24712	11.79613	16.14964	15.45526	11.44833	11.73662	14.832210000000002	12.9639	14.56101	12.67074	14.28837	13.90022	12.420960000000001	15.37105	15.556310000000002	10.198550000000001	13.93523	4.57958	0.0	0.0	0.0
Node 126		9.263910000000001	14.88853	12.074160000000001	14.601410000000001	13.59448	14.50079	13.87451	12.327340000000001	11.9661	10.37942	17.26313	10.63945	13.59149	8.687240000000001	12.11491	11.13769	14.27738	11.58295	11.98588	4.57958	0.0	0.0	0.0
Node 98		13.516549999999999	13.12411	9.82779	15.311179999999998	15.26806	15.41044	13.289509999999998	12.327340000000001	12.77756	12.039579999999999	15.30377	14.914359999999999	13.173470000000002	9.775459999999999	15.15908	12.13111	14.28885	10.245619999999999	13.93523	4.57958	0.0	0.0	0.0
Node 30		10.90778	14.88853	12.4006	11.34412	17.07701	11.10299	12.01603	10.90804	13.096469999999998	13.75739	15.30377	12.14162	12.2862	11.533619999999999	13.06971	13.72518	12.19147	12.96163	12.11912	4.57958	0.0	0.0	0.0
Node 42		12.03096	9.89149	15.884329999999999	13.38702	16.14964	12.284040000000001	13.50666	12.41096	12.427430000000001	16.19725	16.72724	14.914359999999999	12.40772	14.87124	13.896040000000001	11.37628	12.506519999999998	13.138	11.5886	4.57958	0.0	0.0	0.0
Node 193		10.21477	14.88853	10.67413	12.66067	15.26806	14.79506	12.57367	12.828999999999999	12.56603	13.6743	13.639100000000001	10.324110000000001	13.31355	14.55022	12.393369999999999	12.847249999999999	12.87873	13.71245	13.30802	4.57958	0.0	0.0	0.0
Node 31		15.22212	15.674779999999998	15.47477	9.72556	13.669970000000001	14.83949	12.01603	13.05287	12.71843	12.04582	12.740199999999998	10.324110000000001	15.1698	14.11296	13.42558	10.64512	11.44569	13.138	13.125229999999998	4.57958	0.0	0.0	0.0
Node 172		8.89322	13.12411	7.2862800000000005	13.38702	13.59448	13.375980000000002	14.243649999999999	12.327340000000001	13.840440000000001	11.24272	14.059569999999999	11.90867	15.1698	6.619210000000001	13.731630000000001	13.634160000000001	12.625990000000002	12.38718	11.80358	4.57958	0.0	0.0	0.0
Node 165		15.22212	13.12411	14.06859	12.1087	16.76563	14.09763	10.66976	6.603739999999999	12.17963	12.04582	15.30377	13.6498	8.55814	13.673750000000002	12.734119999999999	13.64891	14.87457	11.00278	11.08592	4.57958	0.0	0.0	0.0
Node 74		12.76639	15.674779999999998	10.62677	11.34412	15.34355	15.50992	13.52781	11.73662	11.43566	15.27917	16.85739	12.8665	13.69957	10.87425	14.42309	15.158150000000001	16.25013	13.71245	13.93523	4.57958	0.0	0.0	0.0
Node 87		13.5195	15.674779999999998	15.47477	9.52822	15.15157	15.50992	14.0643	11.73662	12.56603	14.675469999999999	16.12162	13.6498	10.94449	13.673750000000002	15.608410000000001	12.9735	15.568389999999999	10.06152	13.146659999999999	4.57958	0.0	0.0	0.0
Node 102		7.6235	13.12411	10.62677	12.66067	14.461969999999999	12.47273	13.289509999999998	12.327340000000001	11.97446	12.04582	14.56101	13.650290000000002	14.49858	11.86106	11.9505	12.81544	14.28885	12.38718	10.155069999999998	4.57958	0.0	0.0	0.0
Node 48		13.686290000000001	13.910359999999999	15.884329999999999	15.311179999999998	16.14964	13.170160000000001	13.289509999999998	11.12807	11.97446	12.04582	13.808100000000001	12.69246	12.792480000000001	9.02639	15.608410000000001	12.900269999999999	15.25611	10.88897	11.80358	4.57958	0.0	0.0	0.0
Node 12		11.85537	13.94081	15.884329999999999	11.34412	15.26806	12.554170000000001	14.84287	12.327340000000001	11.43566	13.67766	13.639100000000001	11.107899999999999	7.46671	14.64477	14.42309	12.81544	15.25611	10.15789	13.93523	4.57958	0.0	0.0	0.0
Node 46		12.769340000000001	15.674779999999998	15.884329999999999	14.601410000000001	14.592550000000001	13.187589999999998	14.0643	12.327340000000001	11.06231	10.46252	15.83966	9.48635	12.10324	10.35467	16.13546	12.11077	9.43956	10.83049	13.93523	4.57958	0.0	0.0	0.0
Node 100		15.22212	15.674779999999998	10.64938	12.66067	15.26806	14.69558	12.57367	12.327340000000001	11.97446	15.533520000000001	15.37886	13.650290000000002	14.15589	13.673750000000002	12.08902	12.83292	14.365179999999999	12.96163	14.077020000000001	4.57958	0.0	0.0	0.0
Node 35		12.781120000000001	9.89149	16.450139999999998	15.55823	14.59734	14.55545	12.57367	12.327340000000001	12.5049	10.28579	14.56101	14.914359999999999	12.56745	15.52124	13.731630000000001	13.704659999999999	10.92036	13.138	11.661299999999999	4.57958	0.0	0.0	0.0
Node 7		13.686290000000001	15.35467	14.99208	10.95977	3.8757	13.84059	12.01603	12.743509999999999	14.19852	12.759580000000001	13.595869999999998	11.90867	10.94449	12.15513	13.59676	11.37628	11.95508	12.96163	10.87273	4.57958	0.0	0.0	0.0
Node 175		12.76639	13.910359999999999	17.31065	14.778540000000001	11.801979999999999	13.187589999999998	12.57367	14.19359	11.9661	15.27917	15.37886	10.72933	15.1698	13.14194	14.42309	13.704659999999999	14.98267	10.94937	13.93523	4.57958	0.0	0.0	0.0
Node 127		13.58152	11.56032	15.557889999999999	15.311179999999998	16.021720000000002	13.170160000000001	13.348460000000001	10.26313	14.832210000000002	12.039579999999999	16.44528	13.717950000000002	12.540200000000002	9.26593	12.734119999999999	12.14544	14.98267	12.96163	13.125229999999998	4.57958	0.0	0.0	0.0
Node 69		13.516549999999999	13.12411	16.450139999999998	11.34412	15.860389999999999	13.88502	13.83619	12.327340000000001	11.06231	11.32582	15.37886	12.67074	13.48936	11.86106	14.42309	12.879750000000001	13.63291	13.138	11.80358	4.57958	0.0	0.0	0.0
Node 181		14.421719999999999	13.910359999999999	10.62677	13.342419999999999	6.7372000000000005	15.41044	13.348460000000001	11.73662	13.840440000000001	13.62427	15.37886	10.63945	12.64233	10.54046	12.49191	14.33324	9.55342	13.71245	5.73045	4.57958	0.0	0.0	0.0
Node 9		10.21477	13.12411	11.34994	12.73564	12.843350000000001	15.74274	11.38218	6.603739999999999	12.3735	14.592379999999999	12.740199999999998	12.48793	13.31355	12.39281	13.731630000000001	14.388989999999998	14.28885	13.138	14.865590000000001	4.57958	0.0	0.0	0.0
Node 65		14.421719999999999	13.910359999999999	8.96247	15.311179999999998	15.26806	14.50079	14.84287	11.067639999999999	8.608540000000001	7.27719	16.12162	12.065240000000001	15.195459999999999	10.247	12.036570000000001	13.56408	14.98267	11.77175	14.865590000000001	4.57958	0.0	0.0	0.0
Node 107		12.936130000000002	11.77383	13.38785	12.05389	12.874379999999999	13.170160000000001	12.01603	14.19359	10.47038	14.61544	14.56101	7.713430000000001	13.59149	14.11296	9.08047	12.148589999999999	15.25611	10.198550000000001	13.146659999999999	4.57958	0.0	0.0	0.0
Node 120		10.96493	14.53797	12.179829999999999	13.38702	10.80391	12.56808	9.0316	12.327340000000001	12.56603	6.7122399999999995	10.83775	11.78572	10.66591	13.673750000000002	13.42558	8.20153	12.3127	10.813979999999999	13.93523	4.57958	0.0	0.0	0.0
Node 197		12.76639	13.12411	9.68688	14.052190000000001	12.46682	15.69831	12.01603	11.73662	13.248869999999998	12.04582	15.30377	9.22161	11.33704	14.11296	14.46762	11.39995	12.85375	12.96163	13.93523	4.57958	0.0	0.0	0.0
Node 114		11.11994	14.31115	9.64445	15.311179999999998	8.50521	13.23049	13.83619	12.327340000000001	11.43566	13.67766	8.062370000000001	11.90867	10.86135	13.673750000000002	14.42309	13.704659999999999	11.95508	11.7536	13.93523	4.57958	0.0	0.0	0.0
Node 196		15.91513	13.12411	11.41828	14.601410000000001	13.649049999999999	15.50992	14.243649999999999	12.327340000000001	14.832210000000002	12.04582	14.56101	13.650290000000002	8.817919999999999	12.15513	15.15908	13.56408	14.28885	12.38718	13.93523	4.57958	0.0	0.0	0.0
Node 129		14.421719999999999	12.1377	10.62677	0.72441	16.021720000000002	13.170160000000001	12.73187	12.327340000000001	13.309999999999999	13.67766	14.56101	10.324110000000001	16.53321	10.87425	16.13546	12.9735	8.238439999999999	12.52257	13.125229999999998	4.57958	0.0	0.0	0.0
Node 195		11.41049	12.399469999999999	13.74215	11.89609	13.59448	10.38895	12.57367	8.78728	12.71843	10.37942	12.091349999999998	8.67077	16.53237	10.34766	14.42309	10.64512	14.28885	11.38843	11.661299999999999	4.57958	0.0	0.0	0.0
Node 72		10.21477	13.910359999999999	12.4006	12.66067	10.60605	13.427200000000001	12.57367	13.05287	11.43566	10.522720000000001	14.56101	12.69246	8.91816	8.494580000000001	15.92887	12.80925	14.87457	12.33377	13.93523	4.57958	0.0	0.0	0.0
Node 144		15.91513	13.910359999999999	15.884329999999999	14.052190000000001	16.903299999999998	13.170160000000001	12.57367	11.73662	13.840440000000001	6.7122399999999995	16.85739	13.650290000000002	15.1698	12.61654	15.92887	14.454500000000001	14.05635	13.0776	11.08592	4.57958	0.0	0.0	0.0
Node 52		14.976819999999998	13.910359999999999	13.74215	12.66067	15.26806	14.78827	12.01603	14.91912	12.56603	10.37942	16.12162	9.22115	10.2128	8.494580000000001	13.731630000000001	9.68907	17.19936	13.138	11.055520000000001	4.57958	0.0	0.0	0.0
Node 80		14.421719999999999	13.12411	13.9291	16.10142	13.59448	14.12463	13.52781	11.73662	13.840440000000001	9.58492	15.30377	9.40396	12.540200000000002	13.363829999999998	14.24044	12.060609999999999	13.556579999999999	10.05682	14.865590000000001	4.57958	0.0	0.0	0.0
Node 73		6.12617	13.12411	16.73209	11.89609	15.26806	14.09763	11.307680000000001	9.78703	9.2576	10.522720000000001	15.30377	14.24572	13.59149	9.59398	14.42309	12.879750000000001	15.25611	9.65231	9.45961	4.57958	0.0	0.0	0.0
Node 84		12.61433	15.674779999999998	14.59078	12.577840000000002	14.592550000000001	13.88502	14.0643	12.327340000000001	12.5049	12.04582	17.839740000000003	9.395159999999999	9.84783	11.86106	12.05778	12.16911	15.556310000000002	12.38718	13.125229999999998	4.57958	0.0	0.0	0.0
Node 171		12.03096	13.910359999999999	16.450139999999998	12.60531	13.4639	11.90087	12.73187	14.19359	7.50215	13.70072	17.02189	9.40396	13.59149	11.86106	14.42309	12.148589999999999	14.98267	12.96163	13.146659999999999	4.57958	0.0	0.0	0.0
Node 194		13.686290000000001	13.910359999999999	9.944790000000001	11.34412	15.47413	14.07341	13.87451	12.327340000000001	11.97446	14.618800000000002	14.56101	8.62017	13.59149	10.02141	12.420960000000001	9.77754	10.01963	12.38718	13.125229999999998	4.57958	0.0	0.0	0.0
Node 133		13.584470000000001	13.12411	14.897079999999999	15.311179999999998	15.34621	13.170160000000001	12.73187	14.19359	9.93194	16.19725	15.95547	8.67077	9.2608	14.11296	12.420960000000001	12.211310000000001	2.74668	12.94348	13.125229999999998	4.57958	0.0	0.0	0.0
Node 19		9.263910000000001	12.1377	10.64813	15.311179999999998	9.15097	12.561490000000001	6.11765	12.327340000000001	10.470740000000001	11.32582	16.12162	9.033249999999999	9.00088	12.39281	11.43857	12.16911	13.623109999999999	11.61821	14.865590000000001	4.57958	0.0	0.0	0.0
Node 85		12.57441	10.787420000000001	16.450139999999998	11.34412	16.903299999999998	14.50079	11.93982	11.8536	9.93194	16.05659	14.56101	14.24572	10.35507	14.11296	11.9505	12.12492	15.556310000000002	13.0776	14.865590000000001	4.57958	0.0	0.0	0.0
Node 146		9.5943	13.12411	10.67413	13.450909999999999	16.22779	11.613610000000001	13.52781	10.53735	12.5049	12.10117	16.69823	12.065240000000001	12.792480000000001	13.14194	9.332600000000001	11.39376	10.933869999999999	11.38843	14.865590000000001	4.57958	0.0	0.0	0.0
Node 198		4.85199	13.12411	15.162529999999999	15.311179999999998	6.570620000000001	12.51686	14.84287	12.0141	11.43566	14.338029999999998	16.12162	7.713430000000001	14.39645	14.55022	15.23795	12.900269999999999	16.25013	13.0776	13.93523	4.57958	0.0	0.0	0.0
Node 38		14.976819999999998	14.704970000000001	15.557889999999999	12.32877	16.903299999999998	14.50079	12.57367	8.52133	9.93194	14.45754	15.30377	11.11748	12.64233	14.11296	15.285730000000001	12.829769999999998	15.556310000000002	12.38718	13.93523	4.57958	0.0	0.0	0.0
Node 60		7.827190000000001	9.89149	13.03772	15.311179999999998	16.021720000000002	15.69831	13.52781	13.05287	11.97446	15.27917	16.12162	7.529859999999999	16.53321	10.54046	11.554689999999999	14.33324	16.25013	10.198550000000001	12.613579999999999	4.57958	0.0	0.0	0.0
Node 63		13.516549999999999	13.910359999999999	8.08089	12.66067	11.50261	14.07341	10.694090000000001	12.327340000000001	11.43566	3.9085	15.37886	9.47677	15.866679999999999	11.86106	9.270399999999999	13.56408	14.87457	11.6932	13.125229999999998	4.57958	0.0	0.0	0.0
Node 156		13.47413	12.923950000000001	10.62427	13.38702	16.949089999999998	14.69558	13.348460000000001	13.2738	12.710070000000002	13.67766	15.137619999999998	10.324110000000001	10.14548	12.61654	13.896040000000001	13.56408	14.98267	8.6334	14.865590000000001	4.57958	0.0	0.0	0.0
Node 61		15.91513	13.910359999999999	14.99208	11.04211	15.905230000000001	13.187589999999998	12.57367	14.19359	13.840440000000001	12.960540000000002	16.72724	8.43782	6.10632	13.357479999999999	11.9505	13.72518	11.277230000000001	13.138	11.80358	4.57958	0.0	0.0	0.0
Node 64		11.128739999999999	12.22818	9.90236	15.311179999999998	15.26806	12.5716	13.52781	12.327340000000001	11.97446	8.886660000000001	13.51482	7.07294	11.86599	10.87425	13.896040000000001	15.963740000000001	12.03141	11.00278	13.146659999999999	4.57958	0.0	0.0	0.0
Node 10		13.516549999999999	11.56032	13.953660000000001	11.11438	15.15157	13.84059	12.57367	11.73662	11.9661	16.05659	15.30377	13.6498	15.70826	9.79133	13.896040000000001	14.33324	13.556579999999999	12.52257	13.125229999999998	4.57958	0.0	0.0	0.0
Node 117		15.22212	15.674779999999998	12.75983	11.89609	8.33863	14.78827	12.01603	12.327340000000001	10.52351	15.27917	14.56101	14.24572	12.82571	12.39281	10.818060000000001	13.56408	13.60159	10.323269999999999	14.865590000000001	4.57958	0.0	0.0	0.0
Node 22		12.57191	11.56032	16.46202	11.34412	15.47413	12.47273	14.84287	8.93036	13.248869999999998	13.68169	10.350280000000001	10.12835	14.15589	11.63733	14.632029999999999	12.9735	15.556310000000002	10.825759999999999	13.125229999999998	4.57958	0.0	0.0	0.0
Node 190		13.477079999999999	14.88853	11.48728	13.38702	7.235460000000001	14.50079	12.79082	11.206330000000001	13.840440000000001	14.90285	12.091349999999998	14.24572	13.48936	12.61654	13.37726	15.37105	14.87457	8.01797	13.93523	4.57958	0.0	0.0	0.0
Node 25		15.91513	15.674779999999998	16.46202	12.66067	16.949089999999998	15.21565	13.348460000000001	11.484350000000001	11.43566	13.67766	15.137619999999998	14.31338	14.49858	11.111930000000001	11.53073	14.388989999999998	11.82315	12.38718	7.7964	4.57958	0.0	0.0	0.0
Node 169		11.128739999999999	9.89149	16.73209	12.66067	12.06829	13.170160000000001	12.01603	12.327340000000001	11.43566	14.618800000000002	17.839740000000003	10.38351	15.195459999999999	14.87124	12.49191	9.68907	15.556310000000002	8.67242	12.613579999999999	4.57958	0.0	0.0	0.0
Node 170		12.723970000000001	13.12411	15.884329999999999	11.34412	14.592550000000001	14.12463	11.30361	12.4212	13.096469999999998	15.533520000000001	11.345180000000001	12.67074	12.64233	13.673750000000002	14.42309	12.16911	15.25611	7.51075	13.125229999999998	4.57958	0.0	0.0	0.0
Node 187		12.936130000000002	13.12411	14.6344	15.311179999999998	17.83067	13.170160000000001	11.2274	13.05287	13.840440000000001	12.04582	15.37886	14.31338	10.35507	12.39287	15.285730000000001	12.22832	14.98267	14.40287	12.33666	4.57958	0.0	0.0	0.0
Node 17		16.73724	12.9544	14.59078	12.577840000000002	12.27484	13.170160000000001	12.57367	12.4212	11.43566	14.618800000000002	15.880379999999999	10.12835	14.49858	13.14194	13.896040000000001	14.33324	14.98267	11.58295	13.93523	4.57958	0.0	0.0	0.0
Node 37		15.114730000000002	12.923950000000001	14.6344	14.601410000000001	10.80391	13.88502	13.348460000000001	11.73662	12.385309999999999	7.27719	15.546380000000001	12.8665	11.66036	10.12512	13.42558	11.39995	14.98267	12.96163	13.93523	4.57958	0.0	0.0	0.0
Node 184		12.781120000000001	10.8779	14.307039999999999	10.56241	9.12699	15.50992	13.348460000000001	13.2738	13.840440000000001	12.2439	15.19971	10.12835	14.28837	11.86106	10.804260000000001	12.900269999999999	15.25611	8.1652	13.93523	4.57958	0.0	0.0	0.0
Node 94		14.767610000000001	14.88853	10.579130000000001	13.91966	12.27484	10.233540000000001	15.08117	12.558359999999999	11.48879	16.05659	15.37886	13.05437	11.86599	11.00822	13.42558	14.388989999999998	12.11701	13.138	14.865590000000001	4.57958	0.0	0.0	0.0
Node 2		15.22212	15.674779999999998	13.953660000000001	12.66067	8.33863	10.24086	12.01603	12.327340000000001	11.43566	13.67766	11.096449999999999	12.61265	15.861149999999999	13.14194	9.84451	14.388989999999998	14.98267	12.96163	13.93523	4.57958	0.0	0.0	0.0
Node 4		12.781120000000001	13.12411	13.0496	15.311179999999998	11.08188	13.187589999999998	14.0643	10.90804	14.702760000000001	12.9639	15.30377	12.09703	11.84332	11.111930000000001	16.13546	12.83292	14.0504	12.38718	13.93523	4.57958	0.0	0.0	0.0
Node 21		12.78407	12.54673	11.30751	15.311179999999998	11.372110000000001	12.561490000000001	12.73187	11.26432	13.840440000000001	13.835230000000001	12.740199999999998	13.650290000000002	13.111180000000001	10.252740000000001	10.74711	13.704659999999999	14.28885	8.750070000000001	13.125229999999998	4.57958	0.0	0.0	0.0
Node 147		13.686290000000001	12.43705	13.9291	12.1087	9.84709	15.02788	13.52781	11.8545	14.19852	13.67766	15.909390000000002	11.70888	14.39645	11.86106	14.42309	13.56408	10.54496	12.96163	13.93523	4.57958	0.0	0.0	0.0
Node 124		12.57441	11.56032	12.528559999999999	11.27218	16.14964	11.613610000000001	11.86125	12.327340000000001	13.840440000000001	12.759580000000001	16.12162	8.70256	11.81051	8.494580000000001	14.42309	12.12492	12.642339999999999	12.38718	13.93523	4.57958	0.0	0.0	0.0
Node 168		12.781120000000001	16.46939	12.099020000000001	13.450909999999999	14.592550000000001	15.74274	8.03971	11.73662	11.97446	14.90285	16.12162	14.31893	12.40772	12.61654	14.42309	13.56408	11.44569	12.38718	13.93523	4.57958	0.0	0.0	0.0
Node 104		13.477079999999999	13.12411	11.50835	12.66067	12.79906	14.12463	12.57367	12.327340000000001	12.385309999999999	12.759580000000001	12.40147	11.703330000000001	13.61416	10.77814	14.42309	12.13111	14.97059	13.0776	14.077020000000001	4.57958	0.0	0.0	0.0
Node 108		14.421719999999999	9.89149	13.38785	12.66067	12.06829	13.187589999999998	12.816849999999999	8.15488	7.03284	13.821049999999998	15.19971	14.914359999999999	13.173470000000002	12.39281	14.42309	15.12694	11.44569	13.138	12.592149999999998	4.57958	0.0	0.0	0.0
Node 131		13.5195	15.674779999999998	12.4006	12.1087	14.64712	14.50079	12.79082	12.327340000000001	12.17963	15.533520000000001	12.740199999999998	12.09703	8.27841	12.37915	14.93755	11.226270000000001	12.85375	12.36903	14.077020000000001	4.57958	0.0	0.0	0.0
Node 167		5.51585	14.115630000000001	14.570640000000001	14.601410000000001	6.7372000000000005	15.02788	14.0643	11.73662	11.43566	12.960540000000002	13.639100000000001	11.107899999999999	11.84332	12.386460000000001	15.15908	11.37628	13.779459999999998	13.71245	13.125229999999998	4.57958	0.0	0.0	0.0
Node 92		13.5195	13.910359999999999	13.38785	10.56241	15.26806	14.50079	13.348460000000001	10.73687	9.93194	11.32582	13.51482	11.88695	14.954899999999999	11.74916	14.24044	14.473820000000002	11.968589999999999	9.139890000000001	11.70945	4.57958	0.0	0.0	0.0
Node 183		14.421719999999999	13.910359999999999	9.64445	12.28633	15.47413	11.009689999999999	14.84287	12.327340000000001	12.71843	16.53133	12.99025	10.38351	8.16118	11.86106	14.42309	12.9735	9.04403	13.93561	13.93523	4.57958	0.0	0.0	0.0
Node 125		14.421719999999999	13.910359999999999	15.60151	9.584710000000001	13.59448	15.40404	14.0643	12.327340000000001	11.43566	14.618800000000002	14.56101	8.70256	14.7591	14.87124	11.34511	12.060609999999999	10.01963	12.38718	14.077020000000001	4.57958	0.0	0.0	0.0
Node 96		15.22212	9.06938	15.884329999999999	10.56241	13.59448	13.170160000000001	12.57367	13.05287	11.43566	11.37723	16.12162	10.43162	15.866679999999999	12.386460000000001	8.49761	15.158150000000001	13.707040000000001	13.138	13.125229999999998	4.57958	0.0	0.0	0.0
Node 159		13.459399999999999	13.12411	14.885480000000001	15.311179999999998	14.592550000000001	13.170160000000001	12.01603	13.05287	11.43566	12.04582	13.639100000000001	13.05437	14.49858	13.14194	15.285730000000001	10.4032	14.87457	11.5648	13.93523	4.57958	0.0	0.0	0.0
Node 1		12.78407	12.923950000000001	12.4006	11.89609	12.874379999999999	14.69558	12.57367	12.327340000000001	12.13119	9.37107	15.30377	11.78572	15.866679999999999	11.86106	12.420960000000001	13.7975	13.37461	12.48941	14.865590000000001	4.57958	0.0	0.0	0.0
Node 71		9.263910000000001	13.910359999999999	17.31065	12.66067	16.903299999999998	13.88502	14.06808	11.73662	13.840440000000001	13.62427	15.30377	9.40396	14.15589	11.86106	13.731630000000001	12.9735	11.21628	11.00278	13.93523	4.57958	0.0	0.0	0.0
Node 122		10.96493	13.12411	15.884329999999999	8.80637	15.26806	15.69831	13.348460000000001	12.327340000000001	11.97446	13.04363	13.639100000000001	11.107899999999999	12.64233	8.494580000000001	14.42309	13.56408	13.99499	12.38718	11.80358	4.57958	0.0	0.0	0.0
Node 134		13.32457	10.787420000000001	13.46271	12.66067	12.78839	14.41189	12.01603	10.79816	11.97446	12.960540000000002	15.83966	14.914359999999999	17.22925	12.39287	14.42309	12.14544	10.301630000000001	13.138	14.077020000000001	4.57958	0.0	0.0	0.0
Node 149		7.6235	15.674779999999998	9.80162	12.24943	13.59448	12.47273	12.01603	12.683620000000001	11.43566	12.04582	17.839740000000003	8.69298	12.2862	12.61654	16.13546	14.473820000000002	13.60159	13.71245	12.733939999999999	4.57958	0.0	0.0	0.0
Node 101		14.319899999999999	15.674779999999998	10.6692	12.66067	8.221680000000001	14.79506	12.636040000000001	10.31732	9.93194	14.90285	11.345180000000001	8.69298	9.65707	13.363829999999998	14.54649	12.13111	14.05635	12.36903	13.125229999999998	4.57958	0.0	0.0	0.0
Node 106		10.28873	14.88853	14.897079999999999	11.34412	10.80391	13.50864	12.57367	7.383929999999999	13.840440000000001	12.82906	15.062570000000001	12.09703	14.801169999999999	13.673750000000002	14.42309	12.24369	9.958269999999999	11.77175	13.125229999999998	4.57958	0.0	0.0	0.0
Node 115		11.41049	15.763910000000001	10.631699999999999	15.311179999999998	15.26806	16.02621	13.52781	12.327340000000001	11.43566	12.960540000000002	14.56101	12.69246	14.954899999999999	14.64477	13.731630000000001	13.56408	14.98267	13.71245	14.077020000000001	4.57958	0.0	0.0	0.0
Node 36		12.781120000000001	12.54673	14.6344	10.56241	16.14964	14.83949	14.84287	9.21122	13.958789999999999	11.32582	12.091349999999998	12.67074	8.41188	14.11296	12.05778	13.704659999999999	13.37461	11.77175	13.93523	4.57958	0.0	0.0	0.0
Node 77		16.73724	9.50208	14.6344	12.1087	13.59448	15.50992	12.71839	7.93485	13.840440000000001	16.19725	16.12162	12.09703	15.86199	9.26593	15.23795	15.158150000000001	10.92036	13.71245	11.80358	4.57958	0.0	0.0	0.0
Node 39		13.378409999999999	13.910359999999999	15.194270000000001	15.311179999999998	12.78839	16.41317	12.01603	10.24661	12.56603	16.19725	14.56101	9.34456	12.001109999999999	11.86106	12.49191	12.13111	14.87457	11.58295	11.80358	4.57958	0.0	0.0	0.0
Node 176		11.11994	13.910359999999999	15.884329999999999	13.87506	16.949089999999998	13.23851	14.06808	9.46065	13.840440000000001	10.522720000000001	12.740199999999998	14.24572	13.31355	11.86106	15.272820000000001	15.158150000000001	13.60159	12.96163	13.125229999999998	4.57958	0.0	0.0	0.0
Node 50		15.22212	15.674779999999998	15.884329999999999	12.66067	15.208540000000001	15.69831	12.57367	12.327340000000001	11.43566	14.90285	15.880379999999999	10.12835	9.68394	13.673750000000002	15.27314	11.17506	10.01963	13.0776	10.87273	4.57958	0.0	0.0	0.0
Node 49		14.421719999999999	12.54673	13.74215	12.66067	11.554739999999999	13.170160000000001	13.50666	13.2738	12.56603	14.675469999999999	15.30377	11.107899999999999	15.1698	12.39281	14.610899999999999	13.64891	14.87457	7.4734	11.80309	4.57958	0.0	0.0	0.0
Node 103		13.378409999999999	13.910359999999999	12.4006	10.56241	12.78839	14.79506	12.57367	12.327340000000001	11.43566	9.65942	16.12162	11.96807	15.861149999999999	11.00822	13.42558	14.33324	13.455039999999999	13.138	13.93523	4.57958	0.0	0.0	0.0
Node 105		12.78407	13.910359999999999	10.67413	10.56241	16.22779	13.88502	11.86125	12.327340000000001	12.17963	12.04582	12.091349999999998	13.650290000000002	14.28837	13.673750000000002	13.20458	14.388989999999998	15.568389999999999	8.09562	13.93523	4.57958	0.0	0.0	0.0
Node 59		14.421719999999999	13.910359999999999	11.50835	11.34412	12.874379999999999	14.07341	13.52781	12.327340000000001	11.97446	12.266960000000001	15.880379999999999	11.107899999999999	12.64233	11.08971	13.731630000000001	15.37105	14.417019999999999	12.38718	13.125229999999998	4.57958	0.0	0.0	0.0
Node 16		8.791400000000001	15.763910000000001	14.307039999999999	13.38702	17.83067	14.09763	12.73187	12.327340000000001	11.43566	12.759580000000001	15.776319999999998	11.88826	10.0424	14.11296	11.31959	13.640350000000002	11.44569	12.38718	12.519449999999999	4.57958	0.0	0.0	0.0
Node 119		14.421719999999999	13.910359999999999	16.450139999999998	11.95393	15.26806	15.32234	9.57828	7.40456	12.56603	16.19725	15.37886	10.12835	11.077539999999999	7.98178	12.20707	14.54614	12.35993	8.969430000000001	14.865590000000001	4.57958	0.0	0.0	0.0
Node 8		14.486289999999999	15.674779999999998	16.90254	11.89609	12.06829	16.41317	13.35188	10.05137	11.97446	14.338029999999998	12.99025	1.4876800000000001	13.69957	9.01998	9.880840000000001	12.83292	13.04719	8.969430000000001	11.97733	4.57958	0.0	0.0	0.0
Node 162		13.477079999999999	9.89149	12.96641	10.56241	13.4639	14.50079	14.06808	12.327340000000001	12.75041	12.759580000000001	13.66211	13.6498	14.49858	10.87425	12.11491	12.148589999999999	13.60159	8.09562	14.865590000000001	4.57958	0.0	0.0	0.0
Node 186		9.505429999999999	13.12411	15.47477	13.110479999999999	12.7438	11.613610000000001	14.0643	7.93485	14.702760000000001	14.592379999999999	12.740199999999998	11.107899999999999	15.1698	11.86106	15.75241	15.963740000000001	12.35993	9.476650000000001	14.865590000000001	4.57958	0.0	0.0	0.0
Node 109		9.5943	13.910359999999999	14.897079999999999	13.038540000000001	16.021720000000002	14.12463	12.01603	12.327340000000001	13.30164	12.759580000000001	13.73301	14.24572	14.28837	12.37915	12.64196	9.44715	13.76799	12.38718	9.99269	4.57958	0.0	0.0	0.0
Node 75		12.03096	13.910359999999999	9.68688	11.24416	15.34621	11.945500000000001	14.0643	12.327340000000001	14.832210000000002	13.75739	15.30377	8.62017	14.49858	14.11296	15.285730000000001	14.54614	11.968589999999999	11.77175	13.125229999999998	4.57958	0.0	0.0	0.0
Node 18		12.605530000000002	14.88853	10.6692	12.66067	17.07701	14.81249	14.06808	14.207510000000001	11.97446	12.759580000000001	14.958469999999998	8.70256	14.28837	12.81456	13.731630000000001	13.72518	13.99499	8.750070000000001	12.33666	4.57958	0.0	0.0	0.0
Node 138		14.421719999999999	11.6508	16.450139999999998	11.89609	16.4015	15.41044	14.0643	12.327340000000001	14.702760000000001	12.04582	12.091349999999998	6.977659999999999	10.2128	14.11296	15.06623	13.640350000000002	12.47437	13.0776	13.125229999999998	4.57958	0.0	0.0	0.0
Node 5		9.413390000000001	13.551560000000002	13.0496	8.80637	14.592550000000001	15.41044	13.352240000000002	12.327340000000001	10.89722	13.68169	12.091349999999998	8.70256	12.792480000000001	11.00822	12.02145	12.900269999999999	11.44569	9.25729	13.93523	4.57958	0.0	0.0	0.0
Node 41		14.421719999999999	12.923950000000001	17.31065	11.89609	17.07701	15.45526	12.57367	12.327340000000001	12.56603	13.70072	13.595869999999998	13.650290000000002	14.49858	10.02141	16.13546	12.13111	12.86932	9.25729	13.93523	4.57958	0.0	0.0	0.0
Node 158		15.22212	15.674779999999998	12.18909	13.87506	10.80391	11.613610000000001	12.816849999999999	12.327340000000001	11.43566	13.75739	15.30377	7.713430000000001	10.2128	10.77814	16.13546	12.07809	14.98267	10.306759999999999	12.33666	4.57958	0.0	0.0	0.0
Node 83		12.769340000000001	10.66439	10.62677	12.1087	15.34355	15.02788	12.57367	12.327340000000001	7.32378	14.61544	15.30377	11.107899999999999	11.53741	10.02141	14.42309	12.14544	14.365179999999999	12.33377	14.865590000000001	4.57958	0.0	0.0	0.0
Node 164		11.128739999999999	14.88853	15.884329999999999	12.66067	13.27291	13.50864	12.7946	12.327340000000001	11.9661	12.759580000000001	14.56101	10.333689999999999	14.28837	10.87425	12.89853	12.83292	13.60159	13.01439	13.93523	4.57958	0.0	0.0	0.0
Node 179		16.081519999999998	10.66439	12.24712	15.311179999999998	13.59448	12.284040000000001	12.01603	12.327340000000001	12.385309999999999	14.698530000000002	15.909390000000002	12.065240000000001	14.429680000000001	9.26593	10.804260000000001	12.894079999999999	13.556579999999999	11.00278	13.93523	4.57958	0.0	0.0	0.0
Node 57		12.78407	13.910359999999999	16.16138	11.34412	14.592550000000001	11.95209	15.08117	9.8802	11.43602	13.74714	14.56101	14.31893	14.28837	12.15513	11.43857	15.158150000000001	10.47009	11.58295	13.93523	4.57958	0.0	0.0	0.0
Node 66		13.321620000000001	10.66439	11.51328	13.38702	9.12189	13.187589999999998	14.84287	14.91912	10.50195	10.522720000000001	12.909200000000002	12.14162	14.28837	13.374820000000001	15.15908	13.56408	10.01963	13.71245	13.93523	4.57958	0.0	0.0	0.0
Node 150		12.769340000000001	13.910359999999999	12.7549	11.11438	12.895780000000002	14.79506	14.06808	13.05287	12.56603	13.90504	10.41035	7.07294	10.0424	10.63013	13.048499999999999	12.81544	11.66614	11.00278	13.93523	4.57958	0.0	0.0	0.0
Node 6		15.77722	14.53797	10.5367	12.66067	15.26806	15.50992	10.66976	11.73662	11.43566	12.04582	13.66211	11.703330000000001	12.792480000000001	15.52124	14.42309	13.56408	11.32736	12.38718	13.125229999999998	4.57958	0.0	0.0	0.0
Node 137		13.32457	13.12411	12.47546	10.00254	12.895780000000002	10.39897	12.01603	13.05287	12.5049	12.04582	13.55805	8.43782	15.195459999999999	12.39281	14.42309	14.473820000000002	14.87457	12.33377	10.87273	4.57958	0.0	0.0	0.0
Node 29		11.8789	13.12411	12.07909	12.05389	16.021720000000002	13.170160000000001	10.66976	13.05287	11.00918	12.759580000000001	13.410720000000001	14.31893	12.64233	12.386460000000001	14.93755	14.473820000000002	14.365179999999999	10.06152	13.93523	4.57958	0.0	0.0	0.0
Node 76		14.421719999999999	13.910359999999999	8.08089	0.88158	17.07701	11.99639	12.01603	12.327340000000001	13.66808	14.592379999999999	13.66211	12.09703	15.1698	14.87124	12.20707	15.158150000000001	14.642069999999999	13.138	14.865590000000001	4.57958	0.0	0.0	0.0
Node 191		14.421719999999999	13.12411	8.08089	11.89609	8.30735	13.50864	12.37422	12.327340000000001	10.89722	7.27719	14.56101	14.31893	15.195459999999999	8.494580000000001	12.11491	14.33324	14.87457	13.138	14.865590000000001	4.57958	0.0	0.0	0.0
Node 79		14.421719999999999	14.704970000000001	11.49314	16.10142	16.903299999999998	15.69831	12.57367	12.327340000000001	13.840440000000001	13.74714	15.30377	10.12835	11.84332	11.86106	14.46762	11.39995	14.964640000000001	13.71245	11.08592	4.57958	0.0	0.0	0.0
Node 139		13.32457	14.88853	12.47546	11.34412	12.27484	15.50992	12.01603	12.327340000000001	11.97446	11.32582	16.12162	12.61265	14.26271	11.62973	15.06623	13.56408	15.556310000000002	11.00278	13.93523	4.57958	0.0	0.0	0.0
Node 182		11.11994	15.674779999999998	10.6692	11.34412	16.14964	16.09151	13.52781	12.327340000000001	12.56603	15.27917	15.95547	10.17895	11.84332	14.11296	14.42309	15.12694	14.28885	12.96163	13.146659999999999	4.57958	0.0	0.0	0.0
Node 32		13.686290000000001	13.910359999999999	13.64614	15.311179999999998	15.860389999999999	14.12463	12.57367	12.327340000000001	12.56603	13.6743	16.69823	14.914359999999999	7.46671	11.86106	11.554689999999999	14.388989999999998	11.574810000000001	10.88446	14.077020000000001	4.57958	0.0	0.0	0.0
Node 185		11.11994	13.910359999999999	15.194270000000001	12.28633	15.47413	14.12463	9.74402	12.327340000000001	11.9661	9.50182	13.66211	14.914359999999999	14.15589	12.39281	11.42345	14.33324	14.28885	13.138	14.077020000000001	4.57958	0.0	0.0	0.0
Node 20		13.73653	13.910359999999999	14.6344	15.311179999999998	11.137329999999999	10.99762	13.352240000000002	9.8802	13.840440000000001	9.65942	15.16663	12.67074	12.2862	13.14194	9.880840000000001	15.208309999999999	14.642069999999999	12.96163	10.155069999999998	4.57958	0.0	0.0	0.0
Node 78		13.686290000000001	15.674779999999998	13.93352	7.268800000000001	10.80391	15.69831	12.57367	12.327340000000001	13.30164	15.48349	14.56101	11.88695	15.195459999999999	12.61654	14.42309	14.33324	11.95508	9.57466	12.592149999999998	4.57958	0.0	0.0	0.0
Node 91		13.686290000000001	13.12411	12.18909	11.7768	14.476059999999999	14.12463	13.52781	14.19359	12.56603	12.04582	15.984480000000001	10.324110000000001	15.1698	14.11296	12.45052	10.64512	14.28885	9.25729	12.33666	4.57958	0.0	0.0	0.0
Node 136		13.459399999999999	10.468869999999999	11.20677	11.24416	13.59448	15.547839999999999	12.57367	12.327340000000001	11.43566	7.27719	12.99025	7.713430000000001	9.706520000000001	12.61654	13.896040000000001	12.060609999999999	13.324079999999999	11.00278	10.96507	4.57958	0.0	0.0	0.0
Node 67		13.686290000000001	9.89149	15.557889999999999	11.34412	5.78038	15.50992	9.73995	12.1962	12.56603	16.53133	16.85739	11.78572	8.27841	9.26593	15.15908	12.81544	9.958269999999999	12.96163	11.055520000000001	4.57958	0.0	0.0	0.0
Node 28		15.91513	12.1377	10.32519	11.89609	16.22779	10.38895	13.348460000000001	12.327340000000001	12.02723	9.51437	14.56101	13.717950000000002	13.05102	13.14194	12.49191	14.473820000000002	14.87457	13.138	13.93523	4.57958	0.0	0.0	0.0
Node 113		15.22212	15.674779999999998	12.4006	10.56241	15.26806	12.554170000000001	13.348460000000001	12.327340000000001	8.91737	13.75739	15.30377	10.56664	15.70826	12.92462	9.18775	12.14544	14.87457	13.138	13.146659999999999	4.57958	0.0	0.0	0.0
Node 192		12.76639	12.43705	10.579130000000001	12.686330000000002	14.592550000000001	12.554170000000001	12.57367	12.327340000000001	11.9661	12.04582	12.740199999999998	8.62017	13.59149	11.111930000000001	13.42558	13.56408	15.55036	13.0776	11.80358	4.57958	0.0	0.0	0.0
Node 70		13.686290000000001	13.910359999999999	15.744839999999998	10.56241	15.02365	14.79506	12.01603	12.327340000000001	13.840440000000001	12.04582	13.595869999999998	10.324110000000001	11.84332	12.61654	14.42309	11.39376	9.94476	12.38718	12.733939999999999	4.57958	0.0	0.0	0.0
Node 47		14.976819999999998	11.45064	13.74215	12.66067	10.570160000000001	13.427200000000001	9.73995	12.327340000000001	13.840440000000001	16.53133	14.56101	11.35043	12.40772	9.01998	15.15908	11.39995	10.54496	10.198550000000001	14.865590000000001	4.57958	0.0	0.0	0.0
Node 161		14.319899999999999	12.43705	11.50835	15.311179999999998	14.34814	11.90087	13.289509999999998	11.65836	11.43566	12.04582	16.12162	11.58444	17.22925	7.45064	16.13546	12.13111	12.19147	13.138	13.146659999999999	4.57958	0.0	0.0	0.0
Node 3		12.781120000000001	13.12411	16.450139999999998	11.79613	14.02657	13.170160000000001	12.57367	13.05287	11.43566	14.675469999999999	16.12162	10.12835	15.1698	10.02141	14.42309	11.39376	13.779459999999998	11.38843	14.865590000000001	4.57958	0.0	0.0	0.0
Node 188		9.505429999999999	14.115630000000001	16.16138	11.32699	16.949089999999998	15.50992	13.348460000000001	11.73662	10.89722	13.68169	16.12162	10.38351	10.2128	10.87425	13.42558	15.158150000000001	13.556579999999999	12.96163	13.125229999999998	4.57958	0.0	0.0	0.0
Node 45		7.6235	12.54673	16.450139999999998	12.66067	16.14964	10.86338	12.71839	14.207510000000001	12.385309999999999	13.87862	16.12162	11.58444	15.70826	12.61654	12.89853	12.16911	11.21587	3.45363	13.146659999999999	4.57958	0.0	0.0	0.0
Node 157		7.73846	9.89149	12.4006	14.778540000000001	12.27484	14.33045	12.57367	12.327340000000001	10.46238	15.533520000000001	16.01935	13.674430000000001	11.31446	13.363829999999998	14.42309	11.39995	11.95508	11.00278	14.865590000000001	4.57958	0.0	0.0	0.0
Node 155		13.47413	15.674779999999998	15.462890000000002	15.311179999999998	13.71576	11.95209	10.66976	12.41096	11.43566	14.61544	12.740199999999998	8.66259	11.9078	9.797740000000001	12.17209	11.39376	13.60159	13.138	13.93523	4.57958	0.0	0.0	0.0
Node 14		15.22212	13.94081	13.06141	7.95774	13.59448	13.84059	12.73187	8.78728	13.248869999999998	12.04582	17.839740000000003	7.713430000000001	11.84332	8.494580000000001	13.42558	8.20153	13.092200000000002	13.138	12.33666	4.57958	0.0	0.0	0.0
Node 154		14.421719999999999	13.910359999999999	11.09184	12.05389	14.26999	14.83949	13.348460000000001	12.327340000000001	11.9661	12.039579999999999	14.56101	13.05437	14.54607	13.673750000000002	13.42558	13.72518	15.556310000000002	9.40707	13.93523	4.57958	0.0	0.0	0.0
Node 141		12.78407	13.12411	11.41828	12.66067	8.98064	10.99762	13.289509999999998	12.327340000000001	12.385309999999999	12.811	15.19971	11.107899999999999	14.01043	11.86106	12.64196	14.388989999999998	11.42975	13.71245	13.125229999999998	4.57958	0.0	0.0	0.0
Node 142		15.22212	11.77383	15.462890000000002	12.24943	15.26806	14.07341	12.57367	14.19359	11.97446	12.9639	15.19971	10.324110000000001	11.901440000000001	13.14194	13.731630000000001	13.72518	15.55036	13.0776	13.125229999999998	4.57958	0.0	0.0	0.0
Node 13		11.8789	10.468869999999999	15.47477	13.91966	12.78839	14.79506	13.289509999999998	10.90804	14.702760000000001	13.70072	15.37886	11.107899999999999	12.540200000000002	11.533619999999999	14.42309	14.388989999999998	15.25611	10.198550000000001	13.93523	4.57958	0.0	0.0	0.0
Node 68		12.03391	13.12411	13.06141	12.32877	16.903299999999998	14.50079	12.816849999999999	12.327340000000001	4.5928700000000005	14.592379999999999	12.99025	8.84174	11.84332	13.14194	15.15908	10.001980000000001	14.87457	11.00278	14.865590000000001	4.57958	0.0	0.0	0.0
Node 43		14.421719999999999	9.89149	11.61402	11.89609	12.78839	13.170160000000001	13.289509999999998	11.73662	12.71843	12.04582	10.350280000000001	8.67077	9.68394	12.61654	15.285730000000001	13.56408	14.87457	13.138	14.865590000000001	4.57958	0.0	0.0	0.0
Node 151		13.686290000000001	13.12411	14.93136	11.24416	14.34814	13.170160000000001	12.57367	6.05706	11.43566	16.19725	12.740199999999998	11.107899999999999	7.60898	11.86106	15.272820000000001	14.388989999999998	14.28885	10.88897	12.592149999999998	4.57958	0.0	0.0	0.0
Node 152		11.41049	14.88853	16.450139999999998	11.79613	10.52462	14.12463	12.01603	13.05287	12.17963	9.65942	14.4459	8.49722	11.84332	12.386460000000001	11.58788	12.83292	12.642339999999999	11.7536	12.613579999999999	4.57958	0.0	0.0	0.0
