Node 22		1.48214	3.4883900000000003	7.01799	5.46457	5.48382	4.20208	4.09803	4.26558	5.5559400000000005	3.3223599999999998	4.51832	4.026890000000001	2.67383	4.51059	2.92871	5.63603	6.23723	4.91172	5.69573	0.58672	0.0	0.0	0.0
Node 184		2.65419	4.66	10.60035	1.5293700000000001	6.38922	2.168	3.4417299999999997	2.2945	1.6396199999999999	9.08613	4.75072	1.49852	8.63926	2.1436	6.275469999999999	1.36419	3.9109499999999997	6.94387	2.99631	0.9308500000000001	0.0	0.0	0.0
Node 133		9.58342	6.6609	4.85905	5.05063	6.50641	4.1432400000000005	3.8762900000000005	1.57561	5.9666999999999994	4.36223	2.18974	5.08581	6.903620000000001	3.52021	5.2238	2.72471	2.0994200000000003	3.9545299999999997	4.78413	1.3752900000000001	0.0	0.0	0.0
Node 12		2.2596700000000003	6.807639999999999	4.88504	7.4700500000000005	6.238160000000001	2.99963	5.2389600000000005	6.03323	4.9436800000000005	6.9389199999999995	3.73337	3.51417	5.66411	4.97009	4.71438	4.69599	7.32724	6.73285	2.53233	0.7885700000000001	0.0	0.0	0.0
Node 102		6.03584	3.5357	1.71263	2.49529	7.542260000000001	6.19897	8.31615	4.21658	6.26045	9.29288	3.4884199999999996	3.3041599999999995	4.52742	6.8715399999999995	5.3663099999999995	6.934800000000001	6.5678600000000005	3.91602	2.27523	1.3752900000000001	0.0	0.0	0.0
Node 105		3.57221	1.86901	5.14977	5.21915	8.1475	3.21587	7.47514	3.6729199999999995	6.825480000000001	4.0043500000000005	5.84387	3.7593	6.937849999999999	5.24021	8.37598	4.95414	5.77612	4.51697	2.5022800000000003	0.9308500000000001	0.0	0.0	0.0
Node 170		2.2283299999999997	1.53583	1.8231000000000002	4.46873	4.82974	3.28689	4.59453	2.77426	2.65899	7.8508	2.49661	4.4889	9.09979	8.08669	3.7229699999999997	3.2263699999999997	4.417009999999999	6.08934	4.30043	2.2525	0.0	0.0	0.0
Node 104		5.40121	7.160850000000001	2.24795	6.9182999999999995	4.169090000000001	0.0	4.3445	7.01946	2.80288	5.29893	1.5035	3.3597099999999998	1.14812	3.10156	6.3528	1.82281	3.8536099999999998	2.98064	4.33771	0.9308500000000001	0.0	0.0	0.0
Node 86		4.7314799999999995	4.00362	2.69685	3.32608	5.28102	2.7631699999999997	3.79754	7.01488	2.5729599999999997	3.1386900000000004	2.24263	5.7139500000000005	6.13397	8.27703	3.2023099999999998	4.94996	0.0	4.18039	5.43189	1.32165	0.0	0.0	0.0
Node 84		3.27356	4.76688	5.73104	5.59035	6.26555	2.1825799999999997	6.151079999999999	5.09296	2.75162	5.378340000000001	3.69275	3.82823	5.95446	4.63817	8.78497	4.4288300000000005	5.21767	1.5187000000000002	5.65629	0.0	0.0	0.0	0.0
Node 175		6.00858	3.44099	8.032409999999999	3.6699599999999997	3.9120000000000004	1.6028799999999999	8.79322	7.16474	5.9225	7.52959	3.3908	0.9219099999999999	2.26714	5.49485	2.3344199999999997	5.27024	5.91501	1.2615100000000001	2.32964	1.71893	0.0	0.0	0.0
Node 183		5.3678799999999995	4.4663	5.251200000000001	2.67409	4.19494	3.2740400000000003	4.80236	5.43029	3.03429	3.78399	4.2654	3.14802	4.307980000000001	5.94085	8.84144	5.91239	4.72164	1.36036	4.16164	1.86121	0.0	0.0	0.0
Node 81		4.8108900000000006	6.89361	1.64828	2.85786	4.36078	6.725499999999999	4.16648	5.88082	4.10942	8.11842	1.84857	5.7009	4.29123	5.45587	7.00119	2.61373	3.24684	2.4637200000000004	6.17284	0.9303600000000001	0.0	0.0	0.0
Node 163		3.51047	3.7424899999999997	6.23183	5.949879999999999	3.64443	3.8650900000000004	2.46432	7.28563	1.176	3.57923	5.16432	0.90674	4.05525	3.41369	3.8892200000000003	0.64314	5.10384	3.87579	4.14585	0.0	0.0	0.0	0.0
Node 72		3.87546	5.307180000000001	1.69208	7.72217	3.96006	3.7366099999999998	1.56284	6.83622	5.5504	4.44365	1.9576300000000002	2.7588	6.82116	0.64855	8.41699	0.78362	4.97697	4.15479	1.40134	1.1198	0.0	0.0	0.0
Node 51		4.01358	4.42687	4.17222	5.83304	10.11962	3.0642	2.31554	4.86484	5.4456999999999995	1.28277	4.51621	3.75082	6.592230000000001	9.26768	6.96051	3.38934	0.0	4.50688	1.2147	1.71893	0.0	0.0	0.0
Node 24		2.56635	3.213	6.40215	3.2752000000000003	6.47755	5.32767	8.32095	6.0795200000000005	4.29441	7.09781	4.307939999999999	2.4696599999999997	5.55042	4.52228	5.4934400000000005	5.41065	3.4505099999999995	4.2015400000000005	4.19167	0.58672	0.0	0.0	0.0
Node 177		6.61057	5.536	4.717890000000001	4.03765	8.51384	4.4302399999999995	4.33254	6.883540000000001	7.8209	7.0987800000000005	2.94439	2.72755	1.54508	3.6427599999999996	3.36648	2.59588	8.8124	5.88104	3.26129	0.58672	0.0	0.0	0.0
Node 63		5.69989	1.46591	5.5828500000000005	6.447799999999999	6.88941	4.18709	5.33408	7.4233400000000005	2.40065	7.321759999999999	3.2102600000000003	0.0	6.1522	6.72766	5.44152	8.70518	4.2512	6.10745	4.10536	1.86121	0.0	0.0	0.0
Node 164		0.95086	6.00996	6.581770000000001	8.11047	4.16803	2.35635	3.5443000000000002	7.18228	1.2046299999999999	4.52139	4.76118	2.01924	5.35989	3.2645599999999995	8.2238	4.02685	3.2048	5.77623	1.2120799999999998	0.53308	0.0	0.0	0.0
Node 119		6.6338099999999995	6.82992	8.20552	3.22305	7.1411	4.08648	3.94274	2.27811	4.19945	9.06196	0.5887800000000001	6.1395800000000005	4.1479	6.85017	6.46552	4.6790400000000005	6.1421	3.4493000000000005	2.3195	0.58672	0.0	0.0	0.0
Node 162		7.58006	8.03044	3.5331300000000003	7.74545	7.222090000000001	2.49783	5.0607	5.67939	3.88239	7.10841	3.3258900000000002	1.29496	6.673659999999999	2.51589	4.50689	3.0789899999999997	6.587179999999999	5.79024	3.5333900000000003	0.9308500000000001	0.0	0.0	0.0
Node 23		5.56028	5.34534	1.61486	3.24119	5.21124	4.76392	4.1866	2.54686	8.201509999999999	4.670789999999999	4.12998	4.12556	6.307359999999999	4.8537099999999995	2.46352	3.64255	7.746519999999999	3.21228	1.50481	0.9303600000000001	0.0	0.0	0.0
Node 96		2.28481	6.758780000000001	4.83544	6.8055	7.31806	3.85721	4.81435	6.27385	3.21001	5.93245	5.26159	3.11881	7.428609999999999	4.427989999999999	7.76173	2.7381800000000003	3.99193	3.8925099999999997	3.4755300000000005	1.46393	0.0	0.0	0.0
Node 114		5.10478	6.49553	5.122730000000001	9.49774	4.71363	5.68125	6.06342	5.090730000000001	5.86234	6.62054	5.4765500000000005	4.93663	4.6538900000000005	3.2649600000000003	9.98014	3.35175	5.18949	5.01948	0.62721	0.0	0.0	0.0	0.0
Node 35		5.12964	5.8245499999999995	5.53539	5.94182	3.32546	6.42656	4.64191	4.28008	1.70093	9.502320000000001	7.21058	3.3785999999999996	2.59868	7.650270000000001	7.94506	3.62744	4.13996	4.34434	4.84702	3.18286	0.0	0.0	0.0
Node 157		5.551699999999999	5.16259	3.62081	6.99131	6.91388	5.35288	3.2922800000000003	3.06806	2.6125700000000003	5.58179	0.5806399999999999	2.03141	3.6894000000000005	5.598800000000001	2.4346799999999997	3.3041599999999995	4.98884	3.93009	2.11118	0.53308	0.0	0.0	0.0
Node 48		7.032439999999999	2.9022200000000002	6.816369999999999	5.95768	4.38049	2.44131	2.18488	6.6504900000000005	2.7574	3.32772	1.23763	1.4426299999999999	5.99733	5.7103	3.66285	5.49568	5.12642	5.27556	0.9303600000000001	0.53308	0.0	0.0	0.0
Node 74		6.51559	4.70641	5.39803	8.42113	4.57821	5.81593	7.48526	6.84779	2.21896	6.5906	3.8581699999999994	0.72439	5.60921	4.505669999999999	7.43891	5.920240000000001	7.017519999999999	2.36047	1.2147	0.9308500000000001	0.0	0.0	0.0
Node 196		3.27569	5.77923	6.62845	5.56033	9.124889999999999	4.86717	1.23115	0.0	3.82218	9.72133	3.87061	4.3143899999999995	7.438490000000001	6.14413	6.03052	5.76346	6.5172300000000005	6.16571	4.37613	1.71942	0.0	0.0	0.0
Node 8		7.49781	7.413309999999999	1.35202	2.5324	1.87993	2.39552	5.23052	6.486400000000001	2.27703	10.21314	4.6651299999999996	0.5887800000000001	5.35036	2.63158	4.26665	4.83387	2.83846	1.01661	2.22905	0.58672	0.0	0.0	0.0
Node 26		4.60675	4.16263	5.21382	5.62258	7.4292300000000004	5.8660499999999995	4.9816	5.271929999999999	5.2549600000000005	4.61358	3.98584	3.7890300000000003	4.23533	7.869610000000001	5.54648	4.89708	5.24557	3.05159	4.0212699999999995	2.44793	0.0	0.0	0.0
Node 95		5.23222	4.52134	4.73707	5.81227	3.31268	5.98078	2.82113	1.8036699999999999	4.89511	3.10895	4.80788	3.22014	6.31496	1.76672	9.24732	3.82954	4.11432	2.83015	4.26692	1.71893	0.0	0.0	0.0
Node 77		1.29866	4.97958	3.25723	5.04215	4.77564	1.3403500000000002	3.81989	6.74444	6.14245	7.76014	2.14757	2.75994	8.8879	2.09111	6.82501	4.93106	8.08036	6.8241499999999995	2.94243	0.7885700000000001	0.0	0.0	0.0
Node 98		1.30881	7.334789999999999	4.675590000000001	3.29596	3.49934	5.00914	4.238630000000001	5.61472	2.91281	6.2840300000000004	2.22062	4.16372	4.76575	6.35552	7.860010000000001	7.30199	9.4251	5.8723600000000005	3.8998999999999997	1.86121	0.0	0.0	0.0
Node 154		1.6392	4.10218	4.05685	5.44206	5.566949999999999	3.2432999999999996	5.57051	7.334029999999999	2.90359	6.251189999999999	3.86466	2.57144	3.6904	7.153700000000001	4.83887	4.27184	4.7942100000000005	2.49123	5.09484	2.64978	0.0	0.0	0.0
Node 4		9.7854	3.9349299999999996	4.1413	3.67196	4.4356	4.850779999999999	6.12709	6.30434	2.36515	7.10508	2.5576600000000003	3.12965	2.95139	5.80292	8.73728	4.77769	4.40911	5.3851	2.173	0.7885700000000001	0.0	0.0	0.0
Node 73		5.33147	5.19667	5.7492	4.1856	3.5642	1.36965	4.72532	6.45882	3.29603	3.95731	5.1169	3.19405	4.40883	7.42192	7.98599	4.70842	3.00708	5.16576	3.56446	1.86121	0.0	0.0	0.0
Node 21		6.30699	5.20799	2.98578	0.53264	4.64881	8.15006	5.55655	4.44746	3.2912700000000004	5.31456	6.77122	3.70116	4.71206	3.7701100000000003	2.91142	6.19887	6.97758	3.1345400000000003	3.23504	1.51757	0.0	0.0	0.0
Node 7		1.58627	2.38355	6.27352	4.06191	5.70738	1.65154	6.06669	6.563960000000001	3.9226900000000002	3.61066	5.65965	4.6112899999999994	4.43213	4.98674	4.750299999999999	2.21915	3.5525599999999997	4.2022900000000005	3.62139	0.9308500000000001	0.0	0.0	0.0
Node 56		4.34294	7.13473	4.8977	3.0641700000000003	4.48411	4.36125	5.05269	4.82807	3.64334	7.780099999999999	0.71376	5.15606	3.1443199999999996	2.95863	7.03246	7.1329199999999995	3.5792900000000003	4.273770000000001	2.78361	2.64978	0.0	0.0	0.0
Node 83		6.23348	5.3497	3.9888	5.9946	4.39787	4.44536	6.894880000000001	4.73382	4.78693	7.95038	4.919720000000001	3.3300099999999997	5.05928	5.475490000000001	4.32678	6.12919	4.3313299999999995	4.39193	3.87807	0.9308500000000001	0.0	0.0	0.0
Node 129		3.03933	2.84001	3.3782600000000005	2.79656	4.92559	4.9573	4.61374	7.696790000000001	1.90782	2.65807	2.99752	2.0321	3.2658600000000004	6.335490000000001	4.33123	3.85589	3.37281	2.70858	2.45289	0.0	0.0	0.0	0.0
Node 135		3.5769299999999995	5.15397	2.25607	8.314829999999999	8.43854	3.08071	2.56557	5.240340000000001	3.4182200000000003	7.31651	3.88096	2.70257	4.368799999999999	1.26193	3.7554700000000003	2.35221	6.79966	0.65445	5.42783	0.9308500000000001	0.0	0.0	0.0
Node 79		2.85373	3.84357	5.8303899999999995	6.925140000000001	3.9387900000000005	2.99572	3.7768	5.96942	1.78443	6.23999	7.31004	1.18474	6.95426	8.5869	10.94387	4.57136	5.8496	3.6678299999999995	5.64654	0.9303600000000001	0.0	0.0	0.0
Node 99		6.245620000000001	2.6883500000000002	4.41005	4.95333	5.38478	4.14655	5.69836	3.1692699999999996	4.4153400000000005	7.90531	4.83106	1.4426299999999999	4.07859	2.2845500000000003	3.43824	5.3849	3.2790600000000003	2.62555	5.0290799999999996	1.51708	0.0	0.0	0.0
Node 139		3.70261	4.4609700000000005	5.84159	3.09227	4.08293	6.7425299999999995	6.5525	7.7461	1.76599	8.9216	5.3098600000000005	4.96422	4.8296600000000005	6.296010000000001	3.74074	4.95141	3.1695800000000003	2.753	2.60303	0.0	0.0	0.0	0.0
Node 191		4.07046	3.91525	4.77977	7.581499999999999	0.72635	1.8357999999999999	3.16524	5.19219	3.61629	5.39899	3.6063199999999997	2.7934799999999997	4.1168499999999995	4.09614	6.7726999999999995	5.92261	5.05107	3.79696	5.8242	2.2525	0.0	0.0	0.0
Node 6		3.94527	4.16958	4.46718	4.35734	6.879250000000001	3.84873	5.1676	5.799060000000001	2.22925	2.9009	2.60318	3.4156	7.559430000000001	3.5596500000000004	10.70499	4.93849	3.90746	4.3536600000000005	4.93701	0.0	0.0	0.0	0.0
Node 115		5.32299	5.06551	4.2309399999999995	5.1955800000000005	8.164480000000001	4.86302	3.7394499999999997	4.8407100000000005	4.15662	6.819749999999999	5.95219	1.82865	9.51485	4.089460000000001	3.39608	5.38381	1.64873	4.95586	1.62078	0.0	0.0	0.0	0.0
Node 18		5.48677	8.757	0.94772	7.0045399999999995	4.25154	4.10882	3.9785500000000003	7.20596	2.9994	3.8792	4.40409	3.36807	5.7274	6.9983	8.84655	2.74399	4.33734	4.28589	4.08545	0.0	0.0	0.0	0.0
Node 68		5.8798	4.77693	5.0668	4.61909	6.585729999999999	2.42121	2.6857800000000003	8.05593	2.51685	6.02498	6.2137199999999995	0.64885	4.51599	5.8039	9.45065	2.04664	11.487029999999999	6.03408	3.2555	2.2525	0.0	0.0	0.0
Node 54		3.65544	4.7743	3.46701	5.50163	4.99683	4.13624	5.87045	7.84229	5.92143	6.5756	5.89769	1.77608	1.14812	4.41627	7.422560000000001	6.17319	4.55682	5.43697	4.62262	0.9308500000000001	0.0	0.0	0.0
Node 147		4.90528	6.55351	4.2494700000000005	7.336380000000001	5.60811	4.63872	6.25428	4.57541	2.41046	6.67229	1.8999	1.47411	6.1206000000000005	4.35308	6.98362	4.07507	2.17225	3.1606099999999997	4.05985	0.7885700000000001	0.0	0.0	0.0
Node 118		5.872059999999999	3.68821	4.21397	4.49493	3.4836600000000004	4.4511	6.678489999999999	6.648560000000001	7.298100000000001	6.32868	3.95716	3.22078	3.2395599999999996	0.0	4.75511	6.03979	2.9220699999999997	4.9088199999999995	2.19399	0.58672	0.0	0.0	0.0
Node 145		6.65371	2.78375	4.09574	3.9498100000000003	6.69583	5.85992	3.5203400000000005	5.85922	5.79584	1.53606	7.848439999999999	2.22291	3.2260299999999997	4.18818	5.40057	1.33937	4.04478	2.32293	1.9603	0.0	0.0	0.0	0.0
Node 28		3.22106	5.71388	5.086679999999999	6.40005	6.85583	4.37723	3.2183499999999996	8.63229	2.77473	5.8833400000000005	2.4919000000000002	4.0869599999999995	2.51042	4.8137	7.867979999999999	4.23557	4.22342	4.51179	1.25074	0.9303600000000001	0.0	0.0	0.0
Node 88		0.68122	4.22961	6.0303700000000005	6.071689999999999	5.23311	6.668699999999999	6.81191	4.073659999999999	3.19852	10.26534	5.15503	1.57076	4.78973	3.37721	4.73932	2.5069	6.508940000000001	2.12893	4.41115	1.71942	0.0	0.0	0.0
Node 110		6.90357	1.3052599999999999	5.84825	6.350709999999999	5.7423399999999996	4.111009999999999	4.61858	3.1152800000000003	4.70014	4.76189	5.88614	3.8929400000000003	6.19334	6.425540000000001	2.69225	6.4030000000000005	5.33032	3.7201199999999996	3.61277	0.0	0.0	0.0	0.0
Node 189		3.9188899999999998	2.3859000000000004	4.86557	5.29959	4.73948	5.97151	4.0665	3.1602400000000004	3.1757100000000005	8.63027	0.0	2.6719	2.36525	4.7933900000000005	4.11519	2.95207	4.28968	4.87898	4.82264	1.46393	0.0	0.0	0.0
Node 122		5.6847	4.40426	5.9412	6.3349	7.428319999999999	5.90527	3.8211399999999998	5.45077	1.98656	2.78841	2.3959	5.807729999999999	3.2628999999999997	5.70315	10.28227	5.17667	3.19821	6.7053899999999995	4.58152	0.0	0.0	0.0	0.0
Node 113		4.6225700000000005	5.47676	7.70992	2.07746	4.9054899999999995	4.4820400000000005	3.28416	8.02655	3.7935000000000003	8.77941	0.91472	4.54179	3.16769	3.23644	5.16595	5.11482	5.5202	6.859850000000001	1.51708	2.30614	0.0	0.0	0.0
Node 82		5.271739999999999	5.04938	5.83282	6.48072	4.29144	2.29702	4.51139	2.56098	1.52565	9.68881	4.2730999999999995	2.72664	6.67562	8.92885	6.6613500000000005	5.764819999999999	6.8701799999999995	1.09209	2.71693	0.7885700000000001	0.0	0.0	0.0
Node 156		4.0228600000000005	3.9830699999999997	3.17678	6.71524	6.02034	1.8357999999999999	5.99113	4.14049	5.46075	9.038699999999999	2.29744	2.1146000000000003	2.7283999999999997	1.57831	6.95645	5.62598	5.20357	0.58487	5.382499999999999	1.51757	0.0	0.0	0.0
Node 92		1.6376499999999998	0.5405	5.11287	9.209670000000001	5.28202	3.2031400000000003	7.8867	7.3552800000000005	2.23034	2.51143	5.71981	3.64441	2.7973000000000003	5.61519	5.68652	3.5232	2.40569	2.5260700000000003	3.31503	2.2520100000000003	0.0	0.0	0.0
Node 187		3.7304999999999997	2.2599	5.44226	6.936570000000001	8.7334	5.80577	5.94002	5.88662	2.47667	7.81324	2.4981400000000002	1.1125	2.26947	5.51468	4.42437	5.52259	5.25224	2.0602	3.4506	0.58672	0.0	0.0	0.0
Node 65		1.5862	6.09359	8.694939999999999	4.478619999999999	4.5791900000000005	6.02773	4.11539	5.43056	4.05023	9.04999	2.93829	2.4256699999999998	4.919359999999999	1.91034	7.22536	4.0368	0.76916	6.526809999999999	1.29705	0.53308	0.0	0.0	0.0
Node 111		4.03951	4.44078	5.93435	6.01293	5.10699	5.750170000000001	1.37506	1.5117800000000001	0.0	9.04594	3.3398700000000003	2.50586	1.54508	6.39333	3.2488200000000003	2.99688	3.24626	4.78501	3.12435	2.30565	0.0	0.0	0.0
Node 140		5.57294	4.27113	2.56853	5.00516	4.7871999999999995	5.52219	9.21435	5.87646	1.176	11.10911	5.58917	3.47267	4.3075	5.34409	5.195869999999999	3.66263	3.5890999999999997	3.83757	3.08926	0.9308500000000001	0.0	0.0	0.0
Node 146		5.68667	2.7025799999999998	3.88305	5.83201	5.41668	6.26121	2.0769599999999997	7.49489	5.2447	9.520950000000001	4.944649999999999	1.4876800000000001	6.83134	5.036560000000001	10.8136	4.32944	4.9859599999999995	3.19349	3.21156	1.32165	0.0	0.0	0.0
Node 80		5.35081	4.24862	3.1559700000000004	5.28733	7.75879	4.27923	5.48431	6.54724	2.44714	10.96794	1.6979600000000001	0.64885	5.96531	3.3710299999999997	7.51203	4.02576	4.57263	3.01698	1.9874699999999998	1.51757	0.0	0.0	0.0
Node 130		2.4849300000000003	4.13403	5.9110700000000005	6.36125	5.93674	5.42201	2.27201	1.7046	5.79261	6.15729	0.0	3.10798	2.20866	3.36669	7.89434	2.7039400000000002	3.9776899999999995	2.89738	3.42819	1.71942	0.0	0.0	0.0
Node 153		6.09935	1.6494000000000002	3.2365699999999995	8.29321	5.12223	1.87965	5.85639	5.09024	2.9436899999999997	5.4676599999999995	1.7410700000000001	2.35784	1.6198899999999998	6.46798	4.51553	4.93291	2.22261	6.00271	5.29244	1.32165	0.0	0.0	0.0
Node 87		3.86043	3.33917	4.875970000000001	5.01001	5.48391	2.2275199999999997	3.5248099999999996	7.91004	5.62507	5.48673	3.9858200000000004	2.3974200000000003	2.4353599999999997	1.5662800000000001	8.43212	3.88369	6.9658999999999995	4.11313	2.59903	0.7885700000000001	0.0	0.0	0.0
Node 199		2.19659	6.09312	7.69647	5.99832	3.97006	5.47353	4.8389500000000005	3.3248100000000003	6.194990000000001	10.427859999999999	3.8153	3.15584	6.61843	2.51585	8.63832	7.69222	5.85247	5.72133	2.54517	0.9308500000000001	0.0	0.0	0.0
Node 60		2.90759	5.54821	6.672490000000001	5.42591	5.283	4.89996	8.32076	7.140580000000001	5.738630000000001	4.53595	3.2359400000000003	2.99833	6.4550399999999994	4.83118	5.92284	3.63712	1.5009299999999999	5.91253	4.32948	1.71893	0.0	0.0	0.0
Node 13		4.25559	2.79299	4.27395	4.30766	3.3224400000000003	3.6595299999999997	5.33429	5.96372	3.14523	5.65614	2.69622	3.9800799999999996	6.214	4.93337	6.798369999999999	5.21901	6.830120000000001	3.7366	3.14146	1.51757	0.0	0.0	0.0
Node 1		3.01717	4.95854	9.78142	4.4141699999999995	5.09767	2.9767200000000003	3.5517800000000004	3.72997	2.0944399999999996	3.3439900000000002	3.9542	4.44514	5.40061	2.86942	6.44947	3.27606	0.0	5.79812	1.55757	0.58672	0.0	0.0	0.0
Node 16		4.84681	5.35087	6.72372	2.23	2.89663	5.81388	4.59771	2.0175	4.874280000000001	2.81643	2.85425	7.64816	7.00298	2.50143	8.585329999999999	6.36197	7.1976700000000005	2.68223	3.7607500000000003	0.53308	0.0	0.0	0.0
Node 180		4.930969999999999	1.6376499999999998	4.46458	0.84863	2.79812	6.34027	3.85697	4.3892500000000005	2.21152	7.55592	2.56857	4.08364	1.9401700000000002	6.690799999999999	6.46284	2.9909499999999998	8.17165	4.812749999999999	4.84168	0.9308500000000001	0.0	0.0	0.0
Node 70		3.8819100000000004	4.078790000000001	2.72958	5.163609999999999	7.379969999999999	4.8523700000000005	4.26358	6.857729999999999	3.6645999999999996	9.51804	0.9948999999999999	4.21299	5.15501	8.67595	4.59655	5.2353700000000005	5.868609999999999	1.54171	5.07611	0.9308500000000001	0.0	0.0	0.0
Node 85		7.680689999999999	3.18477	6.045579999999999	8.22987	5.50082	3.16948	2.45936	7.001549999999999	4.69158	3.2613299999999996	4.32854	3.45194	4.90095	6.56635	8.49195	7.5310500000000005	4.48317	2.1378500000000003	4.32676	0.0	0.0	0.0	0.0
Node 112		5.169379999999999	6.68667	3.36267	4.7019400000000005	3.14481	4.66196	1.98771	4.79927	5.4082	6.6672400000000005	3.79647	3.34872	2.44433	7.702789999999999	1.64051	5.597379999999999	2.9112099999999996	0.6872600000000001	3.8242900000000004	0.0	0.0	0.0	0.0
Node 107		7.16253	1.40235	4.68661	1.62947	6.1265	4.19939	3.42695	3.45944	4.549659999999999	6.580850000000001	3.21552	1.80564	4.9802100000000005	4.40217	10.87582	3.28109	5.472989999999999	1.49259	5.077319999999999	1.3752900000000001	0.0	0.0	0.0
Node 197		4.23532	5.01596	1.5675100000000002	7.25457	6.09434	5.05192	6.77576	5.86078	2.7309099999999997	9.04312	2.99361	1.9170800000000001	5.34556	5.51294	9.17987	3.5568500000000003	3.25059	7.69851	3.55044	0.7885700000000001	0.0	0.0	0.0
Node 100		3.5638900000000002	1.13779	5.5317	7.91508	4.31592	7.8076099999999995	5.2094000000000005	5.06893	2.02609	7.99861	2.73635	4.97981	6.11614	6.13417	3.8838600000000003	2.94456	2.42909	0.58572	2.13515	0.9303600000000001	0.0	0.0	0.0
Node 11		4.7184	6.81428	5.50804	7.61444	7.725949999999999	4.89689	5.19614	3.59534	4.352650000000001	6.302919999999999	2.47031	3.36015	6.0469	2.86687	6.82602	6.9296999999999995	4.97094	1.77468	3.4667999999999997	0.0	0.0	0.0	0.0
Node 178		6.69992	2.36184	3.0061299999999997	3.8108299999999997	8.97368	4.7737099999999995	5.79951	3.5340499999999997	5.46848	7.98454	0.72	2.40026	3.67578	4.40979	7.85909	5.17504	2.16421	3.7890699999999997	1.40134	0.7885700000000001	0.0	0.0	0.0
Node 142		3.81564	2.66311	3.17842	7.85677	5.38892	3.8151900000000003	3.7860199999999997	6.54145	5.15557	3.3745200000000004	3.37582	4.06145	7.24325	3.13082	7.706910000000001	3.17229	3.52052	4.48422	3.91978	0.9308500000000001	0.0	0.0	0.0
Node 97		2.25255	2.00077	2.49024	5.9092	5.42146	2.42724	5.7137	5.97817	2.55451	5.438400000000001	2.4983999999999997	3.34527	5.46074	4.4117299999999995	8.23056	4.56624	7.2798	2.62927	6.33517	1.71942	0.0	0.0	0.0
Node 120		6.53975	6.18023	6.10975	4.74043	12.16277	8.01109	2.09621	5.62767	6.08171	10.14132	3.3908	0.9219099999999999	7.69663	1.9915200000000002	6.867900000000001	4.28903	6.10161	2.61718	5.5235	0.0	0.0	0.0	0.0
Node 109		8.39377	4.39459	0.62761	5.6633700000000005	3.35658	4.20208	4.48642	5.37861	7.8660499999999995	5.94383	2.16432	3.7963299999999998	4.24603	3.63645	4.16949	3.28996	9.58443	3.54393	3.9348599999999996	0.0	0.0	0.0	0.0
Node 192		7.01082	2.75657	3.21197	4.056909999999999	5.20732	3.68194	6.545520000000001	6.722980000000001	4.00711	6.93898	3.8735199999999996	1.66467	4.5556600000000005	5.1525300000000005	1.9963499999999998	8.240490000000001	2.17225	2.93316	4.22135	1.71942	0.0	0.0	0.0
Node 55		6.4015699999999995	3.68821	4.6999699999999995	9.63324	5.53475	6.15762	9.32762	3.67668	5.3313	7.86019	2.6399700000000004	2.36454	3.5348200000000003	2.60392	6.942379999999999	4.81112	4.94215	5.608429999999999	2.5859900000000002	0.58672	0.0	0.0	0.0
Node 126		6.869730000000001	3.60775	3.4985299999999997	4.06625	2.47848	6.4375	4.2540000000000004	7.056519999999999	2.19999	8.11227	3.66732	1.22927	2.9005300000000003	4.00817	5.10239	9.69718	3.7382400000000002	3.4236500000000003	2.73877	1.46393	0.0	0.0	0.0
Node 91		7.62365	6.15477	3.08122	6.310200000000001	5.68707	5.20684	1.9982300000000002	9.17328	3.0032799999999997	5.61041	2.07764	5.0833	2.76086	2.1615800000000003	4.7501500000000005	9.55888	7.329470000000001	3.1967299999999996	5.01754	0.9303600000000001	0.0	0.0	0.0
Node 158		4.71267	5.20431	4.5137599999999996	4.79596	6.3449599999999995	7.83092	3.1651400000000005	3.6057400000000004	7.2746900000000005	3.77066	2.2819599999999998	2.5452	4.29729	4.18124	5.1017	5.4329	3.90201	4.06424	3.5863	1.71893	0.0	0.0	0.0
Node 29		4.6833800000000005	1.24984	3.2247600000000003	5.11132	4.745690000000001	0.6987	6.39889	5.49756	3.2613499999999997	8.81637	2.0875	2.62204	7.07348	1.22718	7.871849999999999	5.57244	5.7739	5.036700000000001	4.93709	0.9303600000000001	0.0	0.0	0.0
Node 167		6.03467	5.205760000000001	7.772519999999999	7.52447	3.9517700000000002	2.8937399999999998	1.78879	5.7314	5.2549600000000005	7.19674	3.0057899999999997	3.53858	5.42686	3.81929	5.20377	3.0655200000000002	6.826899999999999	4.72402	3.40178	1.51708	0.0	0.0	0.0
Node 143		7.08969	4.06735	2.5284999999999997	4.51649	7.349500000000001	4.29538	5.01584	6.28248	7.32471	3.65881	3.20864	2.09943	5.5634500000000005	4.67052	6.328799999999999	5.40905	3.60102	3.01028	1.3843299999999998	0.7885700000000001	0.0	0.0	0.0
Node 30		5.190390000000001	3.93221	3.17678	4.15981	6.5497700000000005	2.91757	4.9937700000000005	8.29031	4.53356	8.16872	6.624860000000001	2.26059	5.106920000000001	4.4171000000000005	9.93092	4.1458200000000005	4.72775	2.7543	4.79926	0.7885700000000001	0.0	0.0	0.0
Node 152		6.884319999999999	4.8111	8.21974	5.32524	6.64932	2.95441	1.56606	9.090570000000001	2.11637	8.1443	2.09257	2.03441	3.8231800000000002	2.06094	3.1427499999999995	4.16493	3.38915	3.07274	3.2312399999999997	2.39429	0.0	0.0	0.0
Node 62		5.9563	6.05396	4.20336	1.2842799999999999	3.77091	6.666049999999999	5.0342199999999995	6.04563	4.36807	5.88662	3.48971	1.4426299999999999	3.54172	6.10861	11.51718	1.26304	4.866709999999999	5.73212	3.6118200000000003	0.58672	0.0	0.0	0.0
Node 78		5.571000000000001	6.445919999999999	4.9229	2.22703	4.6954	7.31701	3.0269500000000003	5.36516	3.4004	5.681909999999999	4.78419	2.61527	3.2313799999999997	0.69604	0.77135	4.3015	3.47403	3.6832900000000004	3.84335	0.53308	0.0	0.0	0.0
Node 69		2.4481900000000003	0.7501599999999999	6.54677	5.0849	7.59895	3.38602	3.5340000000000003	5.89545	4.7784	8.20863	2.0920199999999998	1.96202	4.39666	3.9514899999999997	5.4121500000000005	5.59811	5.55743	5.20739	2.1639399999999998	2.30565	0.0	0.0	0.0
Node 159		2.00604	6.87558	5.06163	1.94027	3.2049800000000004	0.9867000000000001	1.99416	4.40102	7.991289999999999	4.14756	2.32985	2.1985	3.02707	2.7133399999999996	6.523669999999999	3.23369	6.37252	3.89138	3.73543	2.39429	0.0	0.0	0.0
Node 186		4.62666	6.339300000000001	4.7973099999999995	3.6771199999999995	0.8626999999999999	3.0610999999999997	3.5120699999999996	0.92981	2.53693	5.49053	5.46813	1.80564	4.223269999999999	7.69377	6.65166	4.424390000000001	4.12574	4.499709999999999	3.85747	0.0	0.0	0.0	0.0
Node 137		6.40144	2.77768	4.0880600000000005	4.51518	4.7337299999999995	1.75078	5.74908	8.45294	4.0660799999999995	10.74316	2.5828	2.19386	3.26274	4.919989999999999	3.9119800000000002	4.4963299999999995	0.7311599999999999	4.50356	0.62721	0.0	0.0	0.0	0.0
Node 67		1.25551	3.34667	3.5024800000000003	7.81705	3.9834	2.3669599999999997	3.7706700000000004	6.12979	2.64315	6.48522	0.99781	3.79781	4.74217	8.06587	7.24353	4.99372	5.148359999999999	3.59644	2.6651000000000002	1.46393	0.0	0.0	0.0
Node 47		1.30881	4.13532	1.30179	4.151330000000001	3.9932700000000003	6.50989	4.88264	1.48443	3.1698299999999997	5.95036	2.50176	0.0	4.84124	3.38151	6.641859999999999	5.53712	2.6726	5.8424700000000005	3.9741600000000004	0.9303600000000001	0.0	0.0	0.0
Node 53		1.36718	3.36172	4.17385	0.9776999999999999	5.9800699999999996	7.2394	0.63625	4.0626500000000005	1.6076799999999998	6.8736500000000005	1.28495	5.88781	2.9581	2.76505	10.67797	2.11277	4.90437	6.12383	3.27929	0.0	0.0	0.0	0.0
Node 150		4.987690000000001	3.33395	4.0223	5.39901	6.515070000000001	4.80808	4.7118	5.10506	4.2832099999999995	5.17916	3.76623	2.3944199999999998	4.44031	7.16133	5.7283800000000005	2.57878	0.73449	5.14323	1.47923	0.9308500000000001	0.0	0.0	0.0
Node 193		5.28165	3.08059	6.22654	4.65841	2.72735	3.02155	4.748349999999999	3.9356099999999996	5.75795	5.64525	3.3635900000000003	3.15116	2.77094	7.68076	2.3626899999999997	5.11026	3.5009699999999997	5.84699	3.01849	2.2525	0.0	0.0	0.0
Node 194		6.27458	6.433800000000001	3.09571	3.9438899999999997	5.52643	3.2740400000000003	7.21266	5.93259	4.91617	2.74958	4.62788	0.9219099999999999	2.32861	7.47621	6.72022	0.74864	7.793120000000001	0.0	3.51633	0.53308	0.0	0.0	0.0
Node 169		6.43297	2.10562	4.08447	6.848039999999999	4.76689	3.40769	2.42278	3.45944	2.67174	6.38895	4.20519	3.90008	6.02732	6.34908	8.69099	5.10031	4.835500000000001	3.3010699999999997	4.76707	1.51708	0.0	0.0	0.0
Node 117		6.325880000000001	7.15489	4.64043	5.4728699999999995	4.58352	3.51683	6.259810000000001	5.32602	4.617249999999999	6.0048200000000005	5.029129999999999	6.13786	5.13525	3.90348	0.8591899999999999	1.42676	3.50808	2.82416	1.83746	0.9308500000000001	0.0	0.0	0.0
Node 39		9.01711	4.49029	3.7778	6.19541	2.82677	0.9867000000000001	6.05176	6.61791	3.9386900000000002	6.848999999999999	2.62323	1.82865	5.55042	4.258710000000001	3.7574000000000005	5.098409999999999	7.89721	3.02196	4.7670900000000005	0.7885700000000001	0.0	0.0	0.0
Node 128		4.20505	7.566140000000001	2.29191	5.1906099999999995	5.69506	0.61599	2.15557	5.67171	4.03388	6.24057	6.074870000000001	1.33154	1.38797	9.14102	4.916	2.38199	7.8089900000000005	4.131959999999999	6.341570000000001	0.9303600000000001	0.0	0.0	0.0
Node 181		3.99225	2.2427200000000003	4.20629	5.68407	5.65642	6.81414	2.6813	7.294829999999999	2.7582	4.06235	5.45446	3.848	5.04061	4.024570000000001	7.4128799999999995	2.47566	7.707890000000001	4.733	3.3467200000000004	1.71893	0.0	0.0	0.0
Node 19		4.04637	2.99533	2.65231	5.68171	5.68669	4.8187500000000005	2.77065	5.6258799999999995	6.24807	8.44394	3.2816400000000003	5.83392	4.63065	2.06844	4.64285	0.68433	6.767779999999999	6.831919999999999	6.35059	0.9308500000000001	0.0	0.0	0.0
Node 134		6.68356	1.73969	3.5331300000000003	4.88766	7.227359999999999	4.79971	5.94937	9.80245	2.88361	2.6737699999999998	6.17859	3.848	4.816	4.95334	7.977779999999999	4.1223	3.60639	2.35636	4.4462399999999995	0.7885700000000001	0.0	0.0	0.0
Node 89		4.44628	3.0497	6.34179	2.65088	3.4511800000000004	5.34895	4.31005	7.28519	3.4499799999999996	9.740310000000001	5.744960000000001	0.57661	2.74967	4.314620000000001	3.5071900000000005	6.04166	2.2210799999999997	2.6003700000000003	4.8423300000000005	0.9308500000000001	0.0	0.0	0.0
Node 57		5.18675	6.43551	4.21387	2.76928	8.38387	2.3924600000000003	2.60756	4.10372	1.04046	3.77081	3.74528	4.524369999999999	4.177779999999999	5.28936	2.5339199999999997	3.2905200000000003	9.85308	5.29791	5.49229	1.71893	0.0	0.0	0.0
Node 174		4.66503	0.73543	4.54018	7.03024	3.5404699999999996	1.65154	3.90015	4.8102	6.09771	8.35158	2.42866	3.15238	3.3301	4.476249999999999	7.2383500000000005	7.14231	6.1417399999999995	0.68174	3.86544	1.32165	0.0	0.0	0.0
Node 59		7.89595	6.417960000000001	4.6936100000000005	3.5597	2.62906	5.544849999999999	3.8923300000000003	6.83598	4.66979	9.02167	1.39502	5.44701	7.603890000000001	3.3260699999999996	7.6371400000000005	3.6872000000000003	6.145309999999999	4.1024400000000005	0.7976099999999999	0.9308500000000001	0.0	0.0	0.0
Node 32		6.904739999999999	3.95342	5.11493	5.39995	5.65376	5.28927	4.34043	5.33411	2.10435	7.99048	1.50324	2.21687	3.30365	3.48909	3.6192599999999997	7.883220000000001	5.98572	4.29057	3.3726	0.7885700000000001	0.0	0.0	0.0
Node 0		2.32149	7.277839999999999	2.63924	5.06996	3.35658	5.77074	4.62248	3.96001	3.9249	7.2548699999999995	2.5208999999999997	4.18813	4.4012	5.81811	8.27511	4.17183	6.93637	4.9051	4.5607500000000005	1.71942	0.0	0.0	0.0
Node 66		5.06917	7.5925	3.08528	6.49564	5.522139999999999	9.06008	3.25781	2.40384	2.88794	5.6911700000000005	2.4981400000000002	3.37309	5.88104	8.219940000000001	3.35533	5.279310000000001	4.40542	3.86673	2.67556	2.2525	0.0	0.0	0.0
Node 131		3.85845	8.58312	1.37199	6.2171400000000006	6.468780000000001	3.8216300000000003	6.75355	7.55919	7.46993	4.78755	2.5122999999999998	0.64885	1.3617000000000001	6.18149	8.17491	1.55085	7.7213199999999995	2.5902499999999997	2.73873	1.46393	0.0	0.0	0.0
Node 116		5.506069999999999	3.1419999999999995	3.1984899999999996	4.89021	4.78764	5.60774	4.48562	8.45294	0.50166	4.74993	0.99781	2.34153	1.9064999999999999	0.6712199999999999	6.12561	1.3551799999999998	6.371630000000001	3.98748	4.06487	2.44793	0.0	0.0	0.0
Node 198		3.81617	6.582730000000001	8.24263	5.70219	7.63046	5.16655	4.8822600000000005	0.92981	2.3580799999999997	3.87681	0.0	4.314500000000001	5.77595	3.97128	6.87551	6.16591	3.55664	5.15006	3.2210799999999997	0.9308500000000001	0.0	0.0	0.0
Node 195		5.97659	6.316339999999999	6.866840000000001	4.91445	5.38214	6.47113	3.5155100000000004	8.017240000000001	3.3516200000000005	4.65365	6.24529	4.270630000000001	7.721119999999999	6.336790000000001	4.8800099999999995	4.39812	6.85381	3.00389	4.99787	1.86121	0.0	0.0	0.0
Node 138		3.6192	7.9090300000000004	7.38573	3.0703899999999997	3.64142	6.63581	4.282500000000001	4.640890000000001	0.5907199999999999	3.2883799999999996	5.53114	1.4578	3.6229299999999998	3.36582	7.199590000000001	5.04721	7.22197	4.45824	2.00969	0.0	0.0	0.0	0.0
Node 166		5.39324	4.86463	0.62761	6.767040000000001	5.80621	8.21448	3.8623600000000002	6.02238	3.4956	6.05888	2.1933000000000002	1.31317	4.6857500000000005	7.42325	3.54319	5.36424	3.23358	3.74578	5.70703	0.9308500000000001	0.0	0.0	0.0
Node 123		2.3039	3.72298	5.265750000000001	4.73362	5.112019999999999	6.9559999999999995	4.68734	6.80995	4.040649999999999	3.77635	4.91449	4.76645	0.59592	5.23178	4.6987000000000005	0.73599	5.11163	1.47448	1.4880300000000002	0.9308500000000001	0.0	0.0	0.0
Node 149		5.4459100000000005	5.67529	5.44184	5.8644	3.60182	5.59243	4.65203	5.43483	4.541110000000001	7.30164	4.98851	6.13828	1.21578	1.28714	6.95265	6.03036	3.78279	4.44859	3.67657	0.9303600000000001	0.0	0.0	0.0
Node 161		4.6414	6.05923	2.21114	4.21378	3.95519	5.2851099999999995	8.355120000000001	4.79242	1.43537	5.22856	2.705	1.6311300000000002	2.24112	4.84453	6.86898	2.61346	3.1543099999999997	5.2961	5.32974	1.32165	0.0	0.0	0.0
Node 176		7.13941	2.95033	6.78231	5.95452	4.474530000000001	4.72852	5.873889999999999	7.04399	3.58787	10.69752	5.70226	4.47384	8.62801	5.39718	8.40364	2.0880099999999997	4.5107800000000005	5.3216	4.40282	0.7885700000000001	0.0	0.0	0.0
Node 34		3.6894000000000005	5.55745	1.49731	5.60825	3.93824	5.95751	6.33877	5.04743	5.02105	0.5388000000000001	3.95137	2.17549	2.01025	5.56478	4.58704	6.40927	5.0926800000000005	7.32141	5.318	0.9308500000000001	0.0	0.0	0.0
Node 50		7.975440000000001	5.43325	6.15475	3.48375	8.399479999999999	6.80291	3.1676500000000005	2.63195	2.1947	1.99805	5.94764	2.57141	4.05832	4.08203	5.55793	2.82247	0.73449	4.11898	2.01471	0.9308500000000001	0.0	0.0	0.0
Node 76		2.86249	2.5343	6.3392	3.11623	4.89581	3.7794099999999995	3.65057	7.430829999999999	5.98354	8.6678	3.96793	3.46338	4.22239	1.97371	1.29009	3.37789	4.87355	4.0657499999999995	2.6366199999999997	1.32165	0.0	0.0	0.0
Node 101		0.6201	3.3533	8.41756	3.30233	7.187250000000001	6.13907	3.7469	2.5226100000000002	4.87726	1.46917	4.57604	1.48335	5.025460000000001	2.6222100000000004	7.91964	4.50792	5.55397	1.99981	2.8455600000000003	1.46393	0.0	0.0	0.0
Node 185		5.42958	1.48559	2.38747	0.76458	6.24555	5.78599	4.61202	1.56366	2.63093	6.776350000000001	5.32795	1.4578	5.34081	3.2851900000000005	10.03974	3.82885	4.49887	5.246569999999999	5.27064	0.0	0.0	0.0	0.0
Node 38		6.0314	5.50114	5.18619	7.1664	6.08659	5.66148	3.64947	2.2684699999999998	6.598039999999999	3.37193	1.57554	3.24763	1.87429	4.57449	8.095289999999999	3.17958	3.1849700000000003	3.83005	1.42482	1.71942	0.0	0.0	0.0
Node 124		7.390199999999999	5.05168	3.5495400000000004	6.44558	3.92641	2.9266	7.2235	6.85568	3.43883	4.3864	1.9338000000000002	4.5092	4.21396	6.07893	2.15458	2.63999	7.06647	4.41692	2.78357	1.71942	0.0	0.0	0.0
Node 2		4.64452	5.95526	2.63744	5.41096	5.0765400000000005	3.4500500000000005	4.2495199999999995	3.80523	3.7097100000000003	6.54513	2.44071	4.94931	2.94162	5.15423	7.109020000000001	2.54832	2.77545	5.62732	3.02006	2.64978	0.0	0.0	0.0
Node 20		2.89513	5.42419	5.18295	2.6786	4.80731	3.56068	2.31554	6.30704	2.20228	6.4351400000000005	6.3446	4.87758	5.28996	2.8869	6.07957	6.4887	2.54783	5.98164	1.3843299999999998	1.46393	0.0	0.0	0.0
Node 141		6.21281	1.2906600000000001	5.68174	7.44044	5.74446	2.1172	4.7070099999999995	4.51572	2.4806600000000003	7.30316	0.9948999999999999	1.9498499999999999	5.48604	4.01148	2.10599	5.64614	4.25829	3.1364900000000002	5.72364	1.46393	0.0	0.0	0.0
Node 15		1.41379	7.576090000000001	3.33245	7.131609999999999	4.43283	4.4302399999999995	6.685960000000001	5.39115	4.55597	5.35013	8.26905	3.68185	3.01905	2.62267	5.9107899999999995	4.00073	3.1376099999999996	7.27763	2.85439	2.30565	0.0	0.0	0.0
Node 75		4.08833	1.46591	3.6194200000000003	4.0044	7.215439999999999	5.577030000000001	5.21358	3.55543	1.8449799999999998	3.18683	5.9548499999999995	4.03859	6.02191	1.26193	6.90164	5.52353	1.65328	3.01492	4.2986	0.0	0.0	0.0	0.0
Node 132		3.1460000000000004	6.97995	3.98656	2.46548	5.285	7.15142	2.84943	4.306229999999999	7.506200000000001	9.22818	3.0179899999999997	3.8853	5.38294	2.64837	4.41569	3.80896	2.3108400000000002	1.8137699999999999	2.04831	1.46393	0.0	0.0	0.0
Node 25		4.64452	2.78567	5.10161	4.67404	5.80402	3.2449199999999996	6.37321	4.96901	7.01942	5.8771700000000004	3.0423	2.91825	6.873329999999999	6.08826	1.9028699999999998	4.26268	3.8822	5.90903	3.82753	1.71942	0.0	0.0	0.0
Node 10		9.06016	5.5747	3.57757	6.17269	5.45408	4.58299	5.20858	9.09385	1.76136	8.87154	3.86392	1.9091299999999998	7.01202	7.0200700000000005	4.21172	2.95437	5.1736200000000006	3.5574799999999995	2.8212	0.9308500000000001	0.0	0.0	0.0
Node 93		6.07261	6.27349	0.7946099999999999	7.866529999999999	2.37149	0.67551	5.20772	3.49092	6.41634	7.35235	5.92967	1.9498499999999999	3.4315900000000004	2.593	3.75315	3.61579	8.404689999999999	3.9510000000000005	3.8909	2.83873	0.0	0.0	0.0
Node 52		5.0008099999999995	6.12015	6.46868	4.42666	4.57963	2.5300599999999998	5.80322	5.27988	3.25506	4.03486	1.65385	3.60631	3.4422800000000002	5.104220000000001	10.44489	3.67627	2.1547899999999998	4.737290000000001	5.092	0.9303600000000001	0.0	0.0	0.0
Node 172		3.59324	3.92753	6.81109	4.65885	4.3289	0.0	0.76408	1.3475000000000001	5.32679	6.96408	0.0	2.45297	3.4001	6.66201	5.307930000000001	4.02344	7.033720000000001	4.4879500000000005	3.2265299999999995	1.46393	0.0	0.0	0.0
Node 40		4.25223	0.5405	3.22198	4.66429	4.39858	7.294929999999999	6.702579999999999	3.19828	4.26012	3.07156	4.56646	3.6471799999999996	6.04441	6.418609999999999	4.64553	6.31756	3.28151	0.96726	2.21835	0.9303600000000001	0.0	0.0	0.0
Node 125		5.10478	6.616890000000001	4.2821299999999995	5.5125	6.1487300000000005	5.5111	5.6008700000000005	4.229970000000001	4.474489999999999	6.086749999999999	4.83442	4.09748	3.7997799999999997	7.188129999999999	6.3822	4.66282	4.93286	1.8859000000000001	4.3576	0.7885700000000001	0.0	0.0	0.0
Node 9		8.09665	4.43103	7.9676800000000005	5.39665	6.58973	1.36354	5.38143	4.43562	2.57051	9.01892	6.48078	4.69839	2.1387199999999997	7.25083	9.43964	4.67392	5.44018	3.39302	4.15277	0.9308500000000001	0.0	0.0	0.0
Node 106		10.22233	1.73969	7.146230000000001	4.637560000000001	3.22762	0.75366	4.48158	4.8801	2.57051	8.400440000000001	6.347709999999999	2.4773799999999997	2.4916899999999997	6.17466	4.33284	2.57883	5.5722000000000005	3.70061	3.79579	1.86121	0.0	0.0	0.0
Node 155		8.30045	4.73904	3.7892200000000003	4.75634	6.1265	4.902340000000001	5.0536200000000004	8.216619999999999	3.9508599999999996	8.649469999999999	2.17761	4.63101	3.56117	5.7291799999999995	8.258930000000001	4.21575	3.89561	3.34015	4.13986	0.7885700000000001	0.0	0.0	0.0
Node 5		5.056229999999999	4.387230000000001	2.96333	7.14486	7.285419999999999	4.8852	6.3972	6.95288	2.62452	5.87149	4.37515	3.59425	6.558120000000001	7.37782	5.50192	3.5960699999999997	5.74239	5.16133	4.85086	0.0	0.0	0.0	0.0
Node 33		6.64972	5.80368	4.69686	4.58708	6.95688	1.8357999999999999	6.028449999999999	3.64285	4.91248	4.52424	4.3146700000000004	1.3832499999999999	4.792479999999999	5.18551	8.847760000000001	1.81237	9.95848	2.74201	3.1876599999999997	0.9308500000000001	0.0	0.0	0.0
Node 165		6.03233	4.6049	6.72822	3.14812	7.09645	0.9273699999999999	3.5371	5.112089999999999	2.55451	6.62983	5.5795900000000005	3.0567699999999998	7.213450000000001	5.60297	5.59328	3.88678	4.32909	5.01679	4.43318	1.71893	0.0	0.0	0.0
Node 44		4.30756	4.5782799999999995	4.61168	3.91902	6.74381	4.28091	4.953189999999999	7.37829	2.0944399999999996	9.131269999999999	1.50324	2.75994	7.55059	6.73996	1.30316	3.49922	5.6978800000000005	4.95861	2.61321	1.71942	0.0	0.0	0.0
Node 103		2.81127	4.19247	5.160909999999999	4.62563	4.14595	2.55008	3.04888	7.76372	4.2688299999999995	8.45597	4.15777	3.4156	8.85146	5.15568	6.12555	2.24877	1.78765	3.13089	4.6639800000000005	0.0	0.0	0.0	0.0
Node 37		6.96772	4.1096	5.63213	7.30104	5.71857	5.46752	5.33751	4.508220000000001	3.8319400000000003	4.137239999999999	3.73754	0.90674	4.54936	1.0382	6.20313	4.0717799999999995	7.33702	1.20112	3.13451	0.9308500000000001	0.0	0.0	0.0
Node 36		3.43865	7.62797	6.17293	3.65395	7.715560000000001	2.48427	5.20017	9.36088	1.39451	6.65895	3.1429699999999996	1.9498499999999999	6.522550000000001	6.992710000000001	3.18957	6.165430000000001	6.70288	4.352799999999999	4.76913	0.0	0.0	0.0	0.0
Node 45		4.12753	4.517510000000001	6.72041	3.74933	6.30469	3.2363799999999996	7.16915	2.39381	6.1721900000000005	9.3318	2.6569700000000003	3.4386300000000003	3.2326300000000003	8.55798	6.89283	2.4794	4.59418	2.5122999999999998	4.317130000000001	0.0	0.0	0.0	0.0
Node 127		4.67191	0.59729	3.71627	3.23572	6.855029999999999	3.99332	2.47083	6.384239999999999	2.8797699999999997	9.107800000000001	1.9168100000000001	0.53589	8.01784	4.23224	7.3219199999999995	2.8838	5.63673	4.42833	5.82413	0.7885700000000001	0.0	0.0	0.0
Node 148		2.83895	2.3416	5.96427	7.14129	2.02208	4.08177	2.56557	3.1686	2.17365	8.18045	3.53071	2.92609	2.21581	4.61897	9.90792	4.59335	6.44694	2.49041	1.21393	1.46393	0.0	0.0	0.0
Node 188		4.5992999999999995	3.9017700000000004	5.18107	4.25901	2.37741	3.86897	6.24294	5.48566	4.0316600000000005	4.48615	4.35424	3.4375299999999998	5.46686	2.52237	4.2651	6.102110000000001	6.26135	3.5448500000000003	3.4087300000000003	0.9303600000000001	0.0	0.0	0.0
Node 136		4.14037	0.9022199999999999	6.1678999999999995	5.05997	4.10679	5.6172	5.17573	1.6665599999999998	5.40688	7.1191	2.93248	5.81838	6.05666	1.68285	6.48192	4.80211	5.80162	5.71242	4.13417	2.64978	0.0	0.0	0.0
Node 3		5.58767	1.87825	3.44674	6.7684999999999995	7.65358	7.4417	5.85289	3.54011	5.24845	5.88263	3.7723199999999997	5.9390600000000004	4.93848	7.695340000000001	7.639310000000001	3.14204	2.58654	3.9775400000000003	0.5744499999999999	2.39429	0.0	0.0	0.0
Node 64		6.07972	4.77154	4.02412	5.97604	8.70742	4.58571	5.611689999999999	2.91276	3.5589500000000003	4.47996	6.3161499999999995	2.58847	4.59649	3.27698	3.28529	4.82723	4.09924	4.77954	0.9308500000000001	2.2525	0.0	0.0	0.0
Node 190		4.59478	6.25267	0.8167000000000001	6.06996	6.53269	1.62607	6.23346	6.93306	1.53803	8.054459999999999	4.33305	0.90674	4.66074	2.11234	7.640859999999999	4.97781	6.573080000000001	4.5687999999999995	3.48993	0.9308500000000001	0.0	0.0	0.0
Node 171		4.2064200000000005	4.86059	6.84573	7.87003	5.51532	6.05829	2.88272	2.66825	3.2053900000000004	6.46823	5.1365	2.22291	6.704899999999999	6.86622	7.85604	4.71727	5.367170000000001	3.27616	3.34902	1.71942	0.0	0.0	0.0
Node 151		6.548610000000001	3.4362999999999997	6.647830000000001	8.35102	5.96397	7.35223	4.52667	6.23724	3.29796	9.47857	5.144640000000001	3.42396	5.2710300000000005	1.22718	6.08872	4.88647	5.79695	1.20112	2.81364	0.9303600000000001	0.0	0.0	0.0
Node 31		6.25573	0.7728999999999999	2.39892	2.84285	3.9779	1.3403500000000002	4.27788	1.33243	6.3581	5.43018	3.75765	2.7588	5.36875	6.17017	8.94237	8.46538	7.75665	4.29188	2.1216	3.18286	0.0	0.0	0.0
Node 121		2.27052	4.47035	4.2108	4.351109999999999	3.41809	2.56261	5.01771	7.097499999999999	1.93346	4.76048	3.5179	1.8308499999999999	4.50408	5.53565	8.00859	4.19436	2.76002	2.27125	3.44187	0.58672	0.0	0.0	0.0
Node 61		3.71652	2.88884	4.36075	7.504570000000001	5.48218	4.31339	4.69636	7.12987	6.0261700000000005	6.85514	1.7904099999999998	3.8400499999999997	9.052480000000001	1.70942	9.3252	3.3444599999999998	2.48484	6.504980000000001	2.53897	0.7885700000000001	0.0	0.0	0.0
Node 160		3.8734900000000003	4.11465	3.55038	6.363639999999999	5.88263	7.83085	5.26195	6.52483	3.40354	5.58152	6.9893	1.86537	8.140749999999999	5.69034	6.05201	5.29708	9.87548	4.727259999999999	4.03773	3.2365	0.0	0.0	0.0
Node 42		4.10714	1.7026199999999998	3.2595899999999998	4.55473	4.28163	2.30008	3.1535599999999997	6.58649	4.65675	8.5244	3.6353299999999997	4.28656	5.15914	7.41256	4.23649	5.000439999999999	9.31554	3.9598	2.70196	2.30614	0.0	0.0	0.0
Node 90		4.66934	5.26038	5.02288	2.5258800000000003	3.3347599999999997	4.612369999999999	3.01839	4.46863	0.85667	10.33405	4.4624	1.20105	1.21578	2.94216	7.134409999999999	3.0120999999999998	5.10379	4.83709	4.69595	0.9308500000000001	0.0	0.0	0.0
Node 27		7.19718	5.13602	7.4059	6.664549999999999	5.76141	1.7403600000000001	4.07348	4.77109	1.28277	7.41611	4.15357	1.6311300000000002	3.048	0.66653	4.94672	5.32312	7.1512400000000005	6.75063	3.2881899999999997	0.53308	0.0	0.0	0.0
Node 49		6.80268	6.95538	7.53568	3.7066799999999995	5.71887	4.80807	5.56439	6.64981	0.0	7.39373	3.9722399999999998	0.64885	5.186459999999999	4.60696	5.38578	3.50268	6.1424	5.7496100000000006	1.87883	0.9308500000000001	0.0	0.0	0.0
Node 71		0.70934	5.91022	0.83915	3.95762	6.0538300000000005	5.4731700000000005	2.17637	8.33243	4.55174	5.68538	4.1867	1.7012800000000001	5.212689999999999	4.56036	4.10647	7.57395	4.54037	4.02288	3.43026	1.46393	0.0	0.0	0.0
Node 94		4.33858	4.8431	3.51201	7.152890000000001	6.3594100000000005	2.36091	8.3442	6.6982	6.391819999999999	6.24066	6.43542	2.25345	6.8318900000000005	2.48731	6.391570000000001	2.3892900000000004	5.281000000000001	3.98418	0.5744499999999999	1.71942	0.0	0.0	0.0
Node 108		3.06841	5.59231	5.2499400000000005	5.82566	4.27079	3.9738	2.4264	4.81533	1.52443	8.10163	6.17394	0.72439	5.98429	4.81716	6.05696	2.3956999999999997	4.16057	5.15322	6.578970000000001	1.32165	0.0	0.0	0.0
Node 43		5.09735	4.66706	5.79147	4.38985	3.22811	5.62301	3.7431699999999997	5.21217	3.1869500000000004	6.53861	5.0724100000000005	2.7286799999999998	4.83422	8.16634	8.38031	3.28558	5.81802	3.94035	1.99295	2.64978	0.0	0.0	0.0
Node 46		5.95847	6.4336400000000005	5.66849	3.63169	3.37548	3.43868	3.39695	3.9053299999999997	2.81547	8.67053	1.18474	4.56578	3.7997799999999997	2.26316	7.828010000000001	3.64591	6.20143	3.7788500000000003	5.143	0.7885700000000001	0.0	0.0	0.0
Node 17		6.644990000000001	2.96542	6.04849	3.86995	3.7767399999999998	5.10165	4.5347100000000005	9.01436	3.74213	5.77116	2.78126	2.79652	0.72439	8.1646	6.870229999999999	6.72871	7.1177	4.435709999999999	4.28021	1.86121	0.0	0.0	0.0
Node 41		6.9291599999999995	3.58862	8.31074	5.84812	9.790550000000001	4.97212	6.85588	4.84966	5.57616	7.822360000000001	2.4853799999999997	1.6646999999999998	8.272649999999999	3.98142	2.78099	2.9672799999999997	6.08135	4.695819999999999	3.3467200000000004	0.0	0.0	0.0	0.0
Node 168		7.43703	7.802860000000001	4.67934	2.78866	6.5447500000000005	3.93222	3.20399	2.4478199999999997	3.62427	5.61193	3.11926	0.90674	4.53536	4.08323	6.40485	4.596229999999999	3.1447299999999996	5.79804	4.931760000000001	0.0	0.0	0.0	0.0
Node 173		7.93761	3.53637	7.10949	5.12778	5.1542699999999995	3.2031400000000003	6.02218	7.0675	2.63139	9.54023	3.56683	2.71922	1.2765900000000001	5.0961	4.67	4.13839	5.77503	1.07677	4.415150000000001	1.71893	0.0	0.0	0.0
Node 58		2.24378	4.22045	1.66799	7.22105	4.92636	6.91028	5.6881	4.9272	5.919689999999999	7.22752	2.74809	5.024859999999999	2.08609	1.1774099999999998	2.66417	6.20471	2.85247	6.01555	3.41078	1.51708	0.0	0.0	0.0
Node 144		6.1341600000000005	3.05749	6.6011299999999995	4.43811	4.96995	3.8936699999999997	4.39649	5.17052	3.37026	2.1276300000000004	5.94579	1.49852	4.78589	3.73989	4.8954200000000005	5.54568	4.07348	6.68486	4.60358	1.90837	0.0	0.0	0.0
Node 179		7.61037	1.46591	3.54824	4.20322	1.5087899999999999	2.80164	1.51932	4.40411	6.76177	6.35097	4.19153	3.70322	5.43519	5.14805	6.813130000000001	5.98963	3.5686000000000004	2.86851	0.58672	0.0	0.0	0.0	0.0
Node 182		5.46106	4.27588	8.75453	1.51034	5.14433	3.81973	7.60754	3.56968	2.3085999999999998	8.33079	2.20303	5.76203	5.55042	5.3240099999999995	7.87893	4.34241	4.977469999999999	2.61371	4.1526	0.0	0.0	0.0	0.0
Node 14		3.6173900000000003	0.9139700000000001	5.79437	3.08643	8.18143	1.60276	7.68709	5.11937	8.08589	4.45135	1.64375	5.14337	1.66503	4.991070000000001	5.86601	5.5439799999999995	5.63004	3.4982100000000003	4.917669999999999	0.9308500000000001	0.0	0.0	0.0
