Node 56		5.55964	5.76688	4.188540000000001	2.28897	2.83095	0.85912	5.78967	5.0796	6.52373	2.7081399999999998	4.92811	6.601120000000001	5.16118	2.5066	3.2505399999999995	2.4040700000000004	4.5958	3.72086	7.053389999999999	0.0	0.0	0.0	0.0
Node 158		7.9369700000000005	8.04677	2.37269	3.69718	4.668089999999999	5.663060000000001	5.519559999999999	1.94959	5.44004	4.7332600000000005	3.7687	4.1189	3.50814	7.81375	3.89305	1.94743	3.7866700000000004	2.93406	5.9868999999999994	1.46344	0.0	0.0	0.0
Node 173		3.1395600000000004	3.5702	5.96491	5.23511	4.18243	3.07055	0.69743	3.20817	2.80325	5.53433	3.9335	4.49654	8.05696	3.41369	4.69631	5.846019999999999	1.6833999999999998	4.5471200000000005	2.8048	2.83922	0.0	0.0	0.0
Node 177		5.65338	7.51421	3.1504999999999996	5.68301	1.5047899999999998	1.36233	4.84511	5.7091	3.5766199999999997	2.8475	3.3367	1.17204	4.81987	4.22649	3.2668500000000003	3.04919	2.1194	3.3680399999999997	6.90586	1.74085	0.0	0.0	0.0
Node 70		7.85947	3.82262	5.57806	5.23317	7.450519999999999	4.77107	4.04451	6.011550000000001	5.20518	3.8476999999999997	4.71206	4.313560000000001	3.3859800000000004	4.16467	3.78152	2.51404	1.48932	5.46818	2.78516	1.86121	0.0	0.0	0.0
Node 94		5.64484	3.6725800000000004	4.12925	3.21246	6.609360000000001	3.0883399999999996	3.3258900000000002	3.2407900000000005	8.051400000000001	4.59828	4.05562	2.2981700000000003	3.41597	4.25069	5.31318	4.1994	3.0924400000000003	6.51018	5.33823	0.8099999999999999	0.0	0.0	0.0
Node 26		8.55421	3.22949	6.0932	4.59086	6.2375300000000005	4.5400599999999995	4.9216500000000005	5.4743699999999995	6.325749999999999	2.4045199999999998	4.10675	2.32081	4.58333	3.4526000000000003	5.20743	3.33134	4.05185	4.25878	1.9825300000000001	0.0	0.0	0.0	0.0
Node 53		8.6555	5.72944	3.6448099999999997	5.35544	5.63943	7.59545	4.12304	7.0512500000000005	2.58721	3.71688	6.41118	4.32577	3.23646	4.5369	6.31165	6.97732	3.0924400000000003	5.3761	2.80968	1.74085	0.0	0.0	0.0
Node 150		6.550190000000001	2.70682	4.22532	2.49223	4.58357	7.06876	7.59431	4.4921299999999995	6.30719	3.77064	4.13652	1.90116	5.19774	4.2399	3.1273299999999997	2.7117	5.78874	4.53717	3.9636400000000003	0.0	0.0	0.0	0.0
Node 168		7.0243899999999995	5.8659099999999995	3.24969	4.48775	3.4032199999999997	11.11561	1.46151	4.51782	3.8797699999999997	3.0435299999999996	4.4168899999999995	6.27156	5.080550000000001	6.461029999999999	2.2155	3.3482499999999997	3.4919899999999995	2.03335	4.09222	0.0	0.0	0.0	0.0
Node 110		6.67446	5.57729	5.69147	3.8711	2.58223	7.88131	5.56443	6.74115	4.00293	1.7527500000000003	6.02686	5.44756	6.70953	3.91247	4.57061	3.98125	6.15136	3.7504500000000003	0.9303600000000001	0.9308500000000001	0.0	0.0	0.0
Node 25		7.42369	4.28529	6.538349999999999	4.958089999999999	4.8052	2.2928	5.98467	6.62267	3.4837800000000003	2.1146700000000003	4.20929	3.35926	4.12129	5.17476	4.21954	2.02624	6.461110000000001	5.387519999999999	1.3843299999999998	1.74085	0.0	0.0	0.0
Node 96		5.7535799999999995	0.9022199999999999	4.69645	4.3258600000000005	7.03884	7.2634799999999995	4.41726	6.977329999999999	2.40762	0.99781	5.15913	5.40259	6.25333	4.8770500000000006	3.2624899999999997	3.96459	3.2936600000000005	4.85966	10.937040000000001	0.9308500000000001	0.0	0.0	0.0
Node 180		3.94922	2.66941	6.09487	3.81935	8.24371	6.32415	4.1922500000000005	5.02999	4.85838	4.6508	7.24745	5.11684	8.26754	4.70911	3.7966399999999996	4.26255	4.88135	4.85804	3.70835	2.83922	0.0	0.0	0.0
Node 138		8.734250000000001	3.44531	2.81655	5.88441	6.71394	5.34243	2.57027	3.8716800000000005	4.71624	4.28222	2.43948	3.05844	5.7973799999999995	6.27914	6.470199999999999	2.21283	6.646349999999999	7.275270000000001	5.75743	2.2525	0.0	0.0	0.0
Node 132		5.5791699999999995	4.66086	4.58587	1.4414500000000001	3.2745999999999995	9.44281	1.8998399999999998	3.64794	4.37836	2.96937	7.83793	4.788930000000001	1.57547	5.98659	2.67896	4.40277	2.57613	2.82565	5.83592	0.9303600000000001	0.0	0.0	0.0
Node 137		5.2233	3.70235	5.01447	2.49824	6.4964900000000005	1.4816	2.53543	6.81093	4.49741	6.284629999999999	3.90579	1.27166	5.99969	4.92127	2.52591	5.3932	10.29067	2.5719	2.3174	0.9303600000000001	0.0	0.0	0.0
Node 69		8.97907	3.27114	3.9125199999999998	4.77519	6.90213	5.62745	4.73604	7.89699	3.65626	3.23986	4.45221	4.30884	3.4757200000000004	2.90562	4.96439	2.92769	2.26753	8.147920000000001	4.0792399999999995	0.0	0.0	0.0	0.0
Node 35		4.8099099999999995	3.12162	7.2672799999999995	5.1498099999999996	8.46164	8.56419	2.1344	1.9736	5.22493	2.7641999999999998	3.7747500000000005	3.61487	4.56214	3.30402	5.86098	3.85731	2.76073	5.1025599999999995	3.40009	0.9308500000000001	0.0	0.0	0.0
Node 140		3.3697	2.78671	3.33782	3.7820300000000002	5.2943	7.278179999999999	4.81785	5.88752	3.93533	4.19814	5.29225	4.01099	2.58372	4.10938	3.89137	4.250360000000001	2.4913000000000003	4.5659600000000005	5.2502	2.52942	0.0	0.0	0.0
Node 34		3.1907900000000002	5.69001	5.36438	2.73493	6.77808	3.07697	2.9861	6.69556	3.64588	2.9844	4.0951	3.10472	7.5975399999999995	2.47608	5.7918400000000005	5.97486	6.27351	4.7305600000000005	3.4327799999999997	0.0	0.0	0.0	0.0
Node 40		5.163349999999999	3.24758	4.05296	3.1692	5.24947	7.40783	5.0132900000000005	5.82451	3.2421800000000003	2.88848	3.5021700000000004	3.6451200000000004	5.77418	3.73278	2.49459	5.21421	5.06717	2.60234	3.4265499999999998	0.0	0.0	0.0	0.0
Node 163		6.21344	2.633	4.91155	5.934480000000001	0.6987	2.2016999999999998	6.36038	2.82618	5.99096	0.8031	5.94972	2.55658	5.741969999999999	6.10067	7.46759	2.49599	8.10792	1.56805	2.67468	0.58672	0.0	0.0	0.0
Node 126		4.64187	2.30466	4.65237	4.18121	7.95757	2.36684	7.77512	4.1580699999999995	2.52103	0.72	8.39062	2.9023	4.51243	2.38057	5.20207	3.0801700000000003	2.7986500000000003	5.3922	7.15837	0.0	0.0	0.0	0.0
Node 169		3.2143100000000002	3.8379499999999998	4.31171	1.3967200000000002	3.56716	7.00002	3.26426	4.73308	3.4212	2.32353	7.08778	5.82243	5.41594	5.08624	2.07091	4.04281	4.687390000000001	6.19975	6.27717	1.32165	0.0	0.0	0.0
Node 151		5.75219	5.9733	7.5808	2.80532	5.90778	4.383970000000001	6.05985	1.66998	6.32046	3.62035	4.32848	5.90116	5.33951	8.80518	5.47063	3.14412	5.58573	2.11335	4.7708	2.44793	0.0	0.0	0.0
Node 149		3.3916099999999996	3.25272	3.22361	4.8576	6.07095	5.94191	5.25781	2.99398	4.38162	2.24043	5.96646	3.33625	4.07604	7.699490000000001	3.59323	3.75942	3.3619499999999998	4.18825	2.90115	1.34308	0.0	0.0	0.0
Node 12		3.9014800000000003	6.80487	6.00662	7.13702	7.57941	3.89503	4.47598	3.4753899999999995	7.50291	4.531000000000001	4.31912	2.54141	4.971480000000001	8.3238	8.06593	5.25058	9.68023	3.4669899999999996	7.705520000000001	0.0	0.0	0.0	0.0
Node 172		2.49185	3.7303999999999995	2.36158	3.99542	3.78389	4.54545	4.89094	4.39161	5.18579	1.28495	5.6037	2.2633	10.48407	2.71962	4.26904	3.0120999999999998	6.91869	5.14982	5.35557	1.46344	0.0	0.0	0.0
Node 188		2.67366	3.06854	10.04829	2.5789400000000002	12.77456	4.90256	4.38068	5.07163	2.34097	3.5821400000000003	6.74704	2.98841	1.87202	2.76532	2.8764600000000002	2.07796	8.44903	1.9159599999999999	3.5496800000000004	0.0	0.0	0.0	0.0
Node 9		1.34811	5.9981800000000005	4.48501	4.58226	2.9008599999999998	3.7691799999999995	3.0404299999999997	1.5879899999999998	3.15363	5.8936	3.8021899999999995	2.23843	4.05089	5.37442	5.43052	6.94725	5.79022	6.35078	9.80289	0.9308500000000001	0.0	0.0	0.0
Node 30		4.18577	1.7272800000000001	9.90771	3.12128	6.6257399999999995	4.87063	4.24328	2.97231	5.978809999999999	5.38879	5.4501800000000005	2.1227300000000002	4.05383	1.3681	6.27002	2.28113	2.99338	4.82912	4.28016	0.7885700000000001	0.0	0.0	0.0
Node 74		5.81191	1.67807	3.23807	1.42038	7.66616	6.40183	4.43	5.14537	7.030609999999999	7.03633	2.96148	3.07342	5.45748	5.77268	5.77593	6.24156	4.730729999999999	10.976239999999999	6.57746	2.52942	0.0	0.0	0.0
Node 160		2.74269	4.339090000000001	4.44195	4.06477	7.86395	5.79073	3.7067099999999997	5.67363	5.10329	2.8333500000000003	5.7077599999999995	4.89378	4.6203	3.86707	5.51403	3.52371	2.6726	4.10642	5.88636	1.74085	0.0	0.0	0.0
Node 18		8.92214	3.17888	2.72038	7.21936	7.595219999999999	5.55097	3.22577	4.12148	1.04046	2.97857	8.72593	4.28687	3.93484	4.75793	5.76007	6.851780000000001	4.14612	6.22704	4.412789999999999	2.27344	0.0	0.0	0.0
Node 133		6.494260000000001	4.502260000000001	5.49432	6.65355	4.70977	6.99461	4.00405	1.7549599999999999	4.37242	5.43364	5.7551499999999995	4.40682	3.5271700000000004	6.71951	9.14367	4.54448	0.98504	3.16667	2.8349200000000003	0.0	0.0	0.0	0.0
Node 67		4.7510200000000005	4.18748	3.2910500000000003	4.02712	3.17717	4.81118	4.57657	2.7201400000000002	5.8516699999999995	2.63253	6.960660000000001	5.12069	4.5496799999999995	3.04611	7.71775	4.37629	5.61869	5.23721	5.3369800000000005	0.9303600000000001	0.0	0.0	0.0
Node 46		5.3197399999999995	3.4059	7.651670000000001	2.12901	6.168139999999999	4.90419	6.681189999999999	4.67781	2.26481	1.52043	7.6289	1.8880299999999999	5.1078600000000005	3.02836	3.15567	5.2011	2.38336	4.59954	2.0025	3.0625	0.0	0.0	0.0
Node 75		4.35325	6.91784	1.86179	4.21592	7.59471	2.9004	4.278	3.6003100000000003	2.81161	4.5215499999999995	3.91076	2.1041399999999997	4.98632	7.05982	4.49622	2.24151	3.23253	2.31474	3.42598	0.9303600000000001	0.0	0.0	0.0
Node 115		4.6481200000000005	6.593640000000001	6.35096	5.22421	7.6558	5.898289999999999	5.549040000000001	4.82289	2.66437	3.86607	3.75766	3.3080900000000004	4.0467	4.91768	5.79892	4.43966	3.9339	9.590990000000001	6.0327	0.0	0.0	0.0	0.0
Node 33		6.65516	2.90678	4.696199999999999	2.4838	4.65794	7.31874	0.67043	3.46505	7.76741	2.2417800000000003	5.5092099999999995	2.66109	4.47469	4.46551	7.6806399999999995	3.40134	5.34793	3.51586	2.78676	2.13165	0.0	0.0	0.0
Node 57		4.20256	2.5026699999999997	5.12612	4.12364	6.3253900000000005	2.75794	4.67049	1.87779	3.47739	3.70541	4.56902	3.2119	5.48456	4.24512	5.56252	5.18699	3.0404	6.155469999999999	4.08219	0.0	0.0	0.0	0.0
Node 86		3.6495399999999996	4.69359	6.15142	3.14512	4.50024	3.35341	1.8516899999999998	5.5558499999999995	5.286359999999999	2.1472700000000002	6.26713	5.84246	2.0072900000000002	4.12741	8.319139999999999	7.63694	4.0981499999999995	4.13084	5.43838	0.0	0.0	0.0	0.0
Node 146		2.27052	1.50729	4.33305	4.55037	7.41696	3.94206	0.9918899999999999	4.80965	4.66528	3.29971	1.22546	0.53589	3.20956	5.40267	4.26097	5.55827	3.51467	7.44399	4.20197	0.9308500000000001	0.0	0.0	0.0
Node 11		3.61743	4.82719	4.47871	4.50851	7.36487	4.6992	4.91411	4.58469	4.9452799999999995	2.5304	6.27534	4.15102	6.34698	5.279459999999999	8.64609	0.0	9.632670000000001	5.2793600000000005	5.45748	0.9308500000000001	0.0	0.0	0.0
Node 192		4.92803	2.58142	3.77226	6.61169	4.22797	3.3222799999999997	4.65847	4.7105	5.54523	5.626119999999999	4.256830000000001	5.4231	5.41007	3.84458	5.620080000000001	2.96112	5.58365	7.473680000000001	3.43371	1.34308	0.0	0.0	0.0
Node 29		7.591150000000001	4.6975299999999995	5.67228	0.91919	6.00143	3.90693	2.37067	4.93248	4.61438	5.71598	7.72733	2.19608	4.1091500000000005	3.9079999999999995	5.099270000000001	7.22154	6.07202	9.38573	6.4555	0.0	0.0	0.0	0.0
Node 14		3.9132599999999997	3.47972	2.72958	3.05811	3.8133	6.1452100000000005	2.90805	5.0417	3.40358	1.93883	6.803249999999999	3.09946	5.70371	3.9049	8.20929	2.4574700000000003	3.06781	4.21596	2.8226500000000003	0.9308500000000001	0.0	0.0	0.0
Node 141		4.209969999999999	4.284269999999999	6.6469000000000005	3.1916	4.23991	2.0604500000000003	7.1784799999999995	5.588690000000001	3.30608	1.92511	7.13513	2.5273	4.68469	4.61036	5.60367	1.32932	5.13679	3.80224	5.69145	1.5985699999999998	0.0	0.0	0.0
Node 186		3.93611	4.01774	5.20843	2.29491	4.69578	2.3936800000000003	5.4028	3.14785	4.32697	3.36034	4.87451	3.09946	3.8644499999999997	2.64199	8.95617	4.6011999999999995	5.85728	6.06335	7.18473	0.53308	0.0	0.0	0.0
Node 51		8.383690000000001	1.6914200000000001	4.85365	3.9707100000000004	5.449	6.00126	5.041989999999999	4.70752	3.8584899999999998	7.966959999999999	4.08709	2.88728	7.410940000000001	5.225280000000001	4.4136	6.38008	4.26143	4.53562	5.85671	1.71942	0.0	0.0	0.0
Node 139		8.08674	5.160349999999999	4.321280000000001	3.8936100000000002	6.236619999999999	5.621460000000001	3.6174600000000003	1.94959	4.98627	2.95722	6.725299999999999	2.62384	3.4875700000000003	7.23907	7.22568	2.59057	3.07616	7.050090000000001	7.811859999999999	0.7885700000000001	0.0	0.0	0.0
Node 80		7.6863600000000005	1.5024600000000001	3.94983	4.84628	5.68503	6.12519	6.81199	5.0360000000000005	3.44403	0.53844	6.34982	4.11916	5.21333	4.86885	8.473880000000001	5.90085	4.67425	1.95142	3.4288100000000004	0.8099999999999999	0.0	0.0	0.0
Node 193		2.13237	8.3132	6.988129999999999	3.2278800000000003	6.957280000000001	4.70756	4.282500000000001	3.6853900000000004	6.86754	2.25021	4.8117399999999995	4.3955	6.20215	7.03887	5.4239500000000005	9.45017	5.53221	3.9913200000000004	5.37013	2.67121	0.0	0.0	0.0
Node 175		6.17376	4.93586	7.54919	2.73493	5.41066	2.46188	4.47872	3.24425	5.64648	4.43688	1.30878	3.16455	3.7950999999999997	3.7240200000000003	2.44833	4.007680000000001	3.5252	7.30287	2.89393	0.0	0.0	0.0	0.0
Node 48		5.01072	5.482130000000001	2.84495	4.0978	6.95968	5.9107	3.9661299999999997	3.8950199999999997	7.715180000000001	1.5833	5.69287	6.33528	4.21953	5.02034	3.47064	4.37264	2.26986	8.43935	1.49465	2.64978	0.0	0.0	0.0
Node 83		8.40081	0.5405	5.17578	4.89941	6.2312899999999996	3.93395	1.16631	5.31991	1.09238	6.607349999999999	6.6216	6.04252	3.43839	1.3301500000000002	5.79892	3.62134	2.08665	5.7065	8.62671	2.67121	0.0	0.0	0.0
Node 93		1.57133	4.19941	5.00152	2.67625	7.2324399999999995	4.1352199999999995	3.6076900000000003	7.678840000000001	3.66399	2.15408	4.966489999999999	7.00489	4.50761	5.44226	9.486740000000001	5.34323	7.24896	2.99123	4.1026	0.0	0.0	0.0	0.0
Node 22		4.7854399999999995	4.19945	4.32507	3.98744	8.81452	1.63524	4.7381899999999995	1.86226	5.81176	2.17116	4.52621	3.1301900000000002	5.55969	3.9551000000000003	4.931080000000001	6.23778	3.00758	4.63206	4.98402	0.0	0.0	0.0	0.0
Node 79		10.2272	4.5685	3.3724499999999997	5.40615	8.012329999999999	5.30921	3.6942000000000004	1.88289	6.93751	4.82159	4.00646	0.5887800000000001	3.3654200000000003	4.2203	5.9067	4.8411	7.00978	6.33064	4.637320000000001	0.53308	0.0	0.0	0.0
Node 88		6.98967	2.3952299999999997	5.29244	3.52265	3.93682	5.14805	4.43998	5.87141	3.23603	3.63638	5.6072999999999995	5.36835	5.13553	7.03762	4.1674299999999995	3.74574	3.8667100000000003	7.21883	4.93938	0.0	0.0	0.0	0.0
Node 89		5.89876	6.5267599999999995	8.40838	5.527839999999999	7.86003	2.47695	3.8999399999999995	3.83168	6.68762	5.16906	3.09676	2.96874	2.4827	4.99397	5.00432	4.43347	4.46222	3.2840800000000003	4.40344	0.0	0.0	0.0	0.0
Node 174		2.12595	4.63835	7.46396	3.99348	6.26064	2.57729	3.69508	8.08364	7.67192	4.70904	2.68221	2.50411	2.80124	4.47092	6.15217	3.77024	3.8513699999999997	0.9007299999999999	4.0707699999999996	0.9308500000000001	0.0	0.0	0.0
Node 65		7.151789999999999	6.56779	3.3304599999999995	6.37157	3.5569499999999996	6.869840000000001	5.651	4.2424	4.20878	3.32781	2.95529	3.82588	9.21822	5.68845	4.78845	3.04919	6.904440000000001	7.7116299999999995	4.43586	2.27344	0.0	0.0	0.0
Node 71		2.84208	5.08808	5.36243	2.65259	4.74453	4.80711	2.06211	4.79009	6.15806	2.61539	4.12557	5.83083	1.8439400000000001	4.39931	2.86725	7.9204300000000005	3.0924400000000003	3.44613	5.59163	3.9928600000000003	0.0	0.0	0.0
Node 72		2.98395	1.13779	1.7676299999999998	5.59953	3.48623	5.54457	3.76709	7.54411	4.02588	1.84519	6.45199	8.00482	4.06231	2.11025	5.03347	5.10981	7.08286	2.4845800000000002	2.67468	2.2525	0.0	0.0	0.0
Node 128		5.56344	4.35513	6.157039999999999	3.09762	4.8144	2.96502	4.00582	4.665579999999999	3.7741200000000004	4.41069	5.746169999999999	1.43479	7.37486	4.23112	3.23767	3.01116	3.5659499999999995	3.82572	2.9457899999999997	0.0	0.0	0.0	0.0
Node 198		2.0740499999999997	4.48794	5.53359	3.1921600000000003	3.8396399999999997	4.44656	8.65034	5.3035	6.50877	4.0526100000000005	9.27769	3.4558999999999997	4.46252	9.00473	2.1467199999999997	4.422079999999999	7.7484399999999996	4.30133	4.685849999999999	0.0	0.0	0.0	0.0
Node 90		4.68994	1.51512	7.17197	3.99811	4.96413	2.6791	5.66805	4.246989999999999	5.4893	3.6677	8.205729999999999	4.48408	7.507900000000001	4.15364	7.956449999999999	6.36302	4.5472600000000005	8.27295	4.13505	0.9308500000000001	0.0	0.0	0.0
Node 189		5.35924	4.08871	2.75772	6.32331	7.91529	6.590590000000001	4.40148	5.47485	3.36229	3.55949	4.93245	4.23645	7.53557	4.45475	7.385510000000001	4.54096	10.22221	6.7503400000000005	4.66315	0.0	0.0	0.0	0.0
Node 156		3.27224	5.53902	6.50024	5.34305	9.890749999999999	3.85702	4.212289999999999	7.32686	5.0121400000000005	4.49216	3.9399900000000003	1.27166	3.26679	3.95637	3.55113	1.5635	6.315510000000001	4.26968	6.07287	0.0	0.0	0.0	0.0
Node 161		7.91508	4.97671	5.75528	2.19419	9.14079	5.03729	3.7227200000000003	5.59578	3.06264	3.5148400000000004	5.746169999999999	2.93696	3.78511	2.27435	7.28796	3.2723299999999997	3.1946000000000003	4.853940000000001	5.45482	2.32708	0.0	0.0	0.0
Node 106		4.58367	4.72896	5.70062	5.6227100000000005	1.24241	2.42226	5.73855	4.162310000000001	5.1394	2.72207	7.98219	4.72087	4.401809999999999	4.21074	3.58342	3.35527	5.74798	5.00567	8.14016	0.0	0.0	0.0	0.0
Node 127		5.41586	4.93719	5.47295	4.5514600000000005	4.87415	3.96309	4.746659999999999	4.29335	4.21896	4.05469	3.81954	5.44656	6.20246	5.92641	5.07067	5.09102	3.07021	3.9253400000000003	5.12357	2.27344	0.0	0.0	0.0
Node 77		5.82393	2.42029	5.16719	3.31402	5.20946	2.5345	2.25788	3.22406	5.221080000000001	2.64723	5.34863	3.96993	5.54952	4.37669	7.81981	4.00676	2.7575	6.53607	4.82903	0.0	0.0	0.0	0.0
Node 101		5.01986	7.2991600000000005	0.94772	4.38109	3.08378	3.51036	3.6235700000000004	7.33935	5.98799	3.25903	4.65493	1.92499	2.98684	4.92471	4.43937	3.88007	1.8069700000000002	2.69907	1.9948000000000001	2.39429	0.0	0.0	0.0
Node 104		3.99326	1.88076	4.1253	2.53775	4.74507	4.68231	3.97114	5.1363	3.1294799999999996	5.18377	4.4672	6.621910000000001	3.6161199999999996	6.439209999999999	5.7502699999999995	4.04281	8.01489	4.03767	5.5344299999999995	0.53308	0.0	0.0	0.0
Node 182		3.10169	3.21095	3.4576700000000002	3.96991	3.8290900000000003	4.5844700000000005	6.72992	7.18656	3.6311400000000003	2.42553	5.84623	2.17056	6.15383	4.3027500000000005	3.74592	3.87941	6.13856	4.43029	6.2560199999999995	1.86121	0.0	0.0	0.0
Node 116		0.61032	5.07675	3.59576	5.89035	7.92804	6.87678	3.6329399999999996	3.5534499999999998	4.87895	2.81475	5.43433	4.66885	2.58294	4.97047	3.59938	4.15688	4.1409	6.860810000000001	4.11035	3.0625	0.0	0.0	0.0
Node 131		3.9533	6.5741499999999995	5.21447	5.69317	6.23275	6.06607	2.6769000000000003	3.0223199999999997	4.55411	3.47457	3.51792	3.82622	1.40631	7.2478	4.2201200000000005	2.9626699999999997	7.44881	1.75465	3.5292	0.7885700000000001	0.0	0.0	0.0
Node 28		3.0328	3.42581	2.2443	2.39343	6.81797	2.97253	8.36876	0.5907199999999999	3.5597999999999996	4.4907	9.68022	7.17773	4.16641	4.72771	4.76982	5.38173	7.43221	4.22741	3.62945	0.7885700000000001	0.0	0.0	0.0
Node 10		4.77303	4.80787	7.91046	3.5341699999999996	3.95422	7.6573199999999995	6.37505	5.07163	3.0345400000000002	5.61956	5.81675	5.45362	2.57185	4.19764	3.37622	4.8083599999999995	2.76002	5.24965	5.5289600000000005	0.0	0.0	0.0	0.0
Node 8		4.828790000000001	2.5618	4.69555	6.987830000000001	5.60781	5.13695	7.495749999999999	4.771170000000001	3.2480700000000002	1.30064	4.6282499999999995	0.0	4.37861	2.66984	5.53939	4.10166	8.856250000000001	4.256130000000001	4.56524	2.64978	0.0	0.0	0.0
Node 55		8.49488	4.79357	8.33734	6.84974	6.09306	5.25216	5.45797	7.44289	6.76027	5.72933	5.28646	5.51519	4.8103	2.09012	7.20763	4.68171	7.37764	3.7724599999999997	2.84529	1.74085	0.0	0.0	0.0
Node 54		4.600230000000001	2.14748	5.6399	6.0016	6.616320000000001	6.819070000000001	4.46849	1.82691	7.089180000000001	3.4390700000000005	6.70818	5.09366	5.520160000000001	7.15241	3.1282699999999997	4.20059	6.41767	3.3411999999999997	5.01354	0.9308500000000001	0.0	0.0	0.0
Node 16		5.128089999999999	3.57825	6.49008	4.846480000000001	4.17005	7.9938899999999995	4.4376	6.6202700000000005	4.51257	5.82865	11.9202	6.77972	5.55984	2.67921	2.30314	0.86264	4.00883	7.5946	3.99541	1.32165	0.0	0.0	0.0
Node 122		4.23064	6.62102	7.0108500000000005	1.52698	5.50408	2.49476	4.54579	2.4473000000000003	1.30128	4.87379	3.8021899999999995	6.93999	6.76209	4.7847	4.4110700000000005	2.1689599999999998	5.712289999999999	7.50078	4.000859999999999	0.53308	0.0	0.0	0.0
Node 50		5.0604700000000005	5.41589	3.60391	6.035080000000001	6.29051	1.87965	5.12968	3.4944999999999995	7.8551899999999995	3.0916900000000003	3.07023	3.11015	6.974900000000001	3.76548	7.65921	4.26946	2.45887	5.03831	4.87797	1.34308	0.0	0.0	0.0
Node 15		3.7559500000000003	2.28295	4.80171	5.58949	5.966629999999999	3.65056	5.768870000000001	4.32509	3.8310299999999997	1.31157	7.2060200000000005	2.3567	2.88489	4.35194	6.92917	3.73309	7.87679	3.33722	2.2752000000000003	0.9303600000000001	0.0	0.0	0.0
Node 31		5.10899	4.88733	3.53435	4.92334	6.816179999999999	2.24391	3.5400599999999995	6.29526	2.2102299999999997	2.57507	5.40567	2.86712	5.8847	5.66786	2.60193	2.5804899999999997	5.68216	7.452100000000001	4.45585	0.53308	0.0	0.0	0.0
Node 20		6.683509999999999	4.58106	5.01777	4.35743	2.2619	3.12448	4.570670000000001	1.5117800000000001	8.37055	1.10122	3.0703500000000004	3.63083	6.357830000000001	3.8261999999999996	4.01786	3.79374	2.76325	4.24939	4.31787	0.0	0.0	0.0	0.0
Node 108		6.769909999999999	1.7889	3.0342000000000002	3.22822	4.64847	5.3895	6.023350000000001	3.78885	4.29538	4.44614	6.37926	3.13879	3.1356	6.03831	3.6668100000000003	3.5915999999999997	3.4556400000000003	3.31365	5.66274	0.9308500000000001	0.0	0.0	0.0
Node 68		6.078320000000001	4.51026	6.38818	3.9330999999999996	6.90985	8.5456	9.70219	7.8361	3.1454799999999996	4.92353	4.57982	0.64885	3.6656800000000005	5.0501	7.61193	3.3797599999999997	11.79874	6.112830000000001	7.00186	0.9308500000000001	0.0	0.0	0.0
Node 43		5.37399	1.7889	3.9059299999999997	3.09434	7.612979999999999	3.07697	5.82401	4.45285	3.56985	3.4019099999999995	3.35445	2.98091	4.09307	5.76307	6.90079	4.50895	5.07497	9.14861	5.06529	0.7885700000000001	0.0	0.0	0.0
Node 109		3.1758300000000004	3.73565	3.08385	6.970560000000001	7.82703	6.58151	2.23327	2.66744	3.6581900000000003	4.7899400000000005	3.18011	5.68837	5.65966	4.09577	3.9862	4.64696	4.17676	6.41181	2.62965	0.9308500000000001	0.0	0.0	0.0
Node 199		6.736839999999999	2.13868	3.71048	7.218090000000001	7.50074	5.3988700000000005	5.05381	3.36308	1.21278	2.3177	4.87708	3.81752	3.1337200000000003	6.14401	4.752540000000001	4.13486	2.21587	4.50678	7.20989	0.0	0.0	0.0	0.0
Node 59		4.62094	3.56955	4.83512	1.6422200000000002	2.9449099999999997	3.8466	5.48136	2.75263	4.7127799999999995	4.039079999999999	5.24114	4.7368	3.2738000000000005	2.86771	6.5622	3.7380299999999997	3.2704700000000004	4.44736	3.59921	3.45978	0.0	0.0	0.0
Node 152		3.5029600000000003	4.48008	7.4668600000000005	7.575850000000001	4.1526	2.1825799999999997	4.047470000000001	5.800940000000001	3.88251	2.14829	5.03943	1.37257	6.83511	8.03791	6.2205200000000005	5.930400000000001	3.4669	1.3365399999999998	4.99539	0.53308	0.0	0.0	0.0
Node 7		4.35757	9.85737	5.92312	5.538259999999999	3.6310299999999995	2.81411	5.691269999999999	3.20144	3.23376	3.6425899999999998	10.42045	4.50127	4.21851	5.52778	4.8464100000000006	3.7144999999999997	4.270560000000001	1.7459200000000001	6.03859	0.9308500000000001	0.0	0.0	0.0
Node 194		4.76385	4.288270000000001	2.45508	8.05621	5.63578	4.97717	7.75425	1.96598	3.14609	1.9596200000000001	5.86225	3.5389299999999997	6.39982	6.14895	1.90007	2.9495400000000003	6.75347	7.698180000000001	3.4534299999999996	1.86121	0.0	0.0	0.0
Node 145		3.95845	1.88076	4.07611	3.7115299999999998	3.6701699999999997	2.7508500000000002	5.13514	5.5453	5.31989	5.663130000000001	5.38045	3.8667100000000003	4.21293	4.5365400000000005	5.09918	2.49951	9.520240000000001	6.07252	5.06869	0.0	0.0	0.0	0.0
Node 112		7.2061	3.35569	4.8947400000000005	3.57178	1.5466199999999999	4.61701	2.9497	6.82705	4.601990000000001	2.1146700000000003	6.37408	2.07232	3.90184	5.60185	5.49824	6.89893	9.89232	4.6167300000000004	5.67842	3.7695800000000004	0.0	0.0	0.0
Node 114		4.37587	0.59729	4.95045	1.4361199999999998	3.23014	3.9386699999999997	3.50797	6.11043	3.2837199999999998	3.4884900000000005	3.70654	4.95542	7.06323	2.8537	6.58161	4.94583	5.79971	2.7056	7.069050000000001	1.86121	0.0	0.0	0.0
Node 155		4.07862	3.8638899999999996	6.304740000000001	3.2371600000000003	5.17453	7.01792	2.25436	6.9550600000000005	4.50615	4.04883	2.89969	3.4822800000000003	7.330639999999999	4.002730000000001	4.38273	6.741650000000001	5.8374299999999995	3.39309	7.08172	0.0	0.0	0.0	0.0
Node 99		7.305599999999999	5.27563	9.453240000000001	4.3022	6.56688	3.88031	4.964989999999999	1.21566	3.30289	3.21658	7.653849999999999	3.69182	6.91137	4.40403	4.18471	6.752800000000001	5.81664	6.9188600000000005	5.46836	0.53308	0.0	0.0	0.0
Node 62		4.348380000000001	5.26122	5.193919999999999	3.01829	6.67823	4.98182	5.176830000000001	3.9984400000000004	5.0063	2.41362	8.23849	3.0127	7.38313	0.77135	4.44184	3.09599	6.980250000000001	3.40323	3.33082	1.71942	0.0	0.0	0.0
Node 129		7.9070100000000005	0.57738	3.4936000000000003	0.72441	6.84345	5.26413	3.0390099999999998	5.98835	5.33296	6.19533	2.6307899999999997	4.60483	5.0740300000000005	1.4682300000000001	3.16941	1.8822599999999998	3.6423499999999995	1.95112	2.6404	0.0	0.0	0.0	0.0
Node 157		4.15419	4.28392	4.17101	7.09692	4.07394	5.040229999999999	5.24621	3.71736	5.22294	3.2467099999999998	3.3703499999999997	6.4066600000000005	2.6358800000000002	5.76075	4.6814	6.05213	3.2259200000000003	5.269159999999999	5.12557	1.86121	0.0	0.0	0.0
Node 135		6.8747799999999994	2.1331200000000003	6.582380000000001	2.4975	6.1375	8.48486	3.52882	2.57432	4.25653	6.41702	5.47264	1.8772799999999998	4.77331	6.4596	8.87009	2.49456	2.9348699999999996	3.21059	4.95397	1.74085	0.0	0.0	0.0
Node 100		5.13802	4.29425	5.64851	8.21972	6.58815	6.62325	6.46702	3.78834	4.67532	4.64138	3.67479	6.8471400000000004	2.98702	3.93019	2.67052	5.44201	6.34459	3.9024499999999995	5.85872	0.9308500000000001	0.0	0.0	0.0
Node 47		7.07496	1.53583	2.45401	2.5974500000000003	6.37926	7.40257	5.09772	3.5651	6.37846	2.75056	4.59049	2.1041399999999997	4.41464	3.17124	9.47025	4.2162	5.71307	5.02769	6.729690000000001	0.9308500000000001	0.0	0.0	0.0
Node 60		5.01565	0.82211	2.77867	3.33561	4.86325	4.7958300000000005	1.6116	5.707940000000001	5.05098	5.45986	4.12191	2.46035	8.36708	3.97908	2.8954400000000002	4.67279	5.37375	5.18573	5.62554	0.9303600000000001	0.0	0.0	0.0
Node 171		4.79638	3.71938	6.06077	3.0074199999999998	2.87608	3.8868	4.80762	6.218859999999999	3.65835	2.40354	4.43423	2.41743	6.1079099999999995	5.65327	4.99673	3.1012999999999997	6.1493899999999995	6.9930699999999995	6.448859999999999	2.2525	0.0	0.0	0.0
Node 102		0.6354099999999999	3.05749	7.93182	3.50486	8.91961	3.9622900000000003	4.6384	4.21375	3.2155799999999997	3.60848	3.5128199999999996	2.96232	6.697400000000001	1.68285	4.80538	2.7399799999999996	3.61253	3.51369	5.87456	1.46393	0.0	0.0	0.0
Node 187		7.9949	4.27697	5.15916	6.04312	4.47841	5.34848	5.199050000000001	4.81384	2.31436	2.9844	2.17877	4.361820000000001	3.86388	6.752130000000001	8.31128	7.566140000000001	6.36092	6.39096	3.51307	0.53308	0.0	0.0	0.0
Node 130		6.963139999999999	3.14648	8.89969	5.31527	7.63389	0.85912	8.84429	4.18147	5.93179	4.19939	4.1893899999999995	3.21923	4.72943	4.348450000000001	3.27416	7.40817	7.409350000000001	2.27082	7.76492	0.0	0.0	0.0	0.0
Node 185		4.59909	3.23029	4.0757	5.3646899999999995	4.30343	7.15131	2.81262	4.9158100000000005	7.1233900000000006	2.82099	5.23646	6.6483	5.0855999999999995	2.58107	1.90648	5.79734	7.4854199999999995	6.34422	10.227310000000001	0.9303600000000001	0.0	0.0	0.0
Node 144		7.718909999999999	2.48191	4.19697	5.14206	9.26149	5.21699	7.177899999999999	7.340439999999999	4.87115	3.3434199999999996	8.61073	3.9939299999999998	2.47667	5.10738	3.99541	5.18188	6.02689	3.0514	4.088089999999999	0.8099999999999999	0.0	0.0	0.0
Node 19		4.898630000000001	2.7862299999999998	4.70786	1.24756	5.85917	4.02055	2.07018	6.218859999999999	2.87238	4.29058	8.13508	1.20105	2.54239	4.75987	3.01654	4.18882	4.23302	5.00439	3.8093399999999997	0.0	0.0	0.0	0.0
Node 63		7.96636	1.4194	1.93413	4.76915	3.07799	3.18596	4.92146	5.59548	4.8801	1.87398	4.272279999999999	4.43428	4.64728	6.14401	1.28729	5.9197	5.0715200000000005	3.9856599999999998	1.3843299999999998	1.74085	0.0	0.0	0.0
Node 3		2.56635	3.89663	4.45031	4.346760000000001	5.86047	6.73506	4.46849	6.50858	2.5500700000000003	3.08586	6.672359999999999	1.50452	4.29895	3.04101	8.06556	3.7218	8.31287	5.63495	4.504090000000001	0.53308	0.0	0.0	0.0
Node 159		6.36775	6.06902	4.44947	8.12331	5.77436	5.64756	5.62877	10.15094	4.143689999999999	4.83183	6.46617	7.99098	3.9834	4.198770000000001	6.68805	4.6892000000000005	5.18391	6.36873	1.34487	2.39429	0.0	0.0	0.0
Node 123		2.4481900000000003	5.498080000000001	3.33666	4.46814	6.75028	4.13404	5.55016	3.7442999999999995	3.5213300000000003	1.64802	2.63327	4.26843	3.16266	1.8743800000000002	5.37346	4.19775	6.78509	4.87224	4.89566	1.74085	0.0	0.0	0.0
Node 105		7.715	3.82262	4.177779999999999	4.99817	3.7135300000000004	3.23141	2.91808	3.4960199999999997	4.6348199999999995	3.71144	5.79414	4.54952	2.0646	6.03919	5.08889	3.82531	5.8575	3.99827	5.86004	1.5985699999999998	0.0	0.0	0.0
Node 183		6.530030000000001	1.36261	2.3364599999999998	4.44559	6.41505	2.96401	2.56753	4.88643	2.7486699999999997	4.9773499999999995	4.68734	2.59137	3.3772	4.16098	3.3668400000000003	5.26818	4.90424	6.01537	1.27714	0.53308	0.0	0.0	0.0
Node 17		3.82806	1.89078	10.340770000000001	3.1338600000000003	4.8623	6.90823	2.89173	2.9975899999999998	3.5946100000000003	2.65817	4.73112	3.7418600000000004	9.08288	6.69231	3.1413900000000003	3.2759799999999997	5.721550000000001	3.40323	4.50259	3.45978	0.0	0.0	0.0
Node 6		6.610720000000001	5.74024	4.014270000000001	6.767430000000001	6.22267	7.98126	4.43297	5.18579	5.3740000000000006	3.20571	5.78119	3.1501099999999997	5.5229	3.6767399999999997	7.3045	2.17553	5.04013	3.01675	7.22399	0.9308500000000001	0.0	0.0	0.0
Node 23		5.7299999999999995	3.03739	6.20955	4.82912	3.9199100000000002	3.74599	5.45505	4.92084	7.504479999999999	3.85645	3.91643	3.2639799999999997	3.98419	2.54543	6.764670000000001	3.96639	8.27487	6.9432599999999995	5.67185	1.32165	0.0	0.0	0.0
Node 154		4.77215	1.49322	6.21242	0.78171	4.74522	5.43046	5.016439999999999	5.63305	3.90412	2.65518	5.79401	3.47031	3.3556000000000004	3.27428	7.088360000000001	2.14626	3.4523699999999997	4.8926	5.04299	0.0	0.0	0.0	0.0
Node 24		7.845280000000001	4.94827	5.38626	4.6249400000000005	2.8324	8.63688	5.9952499999999995	5.2648	4.92136	1.71781	4.53787	4.88916	8.24064	4.06085	5.49892	3.48852	5.17226	6.62107	4.08997	0.7885700000000001	0.0	0.0	0.0
Node 66		8.13012	7.29593	2.14094	2.42177	6.673089999999999	8.27296	5.28097	5.77039	2.68597	4.53202	7.754650000000001	4.79257	8.12229	6.70675	5.46165	2.75608	5.16884	3.4710699999999997	7.85762	1.5985699999999998	0.0	0.0	0.0
Node 44		2.80381	4.5784199999999995	4.37391	3.7303500000000005	7.745299999999999	6.3095300000000005	7.26363	2.3798	3.3209500000000003	1.16235	8.41217	8.09802	7.21128	4.309629999999999	3.2799500000000004	2.94494	5.85974	3.95395	6.58454	0.7885700000000001	0.0	0.0	0.0
Node 196		2.7959	4.42854	2.4956	3.6317299999999997	1.34659	6.625490000000001	4.58895	5.12723	6.981450000000001	3.79715	7.053280000000001	3.13733	3.50496	6.58673	5.40577	2.3489199999999997	6.73219	6.06601	6.32014	0.53308	0.0	0.0	0.0
Node 184		3.46813	2.87116	5.87401	0.91919	4.71693	8.04101	4.15354	5.04659	6.86398	5.68825	4.51618	3.82288	4.9006300000000005	2.73966	2.50678	6.34884	4.11621	2.15833	6.853339999999999	0.9308500000000001	0.0	0.0	0.0
Node 162		5.42848	3.85215	5.884169999999999	2.72315	5.22694	7.65923	6.70357	6.43913	7.84512	2.97857	3.3912699999999996	2.82782	5.599889999999999	3.7898899999999998	5.87887	5.2479	8.31328	5.38585	3.8258599999999996	0.0	0.0	0.0	0.0
Node 45		5.65306	2.0064100000000002	10.010919999999999	3.14554	5.17311	4.64458	5.743390000000001	5.45223	3.8072099999999995	3.54704	9.680439999999999	3.8588699999999996	9.91572	2.98909	5.57709	3.49702	5.05793	0.7859100000000001	1.40808	2.27393	0.0	0.0	0.0
Node 125		4.75232	4.57958	7.44013	2.3159099999999997	6.24286	6.30307	5.83451	4.9040300000000006	2.81602	4.71059	4.68781	2.93331	5.1999200000000005	4.32616	3.25798	2.9845	4.97134	3.9265000000000003	4.26656	1.74085	0.0	0.0	0.0
Node 176		3.08682	3.91351	0.9823200000000001	3.87924	8.74774	7.00881	5.3258	3.22395	4.472	3.06343	2.85914	6.05647	6.900580000000001	3.73362	3.33923	7.00782	6.65332	6.580690000000001	3.69736	1.74085	0.0	0.0	0.0
Node 52		6.36431	3.9787999999999997	5.17472	1.2842799999999999	3.27524	4.03198	2.88577	5.4114	6.86492	3.40456	3.5777	0.9219099999999999	3.8307300000000004	4.61601	8.38209	2.0021299999999997	7.00124	2.58337	6.17177	1.5985699999999998	0.0	0.0	0.0
Node 37		6.499630000000001	4.27697	4.17398	4.28788	4.90245	9.127889999999999	4.62019	5.52982	4.34618	2.23242	5.51882	5.8496	2.65506	6.38663	6.96763	1.6775000000000002	6.270499999999999	1.95142	3.78703	1.46393	0.0	0.0	0.0
Node 85		6.23585	3.32251	1.51986	4.9252400000000005	8.48966	7.40145	8.22741	4.52534	5.55762	2.8835900000000003	7.682329999999999	4.63031	4.2520299999999995	2.20366	6.20671	3.3002499999999997	3.6875400000000003	4.35105	4.9417	0.0	0.0	0.0	0.0
Node 113		9.293999999999999	2.64058	5.2599	4.17638	5.17671	4.75613	6.524820000000001	3.9125300000000003	2.43997	4.24821	7.866969999999999	1.2461099999999998	4.24258	2.8316399999999997	3.8784399999999994	4.98652	3.23782	3.49421	6.91035	0.9303600000000001	0.0	0.0	0.0
Node 76		4.82349	2.90678	3.8348899999999997	0.0	7.05234	2.23865	5.39778	2.88595	3.82117	5.68387	4.7180800000000005	3.43404	8.34892	4.85026	1.5419	6.00781	2.4655199999999997	1.9210600000000002	5.15272	0.0	0.0	0.0	0.0
Node 4		7.05881	1.91828	5.78228	3.9462499999999996	2.3384	5.01266	2.79091	4.91706	10.857709999999999	5.02521	7.171950000000001	5.94827	5.24424	4.6663499999999996	7.407850000000001	3.3862200000000002	6.348660000000001	2.21787	5.716340000000001	0.0	0.0	0.0	0.0
Node 148		3.20687	5.2040500000000005	2.51128	3.7303500000000005	5.30528	5.48975	6.04635	4.62388	2.7889299999999997	4.4793899999999995	4.47343	2.21459	5.43453	4.35194	6.236470000000001	3.74542	7.461950000000001	3.5424700000000002	5.80616	0.9303600000000001	0.0	0.0	0.0
Node 107		5.3983799999999995	4.045030000000001	7.04896	4.31398	2.37149	5.66158	3.5675600000000003	4.32085	4.87234	4.61378	2.34848	4.41184	3.0349	6.321740000000001	3.00787	1.84724	4.0973999999999995	6.23864	7.40925	1.86121	0.0	0.0	0.0
Node 111		6.40681	3.2005899999999996	4.696199999999999	5.28852	8.05618	4.7656	5.85134	4.5613399999999995	2.8683	4.404870000000001	2.06957	3.90666	0.0	3.84458	3.13622	5.35956	7.40176	4.12983	5.62873	0.53308	0.0	0.0	0.0
Node 91		7.15543	7.12723	2.87191	2.96599	3.78016	5.78717	5.50223	7.2607800000000005	3.44461	1.4331	4.092910000000001	6.64814	4.3473	4.6900699999999995	3.36597	1.98699	4.36568	3.63498	5.49362	1.71942	0.0	0.0	0.0
Node 124		3.1858400000000002	3.92758	0.0	2.76788	8.39294	3.13597	7.837909999999999	2.49627	7.4848	5.48434	6.8755	1.92499	4.06677	2.10945	3.94356	5.25759	7.34272	8.576889999999999	4.2362400000000004	0.9308500000000001	0.0	0.0	0.0
Node 61		6.558890000000001	5.03726	5.2612499999999995	3.2211499999999997	4.71165	8.20234	3.36247	5.11885	3.79284	6.21431	5.36036	3.1219	3.52194	7.150289999999999	3.53679	2.8248100000000003	5.33723	4.74529	2.0603	0.0	0.0	0.0	0.0
Node 153		4.1609300000000005	4.75727	1.8436500000000002	4.11981	4.6495	4.89994	4.24475	5.26138	3.04913	5.71598	0.74617	2.88862	8.17598	5.4862	4.6477900000000005	1.47508	1.95766	6.56833	5.38714	2.13165	0.0	0.0	0.0
Node 39		4.72264	5.57264	1.35448	3.2164400000000004	4.05893	3.62063	3.53433	3.29985	6.01328	3.8368100000000003	5.81441	5.91237	6.87883	5.30724	3.37622	3.04169	4.20863	4.493309999999999	3.53133	0.0	0.0	0.0	0.0
Node 170		2.95389	3.01201	5.15089	0.8368499999999999	8.355550000000001	6.325010000000001	5.04658	4.26011	3.2897700000000003	4.2622599999999995	6.32375	3.63974	3.89722	3.5115800000000004	4.25402	4.16984	5.86215	3.5779199999999998	6.542770000000001	1.71942	0.0	0.0	0.0
Node 38		8.16644	3.4126700000000003	7.02815	5.30239	5.195410000000001	6.197649999999999	6.819500000000001	2.75367	6.5110600000000005	5.50235	4.76654	3.26344	2.83053	7.06451	4.9419200000000005	2.7890800000000002	9.39198	5.5658	2.10628	0.9308500000000001	0.0	0.0	0.0
Node 178		3.3033300000000003	8.02582	5.9784999999999995	4.93702	6.90856	6.539689999999999	4.83788	3.8080700000000003	2.93061	4.45115	3.9163900000000003	3.60046	4.291650000000001	4.0904799999999994	7.838589999999999	2.3343599999999998	5.90306	2.69597	3.33082	2.27393	0.0	0.0	0.0
Node 2		4.12888	5.8965	5.2624200000000005	2.25723	2.77645	1.52619	6.56633	3.0975699999999997	5.36411	6.7928500000000005	2.99468	3.5227399999999998	5.04075	5.50854	1.37467	5.7902700000000005	3.2883500000000003	6.356299999999999	5.57574	2.2520100000000003	0.0	0.0	0.0
Node 118		3.8901	3.91373	4.7874	1.4414500000000001	4.69578	1.41476	6.7950800000000005	6.3135200000000005	7.231940000000001	4.474	5.33825	6.82141	7.0199	1.75816	5.36547	4.64911	2.7072700000000003	8.4641	2.93622	0.0	0.0	0.0	0.0
Node 1		4.69811	2.84485	8.3735	2.2900799999999997	5.72946	7.2077100000000005	2.24952	4.07188	7.29822	2.85775	6.69428	5.6973	7.82701	5.97762	6.1759	5.76238	4.5510399999999995	7.2507600000000005	5.75485	0.0	0.0	0.0	0.0
Node 27		6.93025	1.17467	1.5753300000000001	6.17579	7.8351500000000005	4.98498	4.4092	5.8502	2.9837	3.9433599999999998	3.77792	4.46967	5.76286	6.6745	3.47072	3.74545	7.82961	4.07392	4.68851	2.83922	0.0	0.0	0.0
Node 58		6.26531	4.02414	3.02201	1.2842799999999999	8.68357	3.7691799999999995	6.2205900000000005	3.1773999999999996	4.49129	3.36829	6.276660000000001	3.09247	4.70925	6.05837	3.50763	3.2803199999999997	3.36187	4.59223	3.4760899999999997	3.45978	0.0	0.0	0.0
Node 73		4.07814	5.46648	5.74042	3.98744	5.8946	4.0813500000000005	3.07618	4.38105	4.5268299999999995	7.5764499999999995	7.96623	3.0181	4.83026	4.37274	2.40817	1.49287	5.47025	3.76293	5.05809	2.98101	0.0	0.0	0.0
Node 92		4.380599999999999	3.84144	3.70097	3.62392	2.94214	3.90075	1.12859	3.26261	6.91118	3.4019099999999995	5.93929	2.98841	4.52964	8.03553	8.48967	2.1475	3.4274	3.8787000000000003	7.34304	2.30614	0.0	0.0	0.0
Node 95		5.978809999999999	6.29745	4.33008	0.84863	6.08347	2.97551	2.27119	3.9404399999999997	2.0694500000000002	2.25774	6.45478	5.90121	5.13553	4.37077	6.46962	5.3962200000000005	5.8367700000000005	7.16613	4.5044	0.0	0.0	0.0	0.0
Node 181		5.46503	2.27658	3.07036	5.8186	1.4914800000000001	1.55975	4.09782	1.7327100000000002	4.61988	4.1376	5.51085	2.76516	5.72797	2.7879899999999997	3.3545899999999995	4.445749999999999	5.09504	4.236009999999999	2.30751	0.0	0.0	0.0	0.0
Node 82		7.000330000000001	2.0632	5.79397	3.1118	4.8821900000000005	6.25532	5.2369699999999995	3.88298	3.54801	5.7504800000000005	2.58875	2.23843	5.38893	4.97631	6.93262	3.39702	4.70071	7.013850000000001	3.39098	0.8099999999999999	0.0	0.0	0.0
Node 41		6.348040000000001	2.69061	4.8707199999999995	6.27118	5.30429	3.1934299999999998	2.5757499999999998	4.59719	7.64739	3.9394699999999996	6.2144900000000005	2.23843	5.75655	3.5066	6.57527	3.17233	2.69291	5.11765	7.43547	0.0	0.0	0.0	0.0
Node 97		5.39193	3.55455	4.0145	6.33717	8.505550000000001	10.21035	2.42264	4.27459	2.21096	2.92524	3.8254	4.65254	5.76086	4.89367	2.94613	6.45497	2.45432	5.00439	2.9386200000000002	0.8099999999999999	0.0	0.0	0.0
Node 191		6.4046	4.73862	2.34869	2.30669	2.83189	3.09777	8.05714	3.10713	4.86298	1.5833400000000002	4.323119999999999	5.72773	3.9663999999999997	2.6650199999999997	3.89142	3.06865	5.05832	0.55144	4.68241	0.0	0.0	0.0	0.0
Node 42		4.08671	4.71685	9.110840000000001	2.98712	6.83223	4.80325	5.96386	7.93947	4.03863	8.15071	6.71698	5.79483	5.99969	6.06344	6.15506	2.8699700000000004	2.8606800000000003	6.66787	5.2366	0.53308	0.0	0.0	0.0
Node 84		3.3504199999999997	4.3428	6.5269900000000005	2.04487	9.929929999999999	5.43019	5.2769	5.94509	6.762110000000001	2.1275	2.38992	2.3974200000000003	7.98735	8.167810000000001	2.83495	3.41796	5.293769999999999	2.48098	3.50579	0.0	0.0	0.0	0.0
Node 120		3.5918699999999997	7.374790000000001	5.6964500000000005	6.473279999999999	1.5087899999999999	2.54645	4.04377	3.7910199999999996	5.5760700000000005	3.3961900000000003	7.98059	3.48602	6.47291	9.95364	5.8908700000000005	3.755	5.06369	4.4186700000000005	6.34429	0.0	0.0	0.0	0.0
Node 166		9.71605	5.02473	3.45686	2.58571	10.04417	5.20249	4.56646	6.045940000000001	3.0159100000000003	0.56495	4.9995199999999995	3.1745500000000004	5.02161	2.58994	5.99834	6.20422	5.497719999999999	8.38505	8.911570000000001	3.20429	0.0	0.0	0.0
Node 103		5.1483099999999995	5.0713	5.77358	3.19414	6.27968	2.04008	4.25615	3.72865	5.64822	3.514	5.79306	4.14114	6.681869999999999	5.11055	3.0052100000000004	6.15625	3.6738899999999997	3.45646	5.64708	0.0	0.0	0.0	0.0
Node 119		4.7020800000000005	1.7151699999999999	2.70094	3.0853800000000002	8.48251	8.0474	4.88032	3.3334	2.23535	2.82578	2.1494400000000002	2.21912	4.68555	2.2704999999999997	3.24498	4.45785	6.764340000000001	2.6231299999999997	8.85827	2.05065	0.0	0.0	0.0
Node 13		3.7414500000000004	2.0556200000000002	3.6569200000000004	3.98197	8.55497	5.817810000000001	4.8276699999999995	5.995749999999999	2.2820199999999997	5.86053	5.20354	3.67607	4.52042	5.6495299999999995	4.3248500000000005	4.69229	9.91207	5.63267	2.85501	0.8099999999999999	0.0	0.0	0.0
Node 81		3.6296099999999996	2.16108	2.6299	4.14818	6.23043	3.59755	6.643930000000001	4.1422	5.03457	3.18683	6.669840000000001	3.72367	2.3423599999999998	5.30186	3.01655	3.60592	4.48161	1.88713	4.929209999999999	0.0	0.0	0.0	0.0
Node 5		2.81653	5.97539	8.19922	5.00995	6.3729700000000005	5.4730099999999995	3.6834800000000003	5.11791	4.29845	5.429860000000001	4.67019	5.68832	3.2621900000000004	5.0772900000000005	1.52232	6.34884	6.0656799999999995	7.24636	6.207590000000001	0.9308500000000001	0.0	0.0	0.0
Node 21		1.37063	2.97226	4.05677	5.00495	3.11532	5.459689999999999	6.09736	4.04679	5.865460000000001	4.81042	7.76746	4.60572	1.1969	3.41803	1.52232	4.32885	2.49826	5.12838	2.98128	0.0	0.0	0.0	0.0
Node 165		7.460500000000001	7.87641	3.16817	5.35544	8.43729	5.88113	2.32953	2.53258	7.25264	2.27672	3.17483	8.08652	3.7306199999999996	6.83362	5.96612	6.4688	5.613449999999999	5.74695	4.088089999999999	0.53308	0.0	0.0	0.0
Node 117		7.85367	3.71294	5.32804	5.7403	4.62988	7.88602	2.96271	8.66512	4.88894	3.22863	5.38045	4.79783	9.68499	3.7448099999999998	6.1544099999999995	7.11628	4.71514	6.0908299999999995	5.79654	0.0	0.0	0.0	0.0
Node 197		6.494510000000001	4.99748	5.69668	3.09434	5.69747	1.4677900000000002	6.09819	2.77998	4.45215	4.47178	2.24626	3.09946	1.68204	5.4496	8.34346	2.89601	6.89216	6.14553	6.20943	0.8099999999999999	0.0	0.0	0.0
Node 121		6.48983	4.56713	5.27546	5.59777	6.74824	4.46324	3.8623200000000004	5.6056099999999995	6.10973	5.67804	2.90646	3.6883899999999996	8.06156	3.46319	5.4544299999999994	3.61872	7.29798	4.71333	3.83625	2.71837	0.0	0.0	0.0
Node 190		4.63461	3.65797	5.69972	4.02513	5.20113	10.0657	3.5562000000000005	3.6913799999999997	6.010009999999999	3.5761399999999997	2.43948	4.13339	3.9199400000000004	3.42658	6.758179999999999	4.71326	5.22302	4.1231	5.5334	0.0	0.0	0.0	0.0
Node 179		9.31915	2.5618	3.59576	4.85468	5.00465	4.42722	3.54018	5.0360000000000005	6.50877	3.45938	3.8535899999999996	4.75379	7.01785	2.52785	2.9176	4.4381200000000005	3.4233100000000003	3.82311	6.4366	0.9308500000000001	0.0	0.0	0.0
Node 87		8.39752	2.8201	6.842620000000001	4.08704	8.02121	4.979229999999999	4.18153	4.55608	7.03436	6.86235	2.5610299999999997	6.95749	3.8812699999999998	4.2670699999999995	4.08983	3.01361	2.4797599999999997	3.48105	4.51426	0.0	0.0	0.0	0.0
Node 0		3.1521399999999997	2.90498	5.953930000000001	1.8157400000000001	7.63045	6.601260000000001	2.6543799999999997	4.90921	4.35745	3.72433	3.19076	6.651949999999999	5.58929	2.0625299999999998	6.611079999999999	2.35605	5.35149	3.5917900000000005	4.14849	0.0	0.0	0.0	0.0
Node 36		7.57807	3.8961900000000003	4.22957	4.64626	5.77264	7.20643	3.18663	3.54639	2.51261	3.46904	5.747059999999999	3.14703	3.07521	7.04397	2.07091	2.12574	5.34298	4.37933	4.87076	1.7403600000000001	0.0	0.0	0.0
Node 142		9.41397	3.20304	5.05001	4.13319	7.178279999999999	6.397899999999999	6.78642	4.69766	3.78687	2.29119	5.54713	3.81105	6.156219999999999	1.55607	6.612850000000001	2.83772	5.22035	5.71903	4.07262	1.46344	0.0	0.0	0.0
Node 136		5.10599	5.3592	4.54427	5.0239	8.508989999999999	7.58329	5.19765	4.85114	2.45026	1.30892	3.7338799999999996	3.9848000000000003	4.92776	6.55012	4.94376	3.97054	4.80703	4.69564	5.44791	1.46393	0.0	0.0	0.0
Node 98		5.44902	2.33066	5.0085	3.72663	4.45468	9.234309999999999	5.8103299999999996	3.86556	5.17291	2.67245	3.98504	5.50409	8.32347	5.78312	10.92171	1.49287	3.0374499999999998	5.0160599999999995	6.42315	0.0	0.0	0.0	0.0
Node 143		5.318910000000001	4.02573	5.65773	5.11673	5.30178	0.6987	3.85512	6.346839999999999	2.90228	5.3941099999999995	5.518350000000001	3.62156	5.075670000000001	3.71307	8.304870000000001	6.771870000000001	2.40088	3.82836	2.0068900000000003	0.7885700000000001	0.0	0.0	0.0
Node 64		5.97344	2.5463199999999997	3.13559	4.07374	3.5475100000000004	3.4332000000000003	7.63457	4.64515	3.4343600000000003	4.16887	6.31163	1.23763	5.30345	0.77135	5.54013	4.38933	7.68245	8.03716	7.818110000000001	0.58672	0.0	0.0	0.0
Node 49		0.9022199999999999	3.1298	6.43535	4.9258299999999995	5.38646	3.8736399999999995	6.1203899999999996	5.98315	4.69655	3.5221299999999998	8.55789	5.34759	3.3105999999999995	5.37442	8.01295	5.38835	4.86728	2.46286	4.92496	0.9308500000000001	0.0	0.0	0.0
Node 195		3.99635	2.4989500000000002	3.12489	3.2243399999999998	3.6628399999999997	2.41587	2.84961	4.412640000000001	4.39987	2.68709	4.51595	1.49852	2.90265	4.89693	4.38957	2.31699	5.79696	5.0833200000000005	4.94586	0.9308500000000001	0.0	0.0	0.0
Node 147		5.10428	6.0302500000000006	4.0000599999999995	1.7408799999999998	5.17677	5.286919999999999	3.5950200000000003	4.24681	2.7321	2.06154	4.56571	5.32185	6.669569999999999	1.9915200000000002	3.00498	5.20041	5.57482	1.9544800000000002	5.59275	0.8099999999999999	0.0	0.0	0.0
Node 167		0.0	2.633	7.799580000000001	5.49109	3.00279	5.52618	4.0342400000000005	4.27982	4.66979	3.3011199999999996	2.9646	3.1073	6.19485	5.59846	5.44001	3.83229	5.07226	3.63498	4.3188200000000005	0.0	0.0	0.0	0.0
Node 32		7.96629	6.33514	4.50224	5.40019	7.1404	4.85461	6.19004	1.86226	4.86904	6.18335	7.42776	3.13879	3.58227	6.032830000000001	5.64935	3.03984	4.76621	7.57365	5.26917	0.0	0.0	0.0	0.0
Node 78		7.24467	4.86986	5.178710000000001	0.72441	7.6104	4.29538	5.663209999999999	2.97335	4.37383	5.3497900000000005	8.79134	3.96488	4.950559999999999	5.12265	3.30065	3.8878999999999997	4.07985	6.92145	6.57683	0.8099999999999999	0.0	0.0	0.0
Node 134		3.3533599999999995	3.3369299999999997	4.20751	4.350210000000001	5.17503	2.02747	4.0338400000000005	5.48281	5.41075	5.51497	6.76254	7.87596	7.02759	6.49146	5.96584	6.83376	4.19719	4.81918	5.0444700000000005	0.0	0.0	0.0	0.0
Node 164		2.57554	2.23789	4.35561	6.83066	6.502199999999999	4.16699	4.48054	7.90319	2.65346	3.87485	5.199610000000001	3.7738599999999995	6.392670000000001	3.38732	5.56351	2.00733	2.48232	6.85847	3.09637	0.9303600000000001	0.0	0.0	0.0
