Node 1		4.33212	6.30865	3.4846500000000002	4.3442	3.67291	1.61278	4.86058	4.3934	5.97759	0.9411400000000001	4.558050000000001	5.2540700000000005	1.6728699999999999	4.67448	4.60569	7.96295	0.67579	6.62563	2.39429	0.0	0.0	0.0	0.0
Node 80		2.90646	5.96924	3.3092499999999996	5.60076	2.22489	6.2564400000000004	3.1662999999999997	5.188079999999999	4.7550099999999995	5.5391200000000005	3.16176	8.03474	1.51799	2.1912399999999996	6.24197	3.82326	1.5594000000000001	5.91035	3.25793	0.0	0.0	0.0	0.0
Node 94		5.80421	4.54758	7.448309999999999	2.2449500000000002	2.33143	5.65818	1.6281400000000001	4.650259999999999	4.054320000000001	4.21854	3.97433	3.637	2.00217	4.40453	1.7254599999999998	2.25515	6.65351	6.31239	2.28613	0.0	0.0	0.0	0.0
Node 169		1.66413	3.6935200000000004	6.3717999999999995	4.03822	6.81137	6.14859	4.74814	5.522069999999999	2.01881	4.8452399999999995	6.279120000000001	6.64452	0.52886	1.2682799999999999	5.19071	4.66784	4.9473400000000005	4.48337	2.8039899999999998	0.0	0.0	0.0	0.0
Node 32		4.87508	2.50429	3.3056500000000004	2.29413	3.09001	7.337059999999999	3.3612999999999995	4.3835	4.292549999999999	3.02937	2.64047	4.43832	6.918100000000001	3.7691000000000003	6.09581	5.45693	3.06529	6.663130000000001	5.463620000000001	0.8099999999999999	0.0	0.0	0.0
Node 74		8.647499999999999	5.66723	4.96335	3.10169	2.84287	3.06847	4.50846	3.44757	7.63108	2.09388	8.797820000000002	5.06398	4.74792	0.75548	2.95118	4.08181	3.78676	2.0541799999999997	4.50266	0.0	0.0	0.0	0.0
Node 67		1.5981800000000002	5.99898	2.80872	6.90094	4.6691400000000005	4.1727300000000005	3.9781999999999997	6.06088	6.09286	4.07387	6.68873	3.86969	4.19764	4.053120000000001	4.04588	6.397709999999999	1.21259	2.47695	2.78373	0.0	0.0	0.0	0.0
Node 125		4.523689999999999	6.43538	3.60145	4.58293	4.6798399999999996	3.82453	3.24381	2.4728	5.82031	1.28495	2.11819	4.98059	1.8445099999999999	7.42385	6.10341	3.42077	7.22694	5.7995	3.3018400000000003	1.32165	0.0	0.0	0.0
Node 103		3.4065900000000005	4.13274	6.61917	5.00199	0.80609	6.72194	3.95459	4.97592	4.65702	2.87268	3.03428	5.46162	4.50971	2.28356	2.16685	5.09439	2.934	5.28736	3.13964	0.0	0.0	0.0	0.0
Node 26		5.99059	4.50882	6.362410000000001	4.37743	4.8371900000000005	4.82693	3.09612	5.24404	3.8432	3.1001600000000002	2.76994	4.03801	3.7384800000000005	4.04875	3.90721	2.43329	7.31199	4.91626	3.11348	0.0	0.0	0.0	0.0
Node 92		4.14263	2.8422099999999997	4.02522	4.91128	3.8709100000000003	6.21296	2.2985700000000002	3.1698299999999997	5.44179	2.87268	4.22364	3.1696799999999996	3.60186	0.90709	4.840590000000001	8.632380000000001	5.7800400000000005	3.3378699999999997	4.35345	0.0	0.0	0.0	0.0
Node 195		6.46135	5.15454	3.5554200000000002	2.77389	7.352989999999999	3.02507	1.32525	6.978090000000001	3.8819600000000003	5.28374	2.15337	2.91171	6.55424	4.41088	4.26246	5.53516	4.636690000000001	2.6003700000000003	6.16489	0.0	0.0	0.0	0.0
Node 29		4.052560000000001	3.17831	2.52943	3.8543000000000003	6.599670000000001	1.5739800000000002	6.85543	3.68958	3.82269	3.4342499999999996	3.85005	2.98549	4.38074	2.06901	5.686100000000001	2.9923100000000002	3.4859099999999996	3.8682000000000003	3.72685	0.7885700000000001	0.0	0.0	0.0
Node 119		5.0299000000000005	2.5083	4.143800000000001	6.055350000000001	2.40532	6.270480000000001	5.19604	3.5532	4.72551	1.44838	4.00032	5.68601	5.3851700000000005	5.72192	2.17232	5.51942	1.94896	3.25668	3.6482300000000003	0.8099999999999999	0.0	0.0	0.0
Node 22		2.17321	1.80852	3.1119	3.39301	6.7216	5.45505	4.51839	6.2831600000000005	5.16159	4.27325	2.6882099999999998	5.35904	1.92379	5.40973	2.37383	3.58256	5.733280000000001	5.6505	0.62721	0.53308	0.0	0.0	0.0
Node 15		4.43311	4.05502	2.37226	4.248749999999999	5.27276	5.98646	4.20145	3.71079	4.07313	4.0762	2.77894	5.93199	4.81271	3.8780099999999997	3.21945	1.61874	5.25431	5.79211	3.7928	0.58672	0.0	0.0	0.0
Node 88		5.96457	2.4950900000000003	8.46189	5.45105	2.89824	3.58765	3.4625999999999997	2.39385	2.9429600000000002	4.03303	6.48797	7.52731	2.41182	4.51154	3.8314399999999997	3.47294	2.8574800000000002	4.36169	1.47923	2.05016	0.0	0.0	0.0
Node 105		3.4738900000000004	3.68821	5.52172	1.11184	4.56699	5.7206399999999995	1.1914900000000002	4.87668	5.1948099999999995	0.8031	5.38866	4.6183700000000005	4.75758	2.30001	4.66272	6.55902	3.67486	2.20675	5.48353	0.0	0.0	0.0	0.0
Node 152		2.07997	6.55257	3.40139	4.990950000000001	3.77679	2.34484	3.8181800000000004	5.74554	4.4220500000000005	1.7804	6.151680000000001	3.0752800000000002	2.2007	4.28539	3.14893	5.66891	2.45647	1.88278	3.11565	0.0	0.0	0.0	0.0
Node 98		1.81914	2.13551	3.21915	3.5754599999999996	8.02816	2.32741	3.5654	3.8851999999999998	3.23252	4.48546	5.63999	7.2075	0.0	2.70616	3.03424	4.92027	5.50939	2.6863	7.818	0.0	0.0	0.0	0.0
Node 135		7.30789	3.05543	3.26778	5.69751	2.4055	4.01239	1.22807	7.68984	2.87359	4.22827	6.52668	3.56833	3.31568	2.17863	3.6652400000000003	3.8762	8.8538	3.58717	3.02331	0.0	0.0	0.0	0.0
Node 159		7.39543	5.47749	4.42497	3.3295600000000003	3.94525	4.92639	4.0958000000000006	3.74003	0.9337099999999999	4.13298	3.1809900000000004	6.813130000000001	4.0302	6.090389999999999	5.46226	2.44597	2.0859699999999997	5.15916	3.7610799999999998	0.9303600000000001	0.0	0.0	0.0
Node 65		6.5389	4.11884	1.54125	2.84402	8.108849999999999	5.3526	2.51674	5.66573	3.8736	2.3518399999999997	6.47475	3.38966	4.50298	2.2741000000000002	6.54426	6.65562	1.3537000000000001	2.8979	4.7281200000000005	0.53308	0.0	0.0	0.0
Node 89		5.290920000000001	3.12192	9.75452	4.0002200000000006	2.96199	3.1532699999999996	6.520560000000001	2.38247	3.86602	2.55213	8.77838	5.5894699999999995	2.7422	3.02325	1.7811299999999999	4.52688	5.02366	1.32041	4.10136	0.0	0.0	0.0	0.0
Node 177		5.51107	3.27712	6.608709999999999	3.15026	5.315849999999999	4.97801	2.04205	7.945589999999999	2.10934	4.58445	3.23826	5.43417	4.16526	3.62879	3.66982	4.04148	5.86791	1.1371600000000002	4.82131	0.53308	0.0	0.0	0.0
Node 134		6.24894	5.0158000000000005	6.58225	4.54987	4.64916	5.85894	0.76408	4.3230699999999995	6.66789	5.24758	6.20383	3.75653	3.58643	1.8452799999999998	6.21078	5.805210000000001	5.632079999999999	4.25776	4.71585	0.0	0.0	0.0	0.0
Node 155		6.92291	4.03109	3.7498400000000003	3.63729	3.90441	4.69428	1.7514800000000001	0.0	5.44227	4.1795800000000005	2.48548	7.237349999999999	3.9526199999999996	2.6087599999999997	3.9160100000000004	3.61326	7.969569999999999	0.68174	6.22846	0.0	0.0	0.0	0.0
Node 161		5.39547	1.9475699999999998	4.1013399999999995	5.18034	7.13345	5.746359999999999	3.7815399999999997	4.05553	2.6667199999999998	3.77275	6.83373	3.98373	3.5309399999999997	4.37638	6.02011	3.30332	5.24343	8.43758	3.7758399999999996	0.9308500000000001	0.0	0.0	0.0
Node 79		2.2599	2.344	4.56081	3.71314	8.96201	5.49723	4.46634	2.93867	3.31312	3.88381	1.81275	4.177630000000001	4.99168	2.6084199999999997	3.9975499999999995	6.373379999999999	4.17465	2.75317	4.84086	0.53308	0.0	0.0	0.0
Node 86		3.2485899999999996	9.54628	4.32125	4.47414	3.15287	5.634440000000001	3.9051099999999996	2.79727	7.201639999999999	2.23686	2.97137	7.59622	2.0936500000000002	3.1215699999999997	5.4321	5.64103	5.69456	1.09209	1.72983	0.0	0.0	0.0	0.0
Node 114		2.17103	5.661420000000001	3.7494300000000003	4.14034	2.1945900000000003	3.92989	6.268459999999999	7.59223	5.11088	2.80181	5.6655999999999995	7.38915	2.38147	1.2866199999999999	1.31543	2.6309	5.63073	2.53095	0.58672	0.7885700000000001	0.0	0.0	0.0
Node 41		4.01757	5.83809	5.2024	4.48311	4.0612	4.52323	3.31119	3.6072300000000004	4.30763	0.93385	6.31577	3.10207	1.67355	3.9293	5.13203	4.69583	6.02024	4.20707	4.2344800000000005	0.0	0.0	0.0	0.0
Node 157		3.9376800000000003	2.97261	4.73127	2.67504	5.88797	4.24233	3.4673599999999998	3.5888799999999996	5.836270000000001	7.07039	4.1687899999999996	4.31337	3.43186	3.4373099999999996	5.07615	2.45907	9.20312	1.51571	3.72636	0.0	0.0	0.0	0.0
Node 179		4.59189	6.73927	3.79264	3.09319	4.7599	4.92824	4.65756	5.50837	2.58721	2.93256	0.56495	3.637	1.7257600000000002	3.2383299999999995	3.94869	4.5055	3.99666	7.08917	3.5563900000000004	0.0	0.0	0.0	0.0
Node 113		1.25551	7.432980000000001	3.26587	2.84065	3.78816	2.69139	3.2808200000000003	3.6792100000000003	3.44513	3.02487	5.01147	2.83173	5.488790000000001	2.25509	6.07228	5.27811	4.196219999999999	2.83015	2.9872699999999996	0.0	0.0	0.0	0.0
Node 59		1.6812299999999998	3.9108700000000005	0.68074	4.8319	5.63408	7.6965900000000005	0.0	2.91682	4.02683	5.71814	5.72593	2.84711	3.4134200000000003	4.22486	4.30778	5.490670000000001	4.63555	3.8679400000000004	2.83649	0.0	0.0	0.0	0.0
Node 84		1.50974	2.11918	2.6129800000000003	2.69939	7.4503200000000005	3.7406300000000003	4.78097	7.77368	2.55919	3.3980900000000003	5.58594	4.78093	2.98609	7.06159	6.038	6.29547	6.9962800000000005	3.01496	1.3043799999999999	0.0	0.0	0.0	0.0
Node 168		4.20279	7.26537	6.28416	2.60621	2.95799	4.38773	5.1857500000000005	7.74894	3.5155199999999995	1.94054	4.89678	3.42451	5.36299	2.2893	6.37983	6.1740200000000005	4.68066	1.5732	3.02331	0.53308	0.0	0.0	0.0
Node 183		3.15483	3.8236	5.638780000000001	4.56782	5.97313	4.25342	1.1938900000000001	2.75013	4.74241	3.1780000000000004	2.44167	5.43036	2.62067	4.5162700000000005	1.73566	6.19573	3.75939	4.31905	2.19665	0.0	0.0	0.0	0.0
Node 187		1.30881	2.33669	4.9006	3.17314	6.15808	1.3073700000000001	3.4406899999999996	6.11402	3.7855	3.91402	4.17589	4.26002	3.10635	0.75548	2.09891	4.72912	2.1859	3.93948	2.11438	0.7885700000000001	0.0	0.0	0.0
Node 182		1.61156	1.17467	6.77065	5.4143	5.93677	6.817380000000001	5.4267	3.5217400000000003	3.48583	2.2427699999999997	7.72435	4.48421	5.23512	0.75548	1.151	4.6902	2.36496	2.6969	4.54364	0.9308500000000001	0.0	0.0	0.0
Node 71		3.79434	3.8545700000000003	4.72865	5.37279	4.1772	5.08194	2.0376700000000003	2.5779199999999998	3.19845	3.7014699999999996	4.668010000000001	4.78585	3.4366399999999997	3.09301	1.53553	7.19496	10.05164	0.58572	3.79101	0.7885700000000001	0.0	0.0	0.0
Node 61		3.07958	6.00929	7.6985399999999995	1.8145499999999999	3.77137	1.53604	4.8207	3.75326	3.71646	3.4487200000000002	4.47777	5.133780000000001	2.94465	3.9296499999999996	4.71554	6.474969999999999	3.7033499999999995	5.37329	2.98101	0.0	0.0	0.0	0.0
Node 106		2.48163	1.39949	2.4228300000000003	3.6086	2.35243	6.36229	3.94642	2.68436	6.1991	2.89791	3.2624899999999997	4.205509999999999	4.98702	3.1801700000000004	6.0788	3.1208799999999997	4.13589	4.6784300000000005	6.67914	0.0	0.0	0.0	0.0
Node 73		1.6812299999999998	1.50729	3.4846500000000002	6.467739999999999	5.53008	3.69569	2.18662	5.65401	4.6789	3.74149	1.5836800000000002	3.9682500000000003	7.16588	1.4267	6.27418	4.72044	4.98522	5.80438	3.54059	0.0	0.0	0.0	0.0
Node 104		0.63877	5.76772	4.1162	3.9415	3.41435	2.51843	3.04485	6.82377	2.1124899999999998	2.7994399999999997	7.285030000000001	3.37075	4.9920800000000005	2.56425	6.289839999999999	5.072900000000001	4.67502	5.46038	2.48842	0.0	0.0	0.0	0.0
Node 154		3.2688099999999998	3.37855	6.4903699999999995	4.6761	1.76543	4.07655	6.24341	5.50837	4.57623	2.45695	2.42658	2.24273	5.28777	2.27596	4.65606	9.2828	4.7804899999999995	1.8879799999999998	4.08223	0.0	0.0	0.0	0.0
Node 9		4.46131	4.45749	6.9742	4.50178	6.2818700000000005	8.34298	2.90064	7.47623	1.3234	2.43938	6.61609	7.55499	5.34175	4.742509999999999	4.7434400000000005	5.05208	3.4014	6.123880000000001	3.77462	0.0	0.0	0.0	0.0
Node 34		5.311380000000001	4.6815299999999995	9.01535	1.57498	2.9008	4.330019999999999	1.32525	2.06377	4.054320000000001	3.08586	4.09935	9.82733	5.77567	3.44011	3.10869	4.85292	4.23218	3.97454	4.04787	0.53308	0.0	0.0	0.0
Node 75		5.00342	4.228289999999999	2.69851	6.13061	3.76697	4.005240000000001	0.0	2.4728	2.97708	2.94825	6.49678	6.277570000000001	7.46612	4.22902	3.26083	7.46281	8.69418	3.2987	3.72685	0.0	0.0	0.0	0.0
Node 158		3.39047	6.08472	6.35506	4.82634	4.3417200000000005	5.36392	2.64187	4.0239400000000005	2.16271	2.93256	4.57484	2.6558100000000002	4.77831	4.610390000000001	2.44197	3.87669	2.2479	1.52698	3.9928600000000003	0.0	0.0	0.0	0.0
Node 4		4.702039999999999	6.669700000000001	2.91434	1.4005999999999998	4.96814	4.04037	3.21059	4.518599999999999	8.08521	1.5231	4.98082	7.60402	4.87275	3.06997	3.03119	5.27887	5.30942	2.16459	3.4104200000000002	0.9303600000000001	0.0	0.0	0.0
Node 20		2.56585	4.52006	5.64679	3.90752	6.391189999999999	5.70915	1.92064	2.7186399999999997	2.5242	3.47136	6.37918	2.99325	3.5059600000000004	5.33376	3.60403	3.3739600000000003	4.34098	3.21997	5.20866	0.0	0.0	0.0	0.0
Node 111		4.00047	8.61642	4.23023	6.26017	5.41308	6.21049	3.06912	4.97808	2.9429600000000002	2.08805	6.13229	6.52483	1.6198899999999998	4.48428	3.40186	2.5069	5.09924	4.35989	1.9497400000000003	0.0	0.0	0.0	0.0
Node 170		5.3358799999999995	2.6489700000000003	5.148549999999999	5.40409	5.2688	1.7082199999999998	4.17811	7.13983	1.6604500000000002	5.7824100000000005	7.86603	4.71366	6.9967299999999994	1.97692	4.36348	3.09001	6.10299	7.902159999999999	3.9399499999999996	0.0	0.0	0.0	0.0
Node 69		1.6069799999999999	4.04039	4.55855	2.41337	5.25585	2.6791	3.42296	3.6676599999999997	3.0356199999999998	0.8031	4.66838	5.29611	4.60001	1.2866199999999999	7.46545	5.66125	7.979410000000001	3.60631	3.7668500000000003	0.0	0.0	0.0	0.0
Node 160		3.23201	4.12559	2.25139	2.1197500000000002	5.07883	7.95766	2.78614	5.3410899999999994	3.96441	3.81753	4.14464	4.35438	4.43351	1.75816	3.23482	5.11498	4.56269	2.7643299999999997	5.46144	0.0	0.0	0.0	0.0
Node 19		2.31664	6.96927	1.68686	5.3602	4.56699	5.54499	3.7685299999999997	5.50837	2.25892	6.12855	3.2640700000000002	3.75829	4.80715	4.12651	4.54225	3.8857299999999997	5.927099999999999	3.9857299999999998	5.0772200000000005	0.0	0.0	0.0	0.0
Node 116		4.55202	2.28019	5.64679	3.93839	6.19944	3.0420800000000003	2.16134	2.24164	1.80313	6.04218	4.20831	8.12481	5.4783100000000005	1.87657	3.67269	3.51819	3.3571999999999997	2.79162	3.93955	0.8099999999999999	0.0	0.0	0.0
Node 175		5.84663	5.98425	1.7601499999999999	4.49572	2.55315	3.76926	4.8625	6.348800000000001	0.53844	2.22463	4.83995	5.92918	5.238729999999999	4.18683	5.1723	6.37538	5.2867	4.21444	5.51173	0.0	0.0	0.0	0.0
Node 196		1.6523800000000002	2.98984	5.90212	3.75992	6.19901	4.81033	3.80011	7.95256	4.92847	3.62575	5.19802	2.27716	5.73202	5.1492700000000005	6.794219999999999	8.764710000000001	2.7732300000000003	3.1063199999999997	5.20288	0.9303600000000001	0.0	0.0	0.0
Node 124		5.97304	3.4907	3.6201600000000003	2.2389900000000003	6.21009	0.9273699999999999	5.53273	0.0	3.98725	2.59028	1.4965300000000001	3.51515	2.98414	3.68825	2.4895	8.72828	3.60775	2.7735	4.90446	0.0	0.0	0.0	0.0
Node 12		3.37151	6.19472	3.19608	3.01561	4.6495	7.07204	2.67152	6.10774	4.48726	2.2355400000000003	2.61522	6.811100000000001	8.1987	1.28729	2.99964	4.3994800000000005	6.2437	6.9051100000000005	2.21426	0.0	0.0	0.0	0.0
Node 95		8.642149999999999	4.0312	1.91483	6.0317799999999995	4.3236799999999995	4.1693500000000006	1.6257400000000002	4.760149999999999	4.14939	3.17071	4.994479999999999	4.8091099999999996	2.1328300000000002	0.75828	5.30888	5.3417699999999995	1.88286	4.38297	3.22621	0.0	0.0	0.0	0.0
Node 38		3.7313399999999994	6.06708	0.89593	3.05518	3.00292	4.48777	4.37474	5.9245399999999995	2.84964	0.0	4.15951	4.91053	3.23395	2.4542	5.94796	2.9909499999999998	5.17517	3.8833399999999996	5.21439	0.53308	0.0	0.0	0.0
Node 164		5.919230000000001	4.79507	4.81056	4.85299	5.39795	4.14687	4.3795399999999995	4.17723	3.4259699999999995	4.3729499999999994	5.16369	3.8184799999999997	5.00089	3.86214	6.09919	2.24237	1.21259	3.5432900000000003	5.31716	0.53308	0.0	0.0	0.0
Node 39		5.53734	4.517469999999999	5.0814699999999995	3.9212200000000004	5.46397	3.1711499999999995	6.81541	5.14142	5.22773	4.21467	4.53805	5.34159	4.34643	2.2578899999999997	2.1437500000000003	3.17656	4.6075800000000005	2.86433	5.0898699999999995	0.0	0.0	0.0	0.0
Node 46		4.027080000000001	3.0214000000000003	4.197900000000001	2.52062	4.52242	6.05204	3.79519	3.08025	1.2645	3.02878	1.23763	5.85877	6.01589	1.29675	5.6997800000000005	3.6929499999999997	5.86484	3.98493	2.71837	0.8099999999999999	0.0	0.0	0.0
Node 143		3.7124200000000003	4.41511	5.88883	5.85286	3.08029	4.34131	2.61204	7.23832	3.44847	2.23686	4.72841	4.0684499999999995	2.44751	1.9606	7.73403	7.886229999999999	3.6874700000000002	4.2232899999999995	6.61726	0.0	0.0	0.0	0.0
Node 194		6.08065	5.08563	0.89225	4.17973	6.85605	3.7784	2.59809	4.37725	5.39888	2.6761500000000003	4.10407	5.86772	3.1883500000000002	3.39572	3.03151	5.73311	7.62123	5.4761	3.1295499999999996	0.53308	0.0	0.0	0.0
Node 13		6.673419999999999	2.9525699999999997	6.14467	5.013730000000001	6.74273	2.6333100000000003	2.1344	3.1686400000000003	2.87425	1.4337600000000001	9.5836	6.561069999999999	4.46455	1.9578000000000002	1.29585	2.11029	3.3930599999999997	2.69221	2.53321	0.0	0.0	0.0	0.0
Node 3		3.44322	4.13719	3.4653499999999995	1.23372	3.0132499999999998	3.8588999999999998	3.54101	3.41655	7.21221	4.9544	4.4109799999999995	5.28717	3.8399799999999997	4.65672	1.48402	2.8607	4.55339	5.42695	3.8428400000000003	0.9303600000000001	0.0	0.0	0.0
Node 63		5.16807	2.29922	4.32464	5.03401	3.5106699999999997	4.70707	4.05514	7.0124699999999995	4.95361	2.65503	8.58587	6.780849999999999	4.3343	6.2283	6.65164	3.4036299999999997	4.20699	2.01181	4.12924	0.53308	0.0	0.0	0.0
Node 78		1.53444	5.869	4.49521	4.56811	3.13264	4.23971	2.61962	1.41242	4.8615699999999995	3.4053	6.699520000000001	2.7855600000000003	3.13072	4.53238	3.44745	2.12574	6.00029	2.87762	2.90153	0.7885700000000001	0.0	0.0	0.0
Node 122		3.4163699999999997	3.91925	5.05543	3.50092	2.35243	6.350980000000001	1.9591	4.6149700000000005	3.00549	2.2825499999999996	7.2675600000000005	6.6285	1.6556600000000001	2.56115	4.86347	2.47823	7.4394100000000005	4.29981	4.27499	0.0	0.0	0.0	0.0
Node 58		3.66851	4.04721	5.82636	4.00624	3.66964	5.770490000000001	4.21816	5.89174	4.15812	0.94965	4.11976	4.9864	6.58703	4.04906	2.1618	4.87969	3.06297	3.97655	3.7391599999999996	0.0	0.0	0.0	0.0
Node 90		4.052560000000001	6.66225	4.14609	3.7575900000000004	3.6739599999999997	2.97591	6.55032	5.11599	1.80277	1.73695	7.20668	5.74315	1.29464	3.59084	5.98729	4.48442	2.32856	2.84739	1.2147	0.9303600000000001	0.0	0.0	0.0
Node 156		3.89616	2.45972	3.32913	2.24397	4.23071	4.52323	1.32147	4.70755	4.56755	4.455	0.9180799999999999	2.30572	4.30649	5.03913	2.65999	2.95696	1.3537000000000001	4.18855	3.27758	0.0	0.0	0.0	0.0
Node 23		3.3176700000000006	5.077	3.0920099999999997	3.2352499999999997	1.38494	4.25913	2.52212	7.179779999999999	2.6967499999999998	2.38542	4.83165	5.3876800000000005	3.04281	5.40552	6.862830000000001	3.75832	3.3078200000000004	2.03615	4.38121	0.0	0.0	0.0	0.0
Node 174		4.34387	5.23039	5.29952	3.0810299999999997	4.19229	4.07917	5.88483	5.99325	3.8935299999999997	2.36841	3.1223	7.281600000000001	4.75735	6.45097	3.3530200000000003	4.559699999999999	8.084389999999999	5.67512	4.34258	0.0	0.0	0.0	0.0
Node 6		3.68548	3.77312	5.31537	8.47762	4.71995	5.26412	1.9615	2.5791999999999997	2.75934	3.7557899999999997	4.39672	4.791399999999999	4.48444	6.771249999999999	5.25066	4.56766	1.94896	5.36577	1.3043799999999999	0.9308500000000001	0.0	0.0	0.0
Node 31		3.97816	3.31871	4.0661700000000005	2.96129	2.98958	1.54653	2.5564	4.17821	3.2869500000000005	1.8917599999999999	3.25535	4.10031	6.32939	3.29669	3.04332	3.6869300000000003	6.0831	4.77797	3.71446	0.9303600000000001	0.0	0.0	0.0
Node 66		2.35247	6.15756	3.31508	5.33257	1.2857800000000001	3.31496	1.29645	4.9287	2.9429600000000002	4.05272	9.52932	1.33599	1.2595	1.7265	6.107810000000001	5.45221	5.25648	4.7586	4.98167	0.0	0.0	0.0	0.0
Node 35		2.15454	3.48702	6.54879	1.9214599999999997	4.93931	5.72039	1.91722	4.70426	2.79471	2.45071	5.91131	4.27323	3.5279900000000004	3.0674300000000003	1.9045200000000002	4.52032	2.4016599999999997	3.71476	2.67121	0.0	0.0	0.0	0.0
Node 100		5.336670000000001	7.111199999999999	4.44179	2.1230700000000002	3.2391799999999997	5.30862	4.66085	1.85642	3.6364300000000003	4.42407	4.08192	3.8541499999999997	4.2029499999999995	1.76207	4.40949	5.72466	2.19763	4.46054	2.0247	0.0	0.0	0.0	0.0
Node 162		6.478739999999999	3.75286	5.07937	2.9827	5.45334	3.11035	3.9170700000000003	3.3936	2.79484	3.94442	5.047009999999999	6.21986	5.44643	2.40351	5.20843	4.02533	5.0233	2.4533	0.8099999999999999	0.0	0.0	0.0	0.0
Node 10		4.69066	7.39057	3.73951	3.8810499999999997	1.3196400000000001	3.97943	1.94053	2.2472700000000003	4.47764	3.88804	3.36772	7.640070000000001	6.833309999999999	4.38216	4.218170000000001	3.6182100000000004	4.86942	4.88018	2.30565	1.51708	0.0	0.0	0.0
Node 81		3.09212	0.9051699999999999	4.38894	4.41476	2.30422	4.2808	2.4663	3.10451	4.93533	6.37894	5.39988	2.87784	3.91139	6.0098400000000005	4.99015	3.1577300000000004	2.33874	1.4927	2.44612	0.0	0.0	0.0	0.0
Node 91		3.84881	2.38619	3.16633	6.08528	2.77284	6.49995	0.7124199999999999	4.87803	3.07748	4.23491	6.19633	2.93382	4.87927	1.2866199999999999	1.56793	3.90476	1.3537000000000001	2.00846	5.08493	0.53308	0.0	0.0	0.0
Node 8		3.84661	9.11411	2.4665	2.8395799999999998	4.19229	3.06847	3.17726	5.02611	4.60999	4.982679999999999	5.838970000000001	2.23905	1.3278699999999999	3.5392	6.80545	6.0191799999999995	7.21198	3.6009800000000003	5.27455	1.3967200000000002	0.0	0.0	0.0
Node 167		2.10765	4.327389999999999	3.26311	1.6185600000000002	2.81197	8.10274	3.27485	4.17726	4.96049	3.1277	6.26692	4.30114	2.69463	3.1998699999999998	3.2390299999999996	2.87777	3.2927699999999995	5.62116	3.07514	0.7885700000000001	0.0	0.0	0.0
Node 101		4.33699	6.0013700000000005	3.9736100000000003	4.04622	3.3536099999999998	4.8614	4.73578	4.18147	5.7902000000000005	1.6634099999999998	5.15726	7.195550000000001	5.43985	2.03575	4.41936	5.16796	4.07136	7.21048	2.49167	0.0	0.0	0.0	0.0
Node 110		6.05408	3.23262	4.07146	4.29321	2.6661	6.434429999999999	5.06089	4.42364	2.40508	2.06958	3.61594	5.23437	2.87122	0.90709	6.811789999999999	4.70982	3.39196	4.85181	3.25793	0.0	0.0	0.0	0.0
Node 180		3.3911499999999997	3.5515499999999998	3.9735899999999997	2.69394	6.01058	4.68656	4.41966	5.43405	4.11189	4.56632	3.09994	5.5453	2.90926	2.98534	2.70643	3.52371	3.86376	3.25194	3.0091900000000003	0.0	0.0	0.0	0.0
Node 191		3.38146	3.612	2.41008	1.81096	2.91423	4.68515	5.4484699999999995	4.40092	1.89713	2.36761	5.85465	8.349829999999999	3.5309399999999997	5.51314	4.27993	5.4195	9.2439	5.9297200000000005	6.17092	0.53308	0.0	0.0	0.0
Node 37		4.5443	2.633	5.1724	3.7451	5.0643899999999995	5.37121	2.56411	3.22736	4.54885	2.65259	6.545769999999999	4.52515	1.56479	2.49785	3.76889	5.50995	4.85699	1.52698	4.65721	0.0	0.0	0.0	0.0
Node 54		3.7408099999999997	4.18485	3.2717799999999997	7.070819999999999	3.55288	6.952	4.32353	3.95398	7.1371199999999995	3.6187400000000003	3.1314300000000004	3.2059699999999998	2.11878	4.26133	1.31065	2.89829	6.46195	5.28693	2.52893	0.0	0.0	0.0	0.0
Node 99		3.75948	4.06808	5.97617	2.72417	1.91551	3.26672	6.818169999999999	4.35059	1.3601800000000002	4.2351600000000005	4.1893899999999995	4.8804	3.048	2.13257	2.49317	3.1797199999999997	5.76976	4.95699	2.80773	1.46344	0.0	0.0	0.0
Node 40		5.1852	5.70573	3.29372	5.40067	5.55341	4.55099	2.9795499999999997	3.0040500000000003	4.48499	1.6549	2.49957	3.49343	5.72185	6.15189	4.6418	3.6881200000000005	6.418889999999999	5.25361	2.23523	0.0	0.0	0.0	0.0
Node 151		6.24216	3.35269	3.19023	3.54181	4.080360000000001	6.8194099999999995	3.8513800000000002	0.94646	2.6223	3.0301	4.94341	5.17334	5.99963	4.6003	4.67243	4.92027	4.6604	4.0274600000000005	5.53453	0.0	0.0	0.0	0.0
Node 165		4.420990000000001	7.2287799999999995	6.62247	4.67678	5.62333	0.85912	3.27173	2.6633299999999998	2.14649	3.5864399999999996	0.64885	5.44287	3.67418	5.29373	5.12873	3.19356	5.287780000000001	4.89026	2.79686	0.0	0.0	0.0	0.0
Node 21		4.2030199999999995	2.30457	3.5322	5.94817	5.9949200000000005	6.1494800000000005	2.91357	2.23264	4.28053	3.17071	2.65579	6.03403	2.38196	3.24512	5.7323699999999995	7.61304	3.97396	5.08314	4.3578600000000005	0.0	0.0	0.0	0.0
Node 141		2.85406	4.81795	4.68197	1.38882	3.2292099999999997	4.59863	3.3992799999999996	5.939769999999999	3.57038	4.1841	3.1645399999999997	4.69616	4.31999	1.4382300000000001	2.18714	4.66795	7.735939999999999	4.30483	6.02815	0.0	0.0	0.0	0.0
Node 139		7.8615699999999995	6.4871	5.670780000000001	3.06504	3.08622	3.10967	1.1914900000000002	6.536899999999999	9.08625	3.4846299999999997	4.00212	5.84057	3.4959200000000004	3.62546	1.46815	5.9094	4.093929999999999	3.55887	5.578799999999999	0.53308	0.0	0.0	0.0
Node 188		4.88309	3.6658299999999997	5.13655	4.47634	3.4995199999999995	4.60021	4.42352	3.76926	4.94775	3.76745	3.99045	1.5265499999999999	4.24007	5.32222	3.6639199999999996	5.371560000000001	0.52533	0.94126	2.11438	0.0	0.0	0.0	0.0
Node 51		3.37701	4.60858	5.63772	3.2855000000000003	4.28976	5.10961	2.74602	2.7930300000000003	0.0	4.20876	5.676889999999999	6.55574	5.28159	5.57975	3.14893	3.02677	1.41012	6.26732	1.58618	0.0	0.0	0.0	0.0
Node 97		2.99357	2.15068	5.81502	3.88299	4.62427	5.26839	6.1026	4.64222	1.5789000000000002	2.94996	3.19283	4.97154	0.60098	0.7491300000000001	3.9551299999999996	3.7323299999999997	3.5598400000000003	3.8723599999999996	3.0238	0.0	0.0	0.0	0.0
Node 127		2.0208899999999996	2.95051	4.40716	3.05822	6.71223	3.40372	5.27027	4.30009	2.71209	7.1624300000000005	6.7179400000000005	4.72908	1.4958900000000002	5.12451	1.49629	6.57818	3.6309899999999997	2.81107	3.5203499999999996	0.0	0.0	0.0	0.0
Node 130		6.05457	0.57738	5.00199	4.01206	4.56441	4.5515	3.82239	3.8294799999999998	2.01889	2.2240599999999997	0.9219099999999999	3.7387099999999998	6.2489099999999995	1.75087	4.28052	4.8259799999999995	3.32696	3.2976199999999998	1.51708	1.46344	0.0	0.0	0.0
Node 45		4.26605	4.15012	4.29222	6.058050000000001	6.18006	3.8134	2.2478499999999997	5.78121	4.1671	8.02871	4.76089	2.81305	3.8032299999999997	1.7484199999999999	4.436	7.50878	7.15202	5.34643	2.23523	0.0	0.0	0.0	0.0
Node 190		4.59614	3.68335	4.02047	3.89537	4.97454	6.61325	4.89649	3.4939699999999996	1.63082	2.99539	2.73225	6.92169	3.36344	2.77398	7.373589999999999	4.48705	3.31062	4.35042	2.44793	0.0	0.0	0.0	0.0
Node 133		5.1924	5.5067900000000005	4.08833	4.25462	0.0	4.73551	1.3462699999999999	2.86001	2.68184	4.48322	4.622459999999999	6.36164	3.7723899999999997	3.5953899999999996	4.43195	6.77977	5.9159999999999995	4.44984	7.3509199999999995	0.0	0.0	0.0	0.0
Node 48		3.08463	4.800009999999999	2.4228300000000003	3.567	4.00157	5.28146	4.32125	5.83082	4.2366	2.98951	2.32252	4.91918	4.31043	4.7620000000000005	4.47438	8.5419	3.7801	5.37329	2.33798	0.0	0.0	0.0	0.0
Node 126		2.07858	6.16681	4.076090000000001	5.072900000000001	2.9965599999999997	3.80635	6.3123	3.95654	5.15782	2.23686	1.7337399999999998	7.335719999999999	3.4526000000000003	6.19832	4.1545499999999995	8.62155	6.092709999999999	2.91138	3.73565	0.0	0.0	0.0	0.0
Node 163		5.48582	2.3326	4.9407	3.65783	3.60318	5.13431	3.89959	2.3859600000000003	2.70091	5.67461	3.7689500000000002	6.14438	1.2928	0.75828	3.7520100000000003	1.37913	7.77308	1.16017	5.094	1.86121	0.0	0.0	0.0
Node 186		5.42195	4.43578	4.35489	4.37822	4.595409999999999	7.55122	6.09942	3.5963000000000003	3.8919200000000003	3.2345400000000004	0.0	7.02715	3.6392800000000003	2.20958	7.05179	3.9462900000000003	3.3869499999999997	3.61407	4.79021	0.53308	0.0	0.0	0.0
Node 2		7.50094	4.99258	2.47911	2.2181200000000003	4.544490000000001	4.53334	3.03674	3.4825299999999997	2.4248700000000003	1.93895	3.26285	7.4992	4.13532	3.8670400000000003	3.9526600000000003	2.72729	6.14323	4.93123	3.22777	0.7885700000000001	0.0	0.0	0.0
Node 132		4.51709	3.7194199999999995	2.45457	1.45183	3.8989599999999998	5.26412	1.1914900000000002	4.22707	2.90397	2.3518399999999997	5.88621	2.26079	2.8780099999999997	6.0871	1.57186	7.7775	2.70081	3.0678400000000003	3.8360499999999997	0.0	0.0	0.0	0.0
Node 64		2.52848	3.23706	9.02454	6.738919999999999	3.8709100000000003	5.07997	3.89807	5.77534	4.80293	3.17453	7.31535	4.6536800000000005	2.79546	4.3512	3.47279	3.03684	3.6368400000000003	4.07629	3.3472099999999996	0.0	0.0	0.0	0.0
Node 17		4.74864	4.53709	3.20675	5.74801	2.2931500000000002	4.25806	2.63193	0.67434	3.9554400000000003	4.6605	3.5788699999999998	6.293010000000001	2.88456	2.48182	5.60047	2.44687	3.84446	2.75603	2.86606	0.0	0.0	0.0	0.0
Node 148		4.36458	4.75965	5.028239999999999	3.5766899999999997	4.9217900000000006	7.38485	2.75351	3.9966	4.77076	3.64872	4.88091	6.36669	4.32429	4.12084	2.8937399999999998	4.41531	3.32714	3.4760600000000004	4.6313699999999995	0.0	0.0	0.0	0.0
Node 149		4.92958	3.2685	2.28673	6.8743	4.58891	3.2095	2.71722	4.41108	4.03482	2.45071	1.52178	5.11204	4.46728	8.796479999999999	2.0777	2.34738	6.584	4.3838099999999995	1.9043500000000002	0.9308500000000001	0.0	0.0	0.0
Node 93		4.57972	4.45749	4.66648	2.12695	4.05128	3.282	3.48903	7.14318	6.090199999999999	1.50609	4.93556	8.043759999999999	5.43436	3.4932499999999997	2.6968900000000002	6.11835	4.6410100000000005	1.23932	3.73108	0.0	0.0	0.0	0.0
Node 30		2.84162	1.6821800000000002	3.32404	4.00448	7.6501	3.27634	4.65923	3.64963	3.68762	2.71181	3.0653300000000003	2.53116	4.88996	1.49961	3.64509	3.7069900000000002	4.79375	4.31742	3.72636	0.7885700000000001	0.0	0.0	0.0
Node 153		3.74417	2.64521	4.98431	5.1566399999999994	5.85901	2.08378	2.78097	1.38696	4.07313	2.23686	2.42658	3.9668099999999997	1.42936	4.69071	1.6232300000000002	8.48063	4.37199	4.53237	3.1295499999999996	0.0	0.0	0.0	0.0
Node 108		3.1460000000000004	2.08571	6.9226399999999995	3.52116	4.9764	5.46154	4.01954	3.48677	2.38651	3.5457799999999997	5.67457	4.02475	5.961790000000001	3.0289900000000003	3.89202	5.12233	6.00059	2.15419	2.9851	0.0	0.0	0.0	0.0
Node 53		7.37698	4.36425	3.21744	6.28364	6.37973	5.90816	4.1150199999999995	3.81506	3.7946100000000005	1.98718	5.76583	4.80217	3.5358899999999998	2.22287	5.73461	4.144620000000001	4.20957	1.42482	0.58672	0.0	0.0	0.0	0.0
Node 87		2.15454	5.22421	4.16623	5.6067	5.445259999999999	2.83387	2.71482	6.24034	5.137980000000001	3.57272	4.81997	5.99242	2.14875	3.4923999999999995	5.0285	4.09882	5.34464	2.2843999999999998	4.62997	0.0	0.0	0.0	0.0
Node 115		4.18483	7.16043	7.89914	1.60143	1.8195200000000002	4.14163	4.4363600000000005	5.99745	6.320860000000001	2.66594	5.84844	5.07648	2.23496	5.0807400000000005	5.12064	5.570930000000001	2.1859	1.20115	4.84411	2.13165	0.0	0.0	0.0
Node 0		1.44317	4.255260000000001	0.62761	5.05426	6.797159999999999	5.47543	1.88289	4.15768	3.56421	4.60333	6.98214	3.10921	1.46554	5.95135	5.95605	2.35346	3.2711499999999996	5.0780400000000006	5.87332	0.9308500000000001	0.0	0.0	0.0
Node 120		5.254770000000001	6.9737800000000005	3.13912	5.19229	2.82998	5.731669999999999	3.7491999999999996	2.33854	5.0489	2.86686	2.06832	6.1163099999999995	6.24699	7.41266	2.64032	4.962359999999999	3.59073	3.1260700000000003	3.3528299999999995	0.0	0.0	0.0	0.0
Node 145		4.44528	4.1762500000000005	3.1821	5.52553	0.78836	4.07498	3.89783	3.4191100000000003	6.07391	4.04742	6.22628	4.9166300000000005	3.15624	5.72468	2.7661700000000002	3.02513	6.02317	2.24345	3.3888700000000003	0.9308500000000001	0.0	0.0	0.0
Node 96		4.1559800000000005	2.06239	4.0207	3.92447	7.63799	4.07236	1.32147	3.07694	6.162920000000001	5.20724	7.44797	4.00192	4.00465	2.14581	3.01002	6.8063899999999995	7.11208	1.95142	6.2885	0.9308500000000001	0.0	0.0	0.0
Node 181		4.61383	3.47108	5.60026	3.5223999999999998	5.413749999999999	3.54049	3.72394	0.85667	3.69515	4.0862099999999995	4.38953	2.67966	2.41182	1.84855	4.70041	4.8862000000000005	1.20707	2.4674	5.25119	0.0	0.0	0.0	0.0
Node 123		2.66523	1.7297699999999998	6.78233	4.5871	2.65999	5.55966	1.2590999999999999	2.05688	5.30455	5.707199999999999	2.3107699999999998	6.421780000000001	3.6077	2.0300100000000003	1.50461	8.632819999999999	6.2814	3.64835	3.71442	0.9308500000000001	0.0	0.0	0.0
Node 138		6.10808	3.7052099999999997	5.54892	2.2008300000000003	6.806280000000001	3.42677	0.63385	4.08124	4.69315	3.3793499999999996	5.60124	3.51515	3.13072	3.8305100000000003	3.5625299999999998	4.6508199999999995	0.8283699999999999	4.2173799999999995	2.53797	0.0	0.0	0.0	0.0
Node 28		2.0514799999999997	4.041399999999999	4.0497499999999995	6.03912	3.7473899999999998	3.96879	3.39421	2.55716	5.590669999999999	3.3137800000000004	6.27302	4.36561	3.06097	5.02386	1.31067	4.55289	3.11161	5.49527	4.04384	0.58672	0.0	0.0	0.0
Node 136		6.4024600000000005	1.6598000000000002	5.3125	6.5468399999999995	3.95381	6.96553	4.93605	3.3936	2.0238699999999996	3.2972599999999996	3.15543	3.78957	5.35854	2.75485	2.2495000000000003	3.20027	1.50739	1.31145	1.9874699999999998	0.0	0.0	0.0	0.0
Node 70		4.47338	6.04997	6.64101	5.59095	4.68424	2.4558400000000002	6.166259999999999	1.33243	4.5123299999999995	4.68442	4.04027	2.76674	3.39079	5.40836	4.69613	3.9125600000000005	7.71218	2.89119	4.50349	0.0	0.0	0.0	0.0
Node 33		2.5951999999999997	4.7045900000000005	3.58241	2.40865	4.90323	3.42301	2.08097	9.0362	4.38595	1.4337600000000001	5.10548	6.69089	3.4526000000000003	2.24857	3.1035	3.7674399999999997	2.7227	2.29693	3.03296	0.7885700000000001	0.0	0.0	0.0
Node 18		6.18411	4.45749	4.4693499999999995	4.5401	3.95061	5.50396	3.45735	5.76346	4.722790000000001	2.00454	0.64885	4.05134	5.1817	5.41948	1.6167	4.87789	7.26516	1.6589199999999997	4.94266	0.0	0.0	0.0	0.0
Node 131		7.0826899999999995	1.3555	4.295319999999999	1.78689	5.26692	4.695819999999999	2.67494	5.06545	3.51681	5.52112	6.503	3.50126	2.8907700000000003	6.437329999999999	3.06752	7.50902	4.4191	4.054209999999999	4.3535699999999995	0.0	0.0	0.0	0.0
Node 50		4.75263	3.19515	7.4409	8.09108	4.28658	4.01242	2.99836	5.06711	7.18146	3.36667	6.928280000000001	3.8842799999999995	3.00074	0.98681	1.48546	5.17622	5.98891	5.22676	4.59317	0.53308	0.0	0.0	0.0
Node 176		1.38557	4.06745	3.60003	3.3567899999999997	5.31691	4.0870299999999995	4.41115	2.22283	3.77256	5.94863	3.14827	3.91475	2.8907700000000003	3.99883	7.3049100000000005	8.808259999999999	1.6723	3.27273	1.40808	0.8099999999999999	0.0	0.0	0.0
Node 166		3.3290599999999997	4.28406	1.6059899999999998	4.03172	3.2358	0.67551	4.21984	4.87579	4.91777	3.3322499999999997	3.07543	5.8221099999999995	3.34388	3.69117	5.5347800000000005	2.19196	2.8734200000000003	4.5020299999999995	2.86497	0.53308	0.0	0.0	0.0
Node 102		4.20254	3.90244	5.472160000000001	3.0139	7.99409	8.25933	3.5167200000000003	7.0336300000000005	3.9821000000000004	4.14067	3.2875099999999997	5.10001	3.5665799999999996	1.8452799999999998	4.5406	1.72172	4.36548	4.75765	5.34763	0.53308	0.0	0.0	0.0
Node 150		2.92467	4.162529999999999	1.6059899999999998	4.59677	3.67032	4.1024199999999995	6.73405	2.78527	7.08358	3.68414	1.7167499999999998	2.72061	3.66405	3.39227	4.69686	2.13396	4.60494	1.9333099999999999	4.2919	0.7885700000000001	0.0	0.0	0.0
Node 198		6.1189599999999995	4.3926	2.8466	2.5409	3.12897	5.90234	0.7124199999999999	5.21456	4.9769	4.53885	0.9948999999999999	4.6417	1.5233999999999999	2.9553200000000004	4.39598	4.4874600000000004	4.95013	1.46659	3.3888700000000003	1.32165	0.0	0.0	0.0
Node 173		3.18682	5.24592	4.132000000000001	5.1499299999999995	6.11074	5.43147	3.11295	5.03507	5.42778	6.17674	4.74185	4.7423399999999996	1.74817	5.83079	3.8588299999999998	6.32922	6.23622	2.84739	4.69548	0.0	0.0	0.0	0.0
Node 77		3.1619	2.85681	8.38448	5.96019	3.85768	1.85719	2.04712	2.33086	4.39086	2.80764	4.68354	4.14044	2.74553	2.54963	5.63583	6.557300000000001	5.3095799999999995	3.3657399999999997	2.67121	0.0	0.0	0.0	0.0
Node 147		5.72445	2.47338	3.29285	5.08543	1.51034	4.42292	1.81678	4.24793	4.29982	2.63232	4.021990000000001	6.30688	4.36795	0.53114	3.8103499999999997	6.9886	3.9905500000000003	6.295929999999999	2.43078	0.0	0.0	0.0	0.0
Node 199		4.523689999999999	6.42643	2.3458900000000003	3.66374	4.29903	4.28179	4.122809999999999	2.58657	2.07881	1.30892	3.1362	7.7077599999999995	3.12646	3.58266	4.24355	6.6230899999999995	4.27599	4.7532499999999995	7.93035	0.8099999999999999	0.0	0.0	0.0
Node 109		2.3758399999999997	3.75609	6.7189499999999995	7.12933	5.41482	4.53415	4.83976	3.08886	4.43606	4.14801	5.75133	2.3470999999999997	2.40425	2.3319	1.6600899999999998	3.9511200000000004	3.3592400000000002	3.5663599999999995	3.0179899999999997	0.7885700000000001	0.0	0.0	0.0
Node 171		3.6549699999999996	5.57807	6.0417499999999995	2.12695	2.31643	7.56063	3.0425	2.25922	5.13846	4.07458	9.182039999999999	3.2059699999999998	2.34076	1.73118	3.97066	3.18196	5.79578	4.66723	2.59361	0.0	0.0	0.0	0.0
Node 16		5.65926	7.630869999999999	4.87967	4.98144	3.4139700000000004	5.17658	3.02394	2.18214	2.2561	3.76743	2.38861	5.89947	4.6628099999999995	0.0	4.02355	3.9245200000000002	1.72198	4.76972	6.015029999999999	0.0	0.0	0.0	0.0
Node 76		4.74773	9.27369	3.9139	1.6854799999999999	2.96522	4.32943	2.9703	4.76425	4.1480999999999995	3.74149	6.336880000000001	3.96769	4.1428899999999995	3.95064	3.75177	5.4502299999999995	4.48515	0.94126	3.05011	0.0	0.0	0.0	0.0
Node 72		1.36718	3.23052	4.2112	4.04793	2.0918699999999997	0.69743	2.34056	7.21859	5.1560500000000005	6.69054	4.85872	3.1549	5.36333	2.47064	6.32741	7.45897	7.442659999999999	4.37537	3.88966	0.0	0.0	0.0	0.0
Node 172		2.13237	7.96505	2.9548200000000002	3.04614	3.14078	4.2128499999999995	1.9591	2.28978	2.96209	5.58642	4.87817	3.5247300000000004	3.6802300000000003	3.3010900000000003	2.92572	6.66118	4.57947	4.1854700000000005	3.8337999999999997	0.0	0.0	0.0	0.0
Node 140		5.48021	4.78239	6.73658	4.4839400000000005	4.66399	3.74631	2.9563699999999997	5.05045	5.13683	3.48293	3.80078	3.1559299999999997	4.0280000000000005	3.2663699999999998	3.8588299999999998	5.39132	3.4476199999999997	2.75031	4.10685	0.0	0.0	0.0	0.0
Node 57		2.96545	6.64563	6.46675	4.7436300000000005	4.45601	1.9692500000000002	5.7146	4.78507	5.44628	1.7273	4.6977400000000005	4.61897	3.89332	2.1408	3.98516	1.39797	5.8050999999999995	2.74379	3.2320300000000004	0.0	0.0	0.0	0.0
Node 178		2.14851	2.1663200000000002	4.793	5.47438	2.89911	5.55063	3.26776	7.86371	4.1969899999999996	1.8797000000000001	3.3310600000000004	5.21765	4.82129	7.03444	5.46716	8.85859	5.02634	3.1058499999999998	3.75676	0.0	0.0	0.0	0.0
Node 83		3.31553	4.86794	3.3483199999999997	2.3589700000000002	4.15528	5.61447	4.06023	2.92414	1.7682	5.50729	3.73705	5.92999	3.97526	4.890980000000001	0.8662700000000001	5.281969999999999	6.12699	1.75248	3.0086999999999997	0.7885700000000001	0.0	0.0	0.0
Node 47		2.18988	5.57537	4.01303	4.00007	3.75358	6.528449999999999	4.61444	0.0	1.86184	4.8498399999999995	7.07346	5.9607	6.52306	4.72339	7.912990000000001	3.68279	6.22903	6.8941799999999995	4.441409999999999	1.71942	0.0	0.0	0.0
Node 185		5.29088	3.4907	5.35324	7.44491	3.83705	3.1419	6.80007	5.22628	4.84377	5.52388	3.79037	5.74312	1.43595	3.37721	2.97382	5.67934	7.20793	4.138859999999999	3.11821	0.53308	0.0	0.0	0.0
Node 25		3.50841	4.270899999999999	3.03866	4.86069	2.12573	3.7784	5.88503	2.63907	1.7682	5.5401	4.06314	4.742319999999999	0.66653	1.7994199999999998	2.38579	3.18117	9.4892	2.2545699999999997	7.29375	0.0	0.0	0.0	0.0
Node 49		1.32981	4.36309	5.56836	9.86386	4.53571	2.32063	3.9562	5.34877	2.78885	1.5231	4.57064	5.24846	7.05258	2.85585	2.29748	2.03283	3.52138	6.04903	4.81982	0.8099999999999999	0.0	0.0	0.0
Node 82		6.34411	6.2296499999999995	1.57299	4.18119	3.9945500000000003	2.36676	3.15299	5.5361899999999995	4.58677	5.00383	4.69977	3.4883200000000003	6.10221	4.419379999999999	4.20026	8.48399	1.19665	6.385109999999999	2.45802	0.53308	0.0	0.0	0.0
Node 11		4.69517	0.5551	4.09288	3.72044	2.26652	3.44254	1.8619199999999998	5.331580000000001	6.238910000000001	3.8900499999999996	2.4775	2.64787	1.71494	6.09664	3.55887	4.81173	5.9778400000000005	3.26236	3.04474	0.0	0.0	0.0	0.0
Node 112		2.32112	2.64191	2.75488	4.51604	4.42468	5.20761	6.377819999999999	1.3046200000000001	3.76624	5.24032	6.12596	7.4415	4.75365	3.48466	3.6357399999999997	4.27516	5.260759999999999	4.73187	5.47403	0.53308	0.0	0.0	0.0
Node 7		5.988919999999999	6.32868	4.82161	1.27832	2.3773	4.30516	3.21983	3.49789	2.27943	2.36695	6.639970000000001	2.85377	4.338489999999999	3.4948699999999997	3.47215	8.30584	1.84031	3.00671	4.5044	0.0	0.0	0.0	0.0
Node 142		2.5693	5.98785	5.46448	4.49999	4.53789	4.18576	3.23755	1.47675	4.44069	2.16765	6.32818	4.640890000000001	4.894629999999999	3.5288399999999998	4.7296499999999995	1.6162200000000002	4.10145	4.68539	2.43078	0.0	0.0	0.0	0.0
Node 184		4.16653	9.35632	3.3746400000000003	3.05976	1.5614	3.3148700000000004	1.6281400000000001	5.28646	4.50325	1.8655899999999999	1.31112	3.9121099999999998	2.9318400000000002	2.06901	2.34298	3.9871999999999996	3.57118	2.51446	2.98024	0.0	0.0	0.0	0.0
Node 129		5.08052	3.44149	2.67538	2.96534	4.678100000000001	4.57819	4.67211	3.56162	1.6076799999999998	4.42225	3.5788699999999998	3.79182	4.57716	4.14314	2.16921	1.93478	3.4859099999999996	4.06905	2.45851	1.46344	0.0	0.0	0.0
Node 55		0.93107	5.3401499999999995	4.9307	5.6320500000000004	6.264849999999999	3.09172	2.12753	4.8366	4.53782	6.0704	4.90012	4.43501	3.6519700000000004	3.13766	2.75105	2.2727399999999998	4.89166	3.72851	4.47718	0.0	0.0	0.0	0.0
Node 128		5.65288	4.24398	1.7408799999999998	3.6967800000000004	4.8302499999999995	0.0	4.54398	6.3905	5.97476	3.5357	5.87466	2.43145	4.56424	2.78304	6.747400000000001	5.96038	2.42461	3.64016	4.12845	0.7885700000000001	0.0	0.0	0.0
Node 146		1.66413	4.42999	2.73508	8.61507	5.551699999999999	3.67664	2.67152	4.53779	4.6446000000000005	1.5231	4.73581	4.2944	2.924	2.27596	3.84371	1.42676	4.17503	2.5158400000000003	3.46882	0.58672	0.0	0.0	0.0
Node 121		4.711069999999999	6.6836	4.79384	4.0675099999999995	5.44893	7.01633	4.088279999999999	5.47573	5.81003	3.4887599999999996	2.72864	5.010669999999999	4.120900000000001	1.29675	5.02269	5.71621	3.2311300000000003	2.21745	4.3417900000000005	0.0	0.0	0.0	0.0
Node 189		8.236590000000001	5.81241	5.66922	8.87719	4.4623099999999996	4.27016	3.1931399999999996	6.13993	5.99759	2.08764	6.97957	3.36063	3.04281	2.45504	2.17694	3.2668000000000004	5.84628	4.35903	5.46633	0.7885700000000001	0.0	0.0	0.0
Node 117		5.7612499999999995	6.76802	4.32464	5.5026600000000006	5.09552	3.58787	7.52346	2.43089	2.72954	2.38542	1.73976	7.507270000000001	6.417349999999999	4.50638	3.86921	3.0493200000000003	6.68881	0.0	3.36744	0.0	0.0	0.0	0.0
Node 107		4.0778	4.8979	8.60906	3.3575800000000005	2.22624	3.09093	2.87169	6.28888	7.165870000000001	2.5835	7.129860000000001	6.2855099999999995	3.54319	4.52329	3.05844	5.89963	3.7821599999999997	4.46523	2.28923	0.0	0.0	0.0	0.0
Node 68		1.66413	5.46652	4.6974599999999995	8.26046	4.48942	6.86039	2.7994499999999998	5.18489	4.01754	3.2244200000000003	5.29517	6.545140000000001	4.614929999999999	5.11179	2.76496	7.07354	6.29594	5.71414	4.0432500000000005	0.0	0.0	0.0	0.0
Node 144		1.53583	3.90273	2.41214	2.52062	3.6780899999999996	2.86122	5.3832699999999996	3.5295	3.05605	3.7632199999999996	9.013580000000001	3.87235	5.50561	3.02256	5.69534	0.7311599999999999	1.8567799999999999	3.8698	4.177440000000001	0.0	0.0	0.0	0.0
Node 193		3.9473000000000003	0.7728999999999999	5.61336	3.88732	1.48784	5.26412	1.50115	5.40649	3.00772	1.9645200000000003	3.7094	5.61194	2.11699	6.72137	3.9113599999999997	4.8157	8.74505	4.230359999999999	4.6977	0.53308	0.0	0.0	0.0
Node 5		4.84997	6.115460000000001	3.4396700000000004	2.84606	1.7477	2.31061	0.6602	3.2344999999999997	2.21096	4.49613	8.20394	5.23073	3.1264100000000004	2.03075	5.44985	3.0291200000000003	3.12493	3.92906	3.86371	0.53308	0.0	0.0	0.0
Node 62		7.055949999999999	4.11578	4.71734	3.1491499999999997	2.84583	4.03772	3.18717	3.3709599999999997	2.06101	3.9626300000000003	4.8286500000000006	4.02975	2.79053	2.0607699999999998	3.76883	6.993860000000001	1.5009299999999999	2.26702	3.61497	0.53308	0.0	0.0	0.0
Node 85		7.68843	2.65115	4.3724	2.1975100000000003	1.5777599999999998	3.98996	5.72102	5.04518	1.30128	4.30644	4.93159	6.2745	4.51479	2.49142	3.6577800000000003	4.00842	4.78521	2.1213699999999998	1.64802	0.0	0.0	0.0	0.0
Node 14		3.2214899999999997	5.001189999999999	3.9596600000000004	4.17296	4.28667	5.111870000000001	3.79672	5.127269999999999	4.47278	5.801839999999999	4.72578	3.27275	4.14466	2.25509	2.1437500000000003	3.24322	2.92023	2.2787100000000002	3.5071900000000005	0.0	0.0	0.0	0.0
Node 52		4.41697	3.54821	3.08134	4.74961	5.21314	4.77647	6.34962	2.71104	2.17047	3.95395	5.21789	2.21684	2.72849	3.19799	5.59851	6.28075	2.93374	5.70678	4.4581	1.71942	0.0	0.0	0.0
Node 44		5.00342	3.54821	6.927619999999999	1.45183	4.45716	4.49719	4.23529	2.47157	5.1756400000000005	2.51715	5.04623	3.1764599999999996	3.67105	3.84705	5.56816	4.58481	7.419969999999999	6.13079	3.3888700000000003	0.0	0.0	0.0	0.0
Node 24		3.3579499999999998	3.4577299999999997	3.27685	4.16941	3.9148099999999997	4.64223	0.5709500000000001	4.50086	1.892	5.49553	4.3788	4.32093	3.1311400000000003	2.32471	6.5576099999999995	5.21597	3.2235300000000002	3.1058499999999998	5.06888	0.0	0.0	0.0	0.0
Node 192		2.33488	3.5922799999999997	7.87711	3.25965	3.75929	4.1242	3.12243	3.4075599999999997	3.15388	5.21976	2.9632300000000003	2.82389	5.46755	2.58617	5.46634	3.46765	4.651050000000001	4.47529	3.78871	0.53308	0.0	0.0	0.0
Node 197		4.585170000000001	1.86791	4.81739	4.17819	9.20036	4.90053	4.70707	6.65673	3.6308399999999996	8.5727	5.56671	3.22306	3.9229600000000002	3.61198	4.04384	2.31688	6.15297	2.5615099999999997	2.64978	1.32165	0.0	0.0	0.0
Node 43		6.48745	0.7728999999999999	3.9970600000000003	2.38273	1.17291	7.845059999999999	0.5466799999999999	5.1831000000000005	2.93467	3.25159	6.038	4.41731	4.848879999999999	5.91828	5.25066	1.55085	1.50416	3.2952299999999997	2.32708	0.0	0.0	0.0	0.0
Node 137		4.68894	4.34452	2.49824	3.85244	4.321479999999999	3.98421	0.63385	2.79727	6.11363	5.762239999999999	3.32548	2.68207	3.8118100000000004	4.11879	4.31269	6.574389999999999	3.6739599999999997	5.36897	4.99495	0.0	0.0	0.0	0.0
Node 27		2.8028	4.57561	4.28511	3.8021899999999995	3.02927	3.1997	1.1805299999999999	6.49289	4.76654	2.29608	4.1029	4.31337	1.3278699999999999	5.6321	2.2424199999999996	7.17259	5.19041	2.29595	5.13111	0.0	0.0	0.0	0.0
Node 42		6.079	3.17249	3.8717	4.6062199999999995	4.78363	5.66059	1.27348	6.09238	4.383900000000001	4.95111	4.9570099999999995	6.954359999999999	4.69723	5.7002999999999995	1.3862400000000001	5.35325	3.37679	3.09933	3.85924	0.0	0.0	0.0	0.0
Node 36		1.25924	4.64151	6.77147	5.87631	2.27646	5.78875	4.33031	3.5217400000000003	4.72551	2.75136	3.82638	3.5431	3.0793	5.3138	0.78362	6.18224	5.28165	2.89426	5.40803	0.0	0.0	0.0	0.0
Node 60		3.00946	5.22354	5.4351400000000005	6.098739999999999	4.53789	6.7666699999999995	2.26195	2.53693	3.03377	4.19411	4.0217	5.51957	3.4932199999999995	3.5765900000000004	1.92986	4.4193299999999995	4.03089	5.73923	3.04474	0.0	0.0	0.0	0.0
Node 56		5.0181499999999994	5.3999	5.26451	3.8453800000000005	4.39057	6.356870000000001	3.47352	5.70336	5.176	2.95419	4.90547	4.47949	6.55555	6.53861	7.685980000000001	4.89738	4.8424700000000005	2.7127499999999998	4.35091	0.0	0.0	0.0	0.0
Node 118		2.09827	3.27719	2.25291	2.86324	2.30861	0.69743	4.65986	5.10805	1.81131	3.3350699999999995	5.52071	5.30476	0.52886	1.5268300000000001	1.6600899999999998	4.2360299999999995	0.7311599999999999	2.32313	7.13476	0.0	0.0	0.0	0.0
