Node 17		0.0	1.4934100000000001	0.83915	2.38285	1.5614	2.4544900000000003	3.4986	0.77479	1.8214899999999998	2.2166200000000003	1.57554	1.5624	2.56684	3.10423	1.7557900000000002	5.0596000000000005	1.3715899999999999	0.9007299999999999	0.5744499999999999	0.0	0.0	0.0	0.0
Node 102		2.13274	1.46027	3.41898	4.290780000000001	0.6987	7.042560000000001	0.0	0.0	0.67434	0.0	3.0852500000000003	0.0	3.0743300000000002	1.75688	2.32937	2.3024	3.20945	2.11988	0.6154299999999999	0.9303600000000001	0.0	0.0	0.0
Node 44		5.33828	0.57738	4.0793099999999995	2.8395799999999998	0.6987	3.10762	1.4764899999999999	0.77479	2.50383	1.8114499999999998	1.36388	0.0	0.0	3.2249100000000004	3.49842	4.4711300000000005	2.57613	1.3844	1.21393	0.0	0.0	0.0	0.0
Node 129		1.9884499999999998	2.2568	5.40765	2.3589700000000002	0.0	1.6498499999999998	2.2553400000000003	1.4282599999999999	2.67083	1.42825	1.8655899999999999	0.73577	2.31592	4.11867	3.2734	1.43405	1.86951	0.50722	0.58672	1.46344	0.0	0.0	0.0
Node 105		3.60452	2.13778	0.0	4.318029999999999	1.69367	6.26612	0.5466799999999999	0.0	4.85239	1.8835000000000002	0.0	0.0	1.5901100000000001	0.0	0.0	4.75045	3.64293	0.0	0.6154299999999999	0.8099999999999999	0.0	0.0	0.0
Node 46		2.61636	0.69301	0.68074	1.44532	0.0	3.6813899999999995	2.30905	0.0	2.4846500000000002	1.46397	1.7781399999999998	0.59543	1.50841	2.0823500000000004	2.0942700000000003	3.8202	2.50037	2.07822	3.19975	0.0	0.0	0.0	0.0
Node 73		0.0	1.5024600000000001	0.72441	3.5722700000000005	0.78836	2.1552000000000002	0.0	2.25586	2.50383	1.6741700000000002	2.43709	1.57498	0.60098	4.5110600000000005	0.0	8.14807	1.48247	1.52794	2.13251	0.0	0.0	0.0	0.0
Node 120		2.7779000000000003	3.70148	3.42126	5.70732	1.50846	2.98612	2.2102299999999997	0.0	2.4846500000000002	0.57078	0.72	2.59532	1.50841	5.91536	0.9975100000000001	5.3663099999999995	0.91424	0.5744499999999999	1.8763999999999998	0.0	0.0	0.0	0.0
Node 14		3.02937	4.59443	3.39979	1.57498	2.58223	0.0	2.12922	3.31334	1.35203	3.3386600000000004	1.57554	1.7249	2.51395	3.7827100000000002	3.17443	3.76204	1.8827900000000002	0.50722	0.0	0.0	0.0	0.0	0.0
Node 20		2.2622	6.17236	0.98725	0.76458	2.10892	4.441549999999999	1.2867899999999999	0.0	0.5907199999999999	0.56495	0.53589	0.0	3.3076800000000004	4.91011	1.64989	2.3239699999999996	0.68433	1.36961	0.0	0.0	0.0	0.0	0.0
Node 68		1.98166	3.72148	2.68691	2.49235	0.0	1.8357999999999999	0.63385	1.5808499999999999	1.30164	1.8531900000000001	2.22439	1.17638	2.39434	5.38234	0.0	0.97308	0.8055899999999999	1.2010399999999999	2.99284	0.0	0.0	0.0	0.0
Node 52		2.84991	1.99964	2.65031	0.96711	3.4511800000000004	4.78777	1.61811	0.0	1.53101	1.6465400000000001	1.10084	1.7249	2.20173	4.05032	2.01251	1.64942	2.66994	0.50722	2.06248	0.8099999999999999	0.0	0.0	0.0
Node 114		1.6495900000000001	2.04851	5.72388	0.9568200000000001	2.41377	2.31547	0.63625	0.77479	3.37109	1.4988	0.7832399999999999	3.32273	2.317	2.06401	0.0	3.47259	0.68433	0.6872600000000001	4.00354	0.58672	0.0	0.0	0.0
Node 5		1.51549	4.48245	4.19527	2.68684	0.7201	3.8239900000000002	1.2725	1.52053	1.94621	0.0	1.7051500000000002	2.71735	0.79901	0.5644	3.75863	3.0120999999999998	0.91424	1.03472	3.7384500000000003	0.0	0.0	0.0	0.0
Node 63		2.29773	1.46027	0.98725	3.8409400000000002	0.0	0.0	0.5576399999999999	2.05132	3.97944	0.56495	0.7832399999999999	1.19947	0.52886	3.4609599999999996	2.74025	1.5635	0.50939	0.0	0.0	0.53308	0.0	0.0	0.0
Node 80		3.6158	4.5172799999999995	2.5669	2.54731	0.90531	2.276	1.8410099999999998	2.19313	0.0	1.47229	0.93385	1.49323	0.9491599999999999	4.32568	3.0399700000000003	2.75194	0.76916	2.15807	2.1472100000000003	0.58672	0.0	0.0	0.0
Node 139		3.04793	2.26612	3.53928	3.08954	3.2550700000000004	3.5508100000000002	1.37275	0.0	6.43633	0.56495	2.2798499999999997	0.53589	0.0	3.31074	0.0	8.71687	2.70159	0.0	1.39095	0.58672	0.0	0.0	0.0
Node 19		1.4595	1.82549	0.83915	4.50171	1.25274	4.66529	0.76408	0.77479	1.7409899999999998	1.7409000000000001	1.7781399999999998	2.2172	0.0	1.56479	3.6286199999999997	2.24896	1.19665	0.7689699999999999	0.7689699999999999	1.86121	0.0	0.0	0.0
Node 57		2.12084	3.7461599999999997	3.89258	3.5346	1.63166	1.36185	0.5709500000000001	0.94646	2.50383	0.0	2.11143	1.77519	0.0	5.14458	0.0	4.872520000000001	2.9132499999999997	0.0	0.0	0.0	0.0	0.0	0.0
Node 91		3.4201200000000003	1.46027	6.81807	2.43498	0.0	4.601360000000001	1.28337	2.29532	0.76284	2.4223000000000003	1.57554	0.0	1.9287100000000001	1.9670900000000002	1.31067	0.81486	2.91751	0.0	1.72846	0.0	0.0	0.0	0.0
Node 142		2.73516	3.1433999999999997	1.83501	1.6854799999999999	2.48301	5.3448	0.5709500000000001	0.0	3.83801	0.0	0.7832399999999999	0.53589	1.85904	2.89515	0.0	1.4912	0.98206	1.38424	1.51708	0.53308	0.0	0.0	0.0
Node 125		4.21612	6.97174	3.19697	1.61321	0.80609	1.33866	0.76408	0.947	2.1753	1.4163999999999999	1.92875	0.95734	0.0	6.421889999999999	2.34135	1.3606699999999998	4.94931	0.0	1.11795	0.0	0.0	0.0	0.0
Node 25		2.2941	1.24811	7.61059	5.57541	0.78836	5.428249999999999	0.9032500000000001	1.08793	1.44954	1.8114499999999998	0.5806399999999999	1.37005	1.3278699999999999	4.87336	1.151	2.58125	2.65436	1.2943	0.9303600000000001	0.0	0.0	0.0	0.0
Node 163		2.18567	4.35807	1.69152	3.8118399999999997	1.76801	0.9867000000000001	3.24406	1.7217900000000002	2.63922	1.6696499999999999	0.7832399999999999	1.8415399999999997	0.0	4.6203199999999995	1.6478199999999998	1.6406500000000002	3.22579	0.0	0.62721	1.34308	0.0	0.0	0.0
Node 136		4.24647	1.28672	4.20031	4.3185	1.69367	5.11304	0.63385	0.947	1.7625899999999999	2.16255	0.0	0.95734	1.36676	4.02764	0.0	1.74615	1.3343	0.0	0.94555	0.9308500000000001	0.0	0.0	0.0
Node 138		4.954540000000001	0.0	2.54421	3.3153200000000003	1.34033	3.5981699999999996	0.5709500000000001	1.53004	2.1753	0.0	0.9948999999999999	1.85627	0.0	2.76089	3.7937899999999996	2.3024	2.20832	3.4777000000000005	3.75239	0.0	0.0	0.0	0.0
Node 40		3.03493	2.84814	0.0	7.79294	0.0	4.02323	1.1829299999999998	0.67434	2.4958299999999998	2.23242	1.36388	2.1049700000000002	1.50841	3.3742	2.88037	4.613910000000001	1.7541999999999998	0.0	0.0	0.0	0.0	0.0	0.0
Node 161		0.5551	0.0	0.0	1.52967	0.9568200000000001	2.98393	2.18437	0.7158399999999999	2.8654599999999997	0.7439699999999999	2.73466	0.0	2.04242	4.4438699999999995	0.8662700000000001	2.52574	2.1947	2.07713	1.72846	0.0	0.0	0.0	0.0
Node 150		3.04448	1.48255	0.89593	0.76458	1.48706	1.3061	0.9032500000000001	1.2625199999999999	5.25149	1.3147499999999999	0.9219099999999999	0.59543	0.0	2.93784	2.82929	3.50904	3.18046	0.69382	1.50042	0.0	0.0	0.0	0.0
Node 158		1.60943	4.517469999999999	6.14974	3.7481100000000005	0.7201	5.4847399999999995	0.0	0.0	0.8217399999999999	0.56495	1.55985	0.73577	0.0	3.9763100000000002	0.0	3.00726	0.73227	1.42609	1.86121	0.0	0.0	0.0	0.0
Node 198		3.37738	1.86768	4.37843	1.9214599999999997	2.5741	4.02323	1.2047999999999999	0.94646	2.18431	2.97857	0.56495	0.73577	2.1657699999999998	4.86081	0.0	2.92822	0.73449	0.0	0.9303600000000001	0.53308	0.0	0.0	0.0
Node 86		3.6105400000000003	4.5868	3.53928	1.7422799999999998	1.51471	0.9867000000000001	1.25507	3.01749	5.21871	2.54725	2.6390000000000002	1.6931100000000001	1.84684	3.1377099999999998	0.75828	4.837260000000001	0.50939	0.6872600000000001	1.9815900000000002	0.0	0.0	0.0	0.0
Node 111		0.63877	2.54611	0.83915	2.70939	2.46528	2.25473	0.5466799999999999	0.947	2.7593300000000003	0.57078	1.36388	3.6041499999999997	0.66358	0.6712199999999999	0.0	3.37854	1.6454	0.6872600000000001	6.31307	0.0	0.0	0.0	0.0
Node 199		4.5849899999999995	2.3163199999999997	2.61046	2.2417800000000003	0.80609	0.9867000000000001	1.1938900000000001	0.7158399999999999	5.27386	0.93385	0.0	0.64885	1.9287100000000001	3.39311	2.61659	7.13236	3.21238	0.69382	0.58487	0.0	0.0	0.0	0.0
Node 166		4.13199	3.8579799999999995	1.30179	3.21863	1.4187999999999998	1.5953700000000002	2.76543	4.11779	4.51009	0.56495	1.7149	0.95734	0.9491599999999999	5.0612900000000005	0.98681	0.61919	0.95605	0.7859100000000001	2.40948	0.0	0.0	0.0	0.0
Node 31		3.2875799999999997	1.29053	0.9823200000000001	4.00538	0.90531	0.7201	1.75388	0.9997499999999999	4.04878	0.94965	0.72	1.60619	1.9287100000000001	0.5644	0.0	5.702850000000001	2.58063	0.0	0.0	0.0	0.0	0.0	0.0
Node 69		5.04097	3.19515	6.57978	4.3803	0.0	0.0	0.0	0.92981	0.5907199999999999	1.10922	1.57554	0.0	0.60098	0.0	1.93533	1.78794	1.49285	0.7859100000000001	0.62721	0.0	0.0	0.0	0.0
Node 72		0.62047	0.73543	1.5561200000000002	3.18854	0.7201	5.28399	0.0	2.04109	2.62524	1.45824	0.9948999999999999	0.0	1.81121	0.98681	1.61491	3.59496	2.70589	0.7976099999999999	0.5744499999999999	0.0	0.0	0.0	0.0
Node 119		2.16441	1.7868100000000002	2.53844	1.52967	0.0	4.05235	1.9833699999999999	0.947	1.21278	0.0	1.64191	0.0	2.2753200000000002	4.14433	0.53181	5.09883	3.66979	0.0	2.3434	0.0	0.0	0.0	0.0
Node 172		0.0	3.6068500000000006	5.87931	3.02942	0.0	2.05928	2.7623	0.94646	2.66182	2.02892	0.0	2.05377	0.9891300000000001	5.23611	2.58665	5.2622599999999995	0.8055899999999999	3.5560899999999998	2.0871399999999998	0.53308	0.0	0.0	0.0
Node 18		2.74596	1.62331	6.679830000000001	2.45006	1.5047899999999998	0.0	0.63625	1.47729	0.8217399999999999	3.10966	2.18173	0.0	2.26714	5.38863	1.63762	1.4401000000000002	0.73449	2.68693	0.7976099999999999	0.0	0.0	0.0	0.0
Node 180		2.97513	1.24811	0.83915	3.4103799999999995	0.0	0.9867000000000001	0.7124199999999999	1.44913	6.29942	0.8776	2.74668	0.53589	0.9491599999999999	2.35491	0.97102	1.83394	0.0	1.8632300000000002	0.0	0.53308	0.0	0.0	0.0
Node 76		2.17107	3.62135	5.22126	0.96711	1.5047899999999998	0.67551	2.6837	0.7785700000000001	3.37109	1.82725	0.72	1.77181	0.0	1.49961	0.0	3.59496	3.5265	0.0	0.0	0.9303600000000001	0.0	0.0	0.0
Node 109		2.71874	2.04046	4.55157	1.9451199999999997	3.2776199999999998	2.9924	2.5928199999999997	0.77479	2.39385	0.8776	2.03913	0.66358	0.0	3.52669	1.55497	5.2607099999999996	1.65785	0.0	1.49465	0.0	0.0	0.0	0.0
Node 121		4.85186	7.32461	2.58704	3.5916799999999998	0.0	2.6949199999999998	0.63625	0.0	3.0342700000000002	1.1357300000000001	2.50939	3.38129	1.42936	6.12985	0.0	0.97308	3.9233	0.67579	0.5744499999999999	0.0	0.0	0.0	0.0
Node 96		1.93743	2.02215	3.5331300000000003	3.00852	0.8626999999999999	2.21667	3.5370899999999996	0.947	6.0679	0.0	2.5656600000000003	0.0	0.0	1.9670900000000002	3.71707	2.14327	3.87654	3.1666600000000003	4.553	0.0	0.0	0.0	0.0
Node 132		1.35304	0.57738	3.68326	0.96711	0.0	4.73097	1.2701	1.47729	2.35892	3.7999199999999997	2.50939	1.45834	0.76578	0.0	0.7126699999999999	7.863530000000001	1.5900299999999998	1.27619	0.0	0.9308500000000001	0.0	0.0	0.0
Node 149		2.00352	2.21798	2.55081	4.2611099999999995	0.0	1.37421	2.08618	0.67434	2.75565	4.04605	0.0	2.61502	0.9891300000000001	3.33137	3.9051500000000003	3.2723299999999997	0.50939	0.0	2.54739	0.0	0.0	0.0	0.0
Node 8		4.31079	2.38934	4.40767	4.2145399999999995	2.54587	1.36058	5.34103	0.53029	4.14147	1.5146	0.93385	2.4746799999999998	2.0383999999999998	4.42626	2.48153	3.16888	1.19665	0.0	4.20549	0.53308	0.0	0.0	0.0
Node 183		1.25924	2.10562	3.6841	1.6973599999999998	2.48811	1.45777	0.69743	0.0	1.8214899999999998	0.0	2.7119899999999997	2.1886	2.2438	3.08982	1.47095	5.3229	0.50939	1.27619	0.69042	0.0	0.0	0.0	0.0
Node 47		2.7426	0.98641	0.72441	5.57541	2.07816	3.31718	1.1805299999999999	0.0	2.3517799999999998	2.2485999999999997	0.7832399999999999	0.0	0.76578	0.0	0.0	0.97308	0.82491	0.50722	0.58487	0.0	0.0	0.0	0.0
Node 182		2.9504200000000003	0.0	4.19416	2.68597	3.9700699999999998	2.4722999999999997	0.63625	1.47729	2.30168	2.73079	3.8827599999999998	0.66358	2.73017	0.53114	0.8662700000000001	3.33455	1.98175	1.29313	1.3844	0.0	0.0	0.0	0.0
Node 37		0.0	3.4187000000000003	5.06163	0.53264	1.76801	0.6086699999999999	1.2701	0.0	4.57715	2.16255	0.53589	0.0	0.0	4.17723	2.26908	4.55317	1.2096600000000002	0.69382	2.8499	0.8099999999999999	0.0	0.0	0.0
Node 113		2.24404	6.31843	1.87825	2.14585	1.74518	2.25852	1.90631	0.77479	1.67841	0.0	1.57076	0.0	1.84684	3.99382	0.8764700000000001	4.18621	2.22559	0.52533	2.54146	0.0	0.0	0.0	0.0
Node 181		2.1717400000000002	1.49135	2.57504	3.00203	1.79279	0.0	2.4529900000000002	0.63385	4.02071	2.2644	0.93385	0.64885	2.53927	1.65803	3.45255	6.24076	2.53248	0.52533	0.9308500000000001	0.0	0.0	0.0	0.0
Node 65		2.98006	7.38958	2.72233	2.47745	0.0	5.73303	2.4208	0.0	3.66157	2.3764	0.7832399999999999	1.3312	1.19641	2.59287	1.7688599999999999	3.00534	1.43957	1.18301	2.4460800000000003	0.53308	0.0	0.0	0.0
Node 29		1.25924	5.0392	0.0	2.15773	0.53264	2.35964	2.38769	2.2684699999999998	0.9192499999999999	1.52043	1.64191	0.53589	1.47023	4.78127	1.6478199999999998	2.39806	1.49285	1.52988	1.71627	0.0	0.0	0.0	0.0
Node 112		0.7501599999999999	1.70557	0.9823200000000001	4.80201	0.0	4.9709200000000004	1.34867	2.19233	2.76795	1.47265	0.9948999999999999	0.0	2.04242	4.54767	0.0	1.3678	1.42363	0.0	3.17229	0.0	0.0	0.0	0.0
Node 108		3.06181	0.0	3.42126	4.12257	2.2263100000000002	3.5947899999999997	1.4764899999999999	1.7217900000000002	1.49608	0.57078	1.7149	0.0	0.52886	1.6679	0.77135	2.88523	4.02171	0.69382	1.43721	0.0	0.0	0.0	0.0
Node 179		1.51563	3.23912	5.09898	2.1534	3.27985	2.94214	1.12859	2.0177400000000003	3.1321399999999997	2.73333	0.9948999999999999	0.53589	0.0	4.5076600000000004	3.06529	5.89643	0.82491	0.69042	2.05016	0.0	0.0	0.0	0.0
Node 157		1.62702	0.69301	2.78858	6.00955	3.2509499999999996	3.2190499999999997	2.67039	0.77479	2.8654599999999997	2.74902	1.64375	1.5845600000000002	3.23153	3.26063	0.9975100000000001	3.16224	0.98504	2.02657	0.58487	0.58672	0.0	0.0	0.0
Node 143		2.16758	2.0406899999999997	2.55081	3.5513000000000003	2.18363	0.0	4.85803	1.87627	3.76203	0.0	0.0	0.64049	0.66358	5.1862699999999995	0.8662700000000001	6.96624	2.42163	1.9847199999999998	0.69042	0.0	0.0	0.0	0.0
Node 178		4.41324	0.8004000000000001	1.8263999999999998	2.4109599999999998	1.4515099999999999	4.368989999999999	1.40985	3.88753	2.4958299999999998	0.57078	0.0	0.0	2.1035000000000004	5.33209	0.78362	4.14928	3.96469	0.67579	2.99946	0.0	0.0	0.0	0.0
Node 146		1.49687	2.1954700000000003	2.58704	3.2964399999999996	1.27832	2.51131	0.7148599999999999	0.0	1.58458	0.0	0.9948999999999999	0.0	2.34076	3.49919	1.96853	0.52705	4.116779999999999	0.0	2.40718	0.53308	0.0	0.0	0.0
Node 74		3.3359	5.43144	1.7601499999999999	3.4560500000000003	2.22489	1.6498499999999998	2.75986	2.35564	3.38844	2.38373	2.31131	1.51734	1.7231199999999998	3.8769299999999998	1.40281	5.46664	0.0	0.58487	1.60761	0.0	0.0	0.0	0.0
Node 107		2.0413799999999998	1.46027	0.83915	0.76458	0.8626999999999999	1.52461	0.5709500000000001	0.0	1.58458	1.4988	1.57554	4.24146	1.74817	2.59515	3.71231	2.10931	3.45085	0.0	0.62721	1.86121	0.0	0.0	0.0
Node 27		4.12991	1.8011	1.96873	2.94627	0.66315	3.82888	1.88289	3.11238	0.9997499999999999	1.5976000000000001	2.4981400000000002	0.59543	1.61274	4.95166	0.97102	8.32596	3.76874	0.0	0.7859100000000001	1.86121	0.0	0.0	0.0
Node 26		1.37134	5.346150000000001	5.83575	2.93676	0.0	5.11304	0.0	0.0	0.67434	1.30892	1.71709	3.73544	0.0	4.38654	2.84782	1.21851	1.4914500000000002	0.0	1.1198	0.58672	0.0	0.0	0.0
Node 51		0.74671	2.91929	2.39527	4.4933	3.24997	0.67551	1.89535	0.0	0.0	0.57078	0.9948999999999999	0.0	0.90709	1.0382	5.09454	3.44501	0.0	0.7689699999999999	6.2348300000000005	0.53308	0.0	0.0	0.0
Node 135		3.63124	2.91979	0.7728999999999999	3.20019	1.7067999999999999	2.25852	4.1471	3.17227	1.7093	2.3822300000000003	0.64885	0.53589	0.6712199999999999	6.28181	0.0	1.39797	2.23165	0.7689699999999999	0.62721	0.0	0.0	0.0	0.0
Node 23		2.03119	3.7440700000000002	2.63553	0.84776	2.11517	1.99904	0.0	0.0	1.7515800000000001	0.0	2.43709	0.0	1.29464	1.73508	2.06144	0.0	2.62026	2.17286	1.42482	0.0	0.0	0.0	0.0
Node 61		1.67726	0.70934	3.65402	2.54209	2.13665	3.10762	2.1889100000000004	1.4086400000000001	2.3423	0.8633	2.50939	1.55277	0.5522	5.55032	2.7252	3.47294	0.50939	0.6154299999999999	2.54146	0.0	0.0	0.0	0.0
Node 6		0.0	2.12794	0.0	3.10465	0.0	0.80609	1.2047999999999999	0.0	1.7409899999999998	0.0	1.71709	2.75779	0.5522	1.3301800000000001	1.7811299999999999	1.28362	0.6872600000000001	0.7689699999999999	0.8099999999999999	0.0	0.0	0.0	0.0
Node 101		2.2481999999999998	4.00244	3.7974	0.9776999999999999	0.55197	2.27088	1.2858100000000001	0.92981	1.49608	2.45428	1.57554	1.24428	0.0	1.22228	0.61919	1.458	2.3323	0.0	4.05854	0.58672	0.0	0.0	0.0
Node 173		1.8946500000000002	4.5515300000000005	1.5997899999999998	1.3694899999999999	3.1772500000000004	1.51225	1.34867	0.53029	0.67434	0.0	0.7832399999999999	3.12285	0.0	0.6712199999999999	1.49629	3.94391	3.7962000000000002	0.80423	2.01166	0.0	0.0	0.0	0.0
Node 176		3.4070799999999997	1.49322	0.98641	3.8355	1.7629100000000002	3.91775	0.0	1.4601	4.61358	3.00204	1.36388	2.50758	5.08299	1.22547	1.22327	5.27138	3.21687	0.0	1.40134	0.0	0.0	0.0	0.0
Node 104		2.28836	2.79299	2.7017800000000003	1.8254599999999999	2.5741	2.98612	1.2071999999999998	1.47729	1.7409899999999998	1.9868199999999998	2.42699	0.0	0.97955	1.4382300000000001	2.2691	2.6469300000000002	1.89928	0.0	0.58672	0.0	0.0	0.0	0.0
Node 151		3.4426900000000002	0.73543	3.5498700000000003	2.14585	0.0	4.90427	0.0	1.7155900000000002	0.0	2.16255	3.4200500000000003	1.28934	0.60098	3.6549199999999997	3.31328	4.04354	2.91598	1.29122	2.92714	0.0	0.0	0.0	0.0
Node 103		3.4576700000000002	0.5551	5.86369	1.72321	2.14642	2.51131	0.69743	0.947	2.7973600000000003	0.93385	0.0	2.15681	0.0	3.76128	2.19813	6.56857	0.73449	1.2010399999999999	0.94555	0.58672	0.0	0.0	0.0
Node 55		1.48718	3.39379	3.1887199999999996	0.0	4.15528	2.1027400000000003	3.79189	2.2515400000000003	2.35993	0.93385	0.56495	0.9891300000000001	1.7563499999999999	2.9283799999999998	0.77135	3.2079299999999997	2.41789	1.4562300000000001	2.45036	1.74085	0.0	0.0	0.0
Node 82		3.94935	0.98641	2.4037800000000002	1.62509	0.0	2.23947	2.51674	1.86272	1.39547	0.0	0.0	0.64049	0.59543	4.02764	1.2984	5.97215	0.50939	2.30207	2.14478	0.0	0.0	0.0	0.0
Node 33		2.80568	1.49135	1.96873	2.52899	2.25565	0.0	0.0	0.92981	2.0237000000000003	0.57078	0.9948999999999999	2.62906	0.9491599999999999	2.4193	1.98821	0.64314	1.4859900000000001	1.7678800000000001	0.5744499999999999	0.0	0.0	0.0	0.0
Node 100		4.2138	1.24811	2.39527	3.67552	0.90531	1.6498499999999998	0.0	2.5676	2.27943	0.56495	1.64375	0.81785	0.79901	1.8939000000000001	3.83584	4.80178	1.46544	0.7689699999999999	2.2075	0.9303600000000001	0.0	0.0	0.0
Node 174		2.12595	0.89593	0.7728999999999999	5.66599	0.6987	5.63426	0.0	3.3404499999999997	4.52487	1.44255	1.11653	2.5419	0.0	2.4250399999999996	2.66648	0.67634	3.09999	1.15932	1.49465	0.0	0.0	0.0	0.0
Node 133		0.74671	7.46426	1.66883	1.57498	0.80609	4.29458	1.5715400000000002	3.11035	0.67434	1.30892	2.45976	1.37626	0.97955	5.70005	0.52705	9.09522	1.42363	1.20112	3.3302199999999997	0.0	0.0	0.0	0.0
Node 185		2.61636	2.29304	3.4261899999999996	3.43124	0.78836	1.68413	2.34463	1.7046	2.02847	0.0	0.5806399999999999	0.0	0.9491599999999999	0.0	2.0158300000000002	5.81081	0.8055899999999999	1.27213	0.58672	0.0	0.0	0.0	0.0
Node 88		4.25079	1.37778	5.18263	5.307180000000001	0.78836	0.9867000000000001	0.5466799999999999	2.02092	4.76353	0.0	2.5572999999999997	1.19947	2.5221299999999998	5.03393	0.77135	3.7345099999999998	2.54608	1.8186399999999998	0.7976099999999999	0.58672	0.0	0.0	0.0
Node 137		1.47928	3.22021	1.82556	4.05546	1.2589899999999998	2.2452300000000003	1.7889300000000001	1.30508	0.0	0.94965	0.9948999999999999	2.24668	1.5445900000000001	3.05337	2.36193	5.3950499999999995	1.43957	1.88756	0.0	0.53308	0.0	0.0	0.0
Node 127		1.51227	3.56543	2.5157499999999997	2.9080399999999997	0.8626999999999999	1.3061	2.11519	0.0	0.8217399999999999	1.82725	2.29554	1.17638	1.7231199999999998	3.58753	1.77043	4.6295	1.65785	0.0	2.23241	0.0	0.0	0.0	0.0
Node 13		4.44212	6.282310000000001	4.35858	3.9498100000000003	0.0	0.9867000000000001	1.5565499999999999	2.34223	1.8989800000000001	2.36793	2.18173	1.2359200000000001	0.0	3.31913	0.0	0.78362	4.12351	0.0	0.0	1.1198	0.0	0.0	0.0
Node 0		4.43065	1.7297699999999998	0.98725	1.68461	1.5047899999999998	0.69743	1.5715400000000002	0.0	3.37573	1.7971500000000002	2.25298	0.0	0.60098	2.30522	2.36193	2.37105	1.48138	0.0	4.04984	0.0	0.0	0.0	0.0
Node 170		2.98405	1.7868100000000002	3.2912	1.51908	0.0	3.95801	2.30905	0.92981	0.76284	0.0	1.7781399999999998	1.49323	1.65077	2.16837	2.49317	0.75483	0.0	1.3707799999999999	0.0	0.0	0.0	0.0	0.0
Node 99		0.87686	4.585439999999999	4.425330000000001	0.72635	2.29715	0.0	2.27933	1.4764899999999999	1.58458	2.23206	0.9948999999999999	2.18092	0.52886	4.17591	0.9975100000000001	0.74864	2.59412	0.50939	0.7859100000000001	0.8099999999999999	0.0	0.0	0.0
Node 10		4.2078299999999995	7.441649999999999	3.53928	0.84863	0.8368499999999999	4.1218200000000005	1.3979300000000001	1.70984	0.0	1.5976000000000001	1.51449	1.62092	0.0	0.90709	0.52705	1.3606699999999998	2.84781	1.34342	3.0628699999999998	0.0	0.0	0.0	0.0
Node 155		3.38122	0.59729	6.2126	3.8958899999999996	0.9867000000000001	0.69743	3.28263	1.47729	2.89736	1.9990299999999999	0.5806399999999999	1.7670100000000002	1.9658599999999997	0.0	2.39853	3.0242	0.8055899999999999	1.5879899999999998	0.0	0.8099999999999999	0.0	0.0	0.0
Node 16		0.87686	7.104100000000001	5.44079	3.19582	0.0	1.93153	1.1914900000000002	2.6924	5.21871	0.0	1.64375	0.0	0.9891300000000001	0.5127999999999999	0.61919	2.03052	0.98206	1.89154	0.58672	0.0	0.0	0.0	0.0
Node 35		1.44191	1.5024600000000001	4.37843	0.9776999999999999	0.0	5.20406	0.63385	1.54643	3.6246199999999997	0.53844	0.7832399999999999	0.81785	2.57008	4.16012	0.78362	3.65524	0.76916	0.58487	1.8759100000000002	0.0	0.0	0.0	0.0
Node 118		0.62047	2.29304	3.39857	3.69465	1.35806	2.31834	1.2867899999999999	0.63385	3.91761	0.94965	0.9948999999999999	0.0	0.5522	2.80164	0.78362	1.92196	0.0	0.50722	2.22269	0.0	0.0	0.0	0.0
Node 42		5.43532	1.82549	0.87538	3.44068	0.8626999999999999	2.18161	0.7158399999999999	0.9997499999999999	0.94646	0.0	1.71709	3.06316	1.13212	2.4827	0.78362	1.54602	3.84091	0.50722	1.71627	0.0	0.0	0.0	0.0
Node 83		2.2731500000000002	2.24357	2.48456	0.96711	0.9568200000000001	0.0	1.1805299999999999	0.0	1.49608	0.7439699999999999	2.09574	2.13028	0.0	1.51221	1.8474899999999999	4.466959999999999	1.42606	0.9007299999999999	0.9303600000000001	0.0	0.0	0.0	0.0
Node 123		1.60943	0.5551	2.41132	1.6854799999999999	2.21341	3.77825	1.1805299999999999	0.0	5.3529599999999995	0.5388000000000001	3.93964	0.53589	1.08106	2.40161	0.0	8.79906	0.0	1.42609	2.33893	0.0	0.0	0.0	0.0
Node 116		1.9884499999999998	2.0376499999999997	2.32902	2.65259	1.61636	4.62816	0.63385	0.947	0.53029	1.5146	2.7119899999999997	1.9464700000000001	1.35121	1.7858200000000002	0.8764700000000001	2.3326599999999997	1.76164	0.0	0.94555	0.58672	0.0	0.0	0.0
Node 186		2.07046	6.7380700000000004	6.09202	2.10568	0.8626999999999999	2.6949199999999998	3.22916	0.0	3.06722	0.53844	0.0	2.72607	0.76578	2.17083	2.78099	4.535419999999999	4.98292	0.0	1.74604	0.0	0.0	0.0	0.0
Node 34		4.31225	2.91254	3.72913	4.63369	0.80609	4.349950000000001	2.38773	1.4906300000000001	2.94029	0.94965	2.86049	6.00003	1.96868	4.95166	0.0	2.21838	1.2096600000000002	0.58487	0.0	0.0	0.0	0.0	0.0
Node 12		2.6448099999999997	5.32234	2.41582	1.41467	0.6987	3.92585	0.0	0.5576399999999999	1.68209	1.28495	0.0	2.05377	0.0	1.0382	1.2984	2.3471200000000003	1.95514	2.61209	0.8099999999999999	0.0	0.0	0.0	0.0
Node 75		2.92476	2.4556299999999998	0.96711	1.6854799999999999	1.6589699999999998	0.9867000000000001	1.91962	0.92981	4.26002	1.9813500000000002	0.0	0.64049	0.79901	2.41204	2.5412299999999997	2.17647	0.50939	0.80423	0.94555	0.0	0.0	0.0	0.0
Node 53		3.67706	2.46896	3.22662	6.105639999999999	1.44645	4.02466	0.77479	1.07697	5.87786	0.0	1.7149	0.66358	0.0	3.28629	1.2397200000000002	3.6720500000000005	0.0	1.47973	2.47664	0.0	0.0	0.0	0.0
Node 85		3.934	7.441649999999999	0.87538	2.16973	0.7201	4.3476099999999995	1.2725	0.92981	3.3525	1.60727	1.57554	0.9219099999999999	4.0338199999999995	2.95044	0.0	2.59517	3.1390599999999997	0.0	0.6154299999999999	0.0	0.0	0.0	0.0
Node 153		0.70934	4.108	2.54588	2.1534	1.74216	0.66315	1.32525	0.0	2.0868	2.55692	0.7832399999999999	0.64885	2.03022	4.97091	0.0	2.7243	3.06937	2.15807	0.58672	0.0	0.0	0.0	0.0
Node 190		0.87686	1.56379	2.22566	4.85115	2.38187	0.9867000000000001	1.5739800000000002	2.08768	0.0	1.4880900000000001	0.9948999999999999	2.40334	1.19641	0.98681	4.1607400000000005	1.1908	0.0	0.69382	0.0	0.58672	0.0	0.0	0.0
Node 187		0.0	0.5551	2.57217	0.0	0.90531	0.9867000000000001	0.0	1.12101	6.42818	1.1357300000000001	0.72	0.73577	4.45128	1.0897999999999999	0.52705	0.74864	0.6872600000000001	0.0	2.18206	0.0	0.0	0.0	0.0
Node 191		0.73257	5.748600000000001	1.83008	2.781	2.77686	0.0	1.30796	3.4976100000000003	5.05143	3.1684499999999995	0.7832399999999999	0.97955	2.49325	4.44636	2.36156	6.919630000000001	0.50939	1.38248	0.0	0.0	0.0	0.0	0.0
Node 97		1.49733	2.05756	3.37626	1.38882	3.2984600000000004	2.2452300000000003	2.81452	0.63385	1.67841	0.0	1.36388	1.27166	3.22301	3.22942	1.47095	2.81961	0.68433	0.0	0.58672	0.0	0.0	0.0	0.0
Node 193		4.40175	0.5551	6.86656	3.4741800000000005	0.0	3.1456199999999996	1.2858100000000001	2.52965	0.53844	0.0	3.9257899999999997	1.59783	0.0	1.9697300000000002	0.0	1.71322	2.40867	0.7689699999999999	3.89984	0.53308	0.0	0.0	0.0
Node 64		1.52289	2.41643	3.16817	2.3774300000000004	1.74216	0.8491000000000001	2.06632	1.32147	3.95352	0.8633	1.31913	0.9219099999999999	1.89007	5.86376	1.63762	1.6162200000000002	4.81153	1.27619	2.96948	0.8099999999999999	0.0	0.0	0.0
Node 131		0.61032	0.70934	0.83915	4.61165	0.90531	2.18934	1.2625199999999999	5.63832	2.92414	0.94965	0.72	1.8847699999999998	1.22574	6.69056	0.7126699999999999	3.4174	1.3502399999999999	0.0	1.43144	0.0	0.0	0.0	0.0
Node 141		1.47928	1.61451	3.1273500000000003	3.9415	1.2506700000000002	5.56742	0.7148599999999999	2.12076	1.7124899999999998	1.42825	1.30064	0.0	0.95734	0.98681	4.67594	6.66361	2.4489	1.15254	1.2235	0.0	0.0	0.0	0.0
Node 81		3.77338	0.0	3.92649	3.19582	2.54587	4.72366	0.63625	3.2689500000000002	4.20801	0.93385	2.3204	0.64885	2.9013500000000003	1.05721	0.0	2.98786	1.8873199999999999	0.0	0.9303600000000001	0.0	0.0	0.0	0.0
Node 11		0.6354099999999999	3.5082799999999996	3.39857	3.0108200000000003	0.80609	0.8491000000000001	3.2939999999999996	0.53029	5.43658	1.4163999999999999	3.3438299999999996	0.95734	1.42936	2.5154300000000003	2.78862	3.9946099999999998	0.82491	0.6872600000000001	3.12184	0.9308500000000001	0.0	0.0	0.0
Node 167		0.87686	6.36867	0.84863	3.55715	1.5944500000000001	0.0	2.12922	0.0	4.52753	0.0	1.39849	1.59783	0.9491599999999999	0.79901	1.7450899999999998	1.4912	1.25649	0.52533	3.87287	0.8099999999999999	0.0	0.0	0.0
Node 28		1.47928	1.40235	3.1764599999999996	2.2993900000000003	3.90116	2.4598	2.11275	1.32147	2.3066400000000002	1.96705	0.64885	3.40481	0.0	5.88942	2.42124	2.18545	1.73915	0.62721	1.6359700000000001	0.0	0.0	0.0	0.0
Node 2		2.14784	2.3641900000000002	3.5222999999999995	1.81487	0.55197	3.4150199999999997	3.80275	1.49441	2.46807	1.7971500000000002	2.35878	2.43735	2.48091	3.71622	2.1107500000000003	4.34547	1.42363	0.58487	0.0	0.0	0.0	0.0	0.0
Node 89		2.07858	1.95279	5.19322	2.2321899999999997	0.55197	3.1419	0.7148599999999999	2.23867	2.66182	0.57078	0.7832399999999999	1.5845600000000002	1.15318	2.26622	0.8764700000000001	3.81576	2.54724	0.0	1.50481	1.34308	0.0	0.0	0.0
Node 128		2.91457	3.9308500000000004	1.6877799999999998	0.84776	0.90531	3.10762	1.26838	1.47729	2.45377	0.56495	2.11143	0.0	0.0	3.19945	2.3749800000000003	1.48754	2.77269	1.27619	2.30591	0.0	0.0	0.0	0.0
Node 192		0.0	3.9709800000000004	1.8424900000000002	2.46669	0.0	4.93088	2.65473	0.0	4.14147	1.42825	3.5725800000000003	0.53589	0.95734	3.94493	0.0	2.85534	2.94634	0.0	4.4912	0.0	0.0	0.0	0.0
Node 77		2.4774399999999996	1.3555	1.8823400000000001	5.15129	0.7201	1.45777	3.2441299999999997	0.92981	0.0	3.70695	2.4981400000000002	2.15783	3.04281	2.65968	2.19813	4.02787	4.577500000000001	1.3844	1.57897	0.0	0.0	0.0	0.0
Node 115		1.62702	4.80678	5.22619	2.34719	2.49436	3.56051	1.8324900000000002	1.58031	1.07724	0.0	3.8827599999999998	0.64885	0.5522	1.51221	1.606	6.476360000000001	1.5879899999999998	1.3538400000000002	2.30242	0.0	0.0	0.0	0.0
Node 38		4.78425	5.51035	0.0	2.43355	0.8626999999999999	0.67551	2.68235	1.87627	1.7682	0.0	1.7149	0.0	0.0	3.88979	2.49601	2.3805799999999997	0.68433	0.0	0.69042	0.8099999999999999	0.0	0.0	0.0
Node 59		2.1031999999999997	0.7501599999999999	1.77131	5.83415	1.74518	3.61466	0.7124199999999999	1.4874500000000002	2.7513300000000003	1.43408	2.49745	1.48143	1.61274	2.03075	0.61919	1.64942	2.9851099999999997	1.4617	0.9303600000000001	0.0	0.0	0.0	0.0
Node 160		0.61032	3.5393399999999997	5.400259999999999	1.7422799999999998	2.4951600000000003	1.35635	1.89295	0.5907199999999999	4.2554099999999995	0.0	0.9948999999999999	0.95734	0.0	3.6216600000000003	0.77135	2.4330399999999996	2.1194	0.69382	2.0612	0.53308	0.0	0.0	0.0
Node 197		4.13199	2.77285	1.7145299999999999	3.15476	0.0	4.7651	1.42728	0.0	0.7439699999999999	0.53844	1.7149	2.33237	0.0	2.08316	3.9792599999999996	1.4912	1.79063	1.2003	0.9308500000000001	0.0	0.0	0.0	0.0
Node 148		0.63877	1.67942	3.4780400000000005	4.128439999999999	2.34976	2.44447	2.8632	1.30508	0.8217399999999999	3.08793	2.29773	0.0	1.55277	0.79901	0.0	6.20832	2.0375	1.2010399999999999	2.71435	0.0	0.0	0.0	0.0
Node 177		4.08453	2.88896	5.40765	4.28931	2.34007	0.9867000000000001	1.9581899999999999	2.11114	2.35275	1.44255	1.57554	1.91215	0.52886	4.02536	3.7983999999999996	4.303	3.4455600000000004	0.7689699999999999	1.62078	0.0	0.0	0.0	0.0
Node 79		0.62047	0.0	3.2643899999999997	2.4967799999999998	0.9867000000000001	1.2718200000000002	3.5251699999999997	1.4906300000000001	5.89789	1.5146	1.57076	0.0	0.0	3.5898	2.40103	5.04514	0.68433	0.69382	3.3705600000000002	0.0	0.0	0.0	0.0
Node 152		3.59295	6.199820000000001	0.68074	2.47745	0.0	3.5112900000000002	0.85912	2.22433	1.45805	2.87663	1.77869	0.0	1.14763	2.2315	2.46032	4.49463	2.5439599999999998	0.67579	2.15797	0.58672	0.0	0.0	0.0
Node 168		3.0661899999999997	2.75057	6.84601	2.9638	0.6987	3.9307300000000005	0.0	0.0	3.48817	0.8633	3.18464	0.73577	2.20173	4.79375	0.69146	4.82716	3.66939	0.9007299999999999	0.0	0.0	0.0	0.0	0.0
Node 15		1.2490899999999998	3.77586	0.0	3.8780500000000004	0.90531	2.87006	1.34867	0.53029	2.80325	0.0	0.0	1.48143	1.50807	1.7408199999999998	0.0	2.80954	0.0	2.94225	0.69042	0.0	0.0	0.0	0.0
Node 3		2.8636000000000004	5.44211	1.95436	3.41239	0.9568200000000001	2.25852	0.0	0.0	5.56709	1.5976000000000001	3.0057899999999997	2.90964	0.6712199999999999	1.6025999999999998	0.98681	0.69146	2.06981	0.0	0.9303600000000001	0.0	0.0	0.0	0.0
Node 171		2.1886200000000002	1.37778	6.86492	1.31655	0.80609	7.097040000000001	1.7648400000000002	0.0	3.4925699999999997	1.8114499999999998	2.4528600000000003	0.53589	0.66358	3.63244	1.31065	4.64037	1.21915	1.77935	0.5744499999999999	1.74085	0.0	0.0	0.0
Node 87		0.6354099999999999	4.59443	0.0	2.56006	1.6555199999999999	0.8491000000000001	1.2071999999999998	0.77479	4.0686800000000005	2.0534	0.7832399999999999	1.55277	1.31798	0.5127999999999999	0.0	1.26233	0.73449	0.0	0.58487	2.32757	0.0	0.0	0.0
Node 95		3.09004	0.8004000000000001	4.78381	3.7850599999999996	0.9568200000000001	1.51225	0.0	0.947	1.21314	2.31168	0.7832399999999999	0.9219099999999999	0.0	4.90927	3.6732099999999996	5.60258	2.12683	1.27619	4.16817	0.0	0.0	0.0	0.0
Node 188		2.78325	3.9199900000000003	3.40639	0.0	4.71868	5.34465	0.5709500000000001	3.26199	0.8217399999999999	0.5806399999999999	0.9948999999999999	0.64049	2.26714	0.79901	0.8764700000000001	4.1748199999999995	1.25982	0.7689699999999999	2.1416	0.53308	0.0	0.0	0.0
Node 165		2.1361000000000003	2.41485	4.55577	4.02417	0.6987	3.03653	0.63625	0.0	0.76284	1.48845	3.28566	0.0	0.60098	2.90597	0.0	2.3892900000000004	3.4809	0.67579	0.94555	1.51708	0.0	0.0	0.0
Node 22		0.0	2.08712	5.25381	4.29046	0.6987	4.11372	2.88572	0.53029	0.5907199999999999	3.2456199999999997	2.64875	0.0	1.7549100000000002	1.68369	3.6520200000000003	1.89485	0.0	1.19665	0.58487	0.0	0.0	0.0	0.0
Node 175		3.63018	0.59729	3.46975	3.45083	0.53264	2.23235	0.63625	2.3965400000000003	0.8217399999999999	0.0	2.29554	2.64082	1.7231199999999998	1.23562	0.8662700000000001	2.7868899999999996	1.24055	0.7689699999999999	0.0	0.0	0.0	0.0	0.0
Node 71		2.14407	2.4796300000000002	3.3713300000000004	0.76458	1.86213	0.8491000000000001	2.08618	1.7745400000000002	4.37084	0.57078	3.2772999999999994	0.59543	0.60098	0.5254	0.5254	7.6756400000000005	1.78765	0.73227	0.7859100000000001	0.0	0.0	0.0	0.0
Node 24		3.40253	3.1712900000000004	0.0	5.36749	1.6555199999999999	3.8840600000000003	3.5881299999999996	1.55336	0.0	0.0	0.0	3.35975	0.9491599999999999	1.0382	2.50102	8.151440000000001	1.42363	0.7859100000000001	1.90571	0.0	0.0	0.0	0.0
Node 56		2.79965	1.3052599999999999	4.184220000000001	1.70211	3.09347	1.6498499999999998	0.0	1.30508	2.21253	0.56495	2.35878	0.0	3.2580999999999998	0.5644	4.25914	4.14278	1.55718	2.6458	1.7497800000000001	0.0	0.0	0.0	0.0
Node 39		4.07845	3.38293	3.5627	5.4958100000000005	0.6987	0.0	0.0	0.53029	2.1753	0.5388000000000001	1.51449	0.9219099999999999	0.52886	3.6041299999999996	3.6448	0.0	3.26206	0.0	1.4130399999999999	0.9308500000000001	0.0	0.0	0.0
Node 147		1.51563	2.17556	0.0	3.31276	1.5614	1.93153	0.5466799999999999	0.0	0.7439699999999999	3.2555	0.7832399999999999	1.37626	1.12429	2.35491	1.40187	3.06563	1.6663899999999998	2.00527	0.9303600000000001	0.53308	0.0	0.0	0.0
Node 54		2.9766999999999997	3.53767	4.01561	1.93324	2.49237	4.90427	0.7158399999999999	1.2590999999999999	3.43055	2.38084	0.93385	2.55153	2.0789999999999997	2.74369	3.05063	2.49707	3.11545	0.0	4.5637799999999995	1.34308	0.0	0.0	0.0
Node 195		5.03371	4.40316	1.69152	1.60143	0.9568200000000001	1.5953700000000002	2.30912	2.65538	5.43878	0.8776	4.00069	0.0	2.22837	5.98608	0.98681	1.8822599999999998	2.8613199999999996	0.0	0.9303600000000001	0.0	0.0	0.0	0.0
Node 67		3.6646900000000002	6.4108600000000004	0.0	5.38089	0.0	3.4591499999999997	2.0376700000000003	1.08793	2.38364	2.0372399999999997	0.7832399999999999	0.0	1.35121	2.3707	1.151	5.9086300000000005	0.0	0.52533	0.58487	0.0	0.0	0.0	0.0
Node 32		7.299650000000001	2.3566	1.71166	3.82431	1.51225	3.13545	2.22434	0.77479	5.53047	2.2485999999999997	1.1455899999999999	1.48143	0.52886	1.8939000000000001	4.10025	4.23124	4.86808	1.62134	2.24144	0.0	0.0	0.0	0.0
Node 50		4.60063	0.98641	4.37843	2.94185	2.8508	3.0894399999999997	1.5395	1.9467499999999998	2.89736	1.8114499999999998	1.57554	0.0	1.50954	3.3884200000000004	0.0	3.57746	1.25982	0.69382	3.01496	1.46393	0.0	0.0	0.0
Node 30		1.8662	5.056979999999999	3.4516699999999996	0.8368499999999999	0.0	3.25056	1.46089	2.9302	2.43693	1.52043	1.57554	0.0	1.71494	2.7694199999999998	2.2155	0.0	3.1759500000000003	0.80423	0.0	0.0	0.0	0.0	0.0
Node 159		2.24749	4.6129999999999995	0.87538	2.65678	3.3279799999999997	1.75235	1.1805299999999999	0.0	0.0	2.62418	0.0	0.66358	4.41692	2.64791	4.60509	6.40937	3.69598	0.0	3.4939199999999997	0.0	0.0	0.0	0.0
Node 92		2.97513	0.73543	3.5421500000000004	3.86923	3.24997	1.8357999999999999	0.7124199999999999	0.0	5.272	0.57078	0.93385	0.66358	1.74817	3.89527	1.40281	5.4381699999999995	1.4069500000000001	0.0	3.24566	0.0	0.0	0.0	0.0
Node 169		2.26243	3.66901	6.10073	3.21515	0.78836	2.69774	0.5709500000000001	0.77479	1.86571	0.93385	0.72	1.9284599999999998	0.0	1.18402	1.83729	5.21245	3.28173	1.30925	1.31763	0.0	0.0	0.0	0.0
Node 48		2.12595	7.9861	2.29191	0.9776999999999999	0.0	5.3436900000000005	0.0	0.0	4.37084	1.44255	2.1404900000000002	0.53589	2.16357	1.47023	0.0	4.04354	2.0973800000000002	1.27529	0.9308500000000001	0.0	0.0	0.0	0.0
Node 117		2.75072	3.2150600000000003	0.9823200000000001	4.83204	2.77828	3.1519199999999996	3.7582699999999996	2.25208	2.41533	1.5146	2.7119899999999997	1.24428	1.3999899999999998	4.01205	2.01251	8.45464	0.0	0.0	0.94555	0.0	0.0	0.0	0.0
Node 106		3.72377	2.17556	2.70094	1.8254599999999999	1.44645	1.2994	1.33621	0.0	5.36533	2.36793	1.57554	0.0	2.15375	0.0	3.86332	1.6057	0.0	1.2606600000000001	3.4073100000000003	0.0	0.0	0.0	0.0
Node 66		1.62357	6.22427	1.66306	2.77009	0.0	4.90427	1.1914900000000002	0.0	3.58107	1.44838	3.1379400000000004	1.08809	0.52886	0.97102	0.75828	1.6162200000000002	2.21254	0.0	1.62078	0.0	0.0	0.0	0.0
Node 90		3.54523	3.7334	5.0776200000000005	3.0925700000000003	0.6987	1.2718200000000002	2.11274	1.2625199999999999	2.31472	0.0	0.0	0.5522	0.5522	1.51221	1.84246	9.12792	0.0	1.36305	0.5744499999999999	0.0	0.0	0.0	0.0
Node 196		3.1797600000000004	2.82095	6.937849999999999	0.0	1.7629100000000002	0.7201	1.7648400000000002	0.0	4.14284	0.0	0.0	1.35374	2.26167	3.2620000000000005	1.5789399999999998	5.06436	4.30299	0.50722	0.7859100000000001	0.0	0.0	0.0	0.0
Node 49		0.61032	1.4934100000000001	5.9226399999999995	1.61321	1.6687899999999998	4.7651	0.0	0.947	3.22222	2.45428	1.64191	0.95734	0.76578	2.27799	0.78362	1.26233	2.8433699999999997	0.5744499999999999	1.5727600000000002	0.53308	0.0	0.0	0.0
Node 140		5.5977	4.95623	1.96873	3.84979	0.0	2.51131	2.14249	3.27867	0.0	1.81295	2.29773	0.0	0.60098	0.5254	0.52705	2.40704	0.50939	0.58487	1.73459	0.9303600000000001	0.0	0.0	0.0
Node 94		3.54523	3.3848000000000003	4.4146600000000005	3.05116	0.6987	4.97111	0.76408	2.3517799999999998	5.26482	3.56481	0.5806399999999999	0.81785	1.9233	4.47525	1.5028299999999999	3.7594000000000003	0.73449	1.40806	1.56098	0.0	0.0	0.0	0.0
Node 162		4.33709	4.61829	2.84536	2.34719	2.4892600000000003	0.66315	2.69465	0.5907199999999999	3.7966699999999998	1.7971500000000002	1.57076	0.66358	0.52886	1.8939000000000001	0.8662700000000001	2.05216	3.9836400000000003	0.58487	2.3434	0.53308	0.0	0.0	0.0
Node 145		1.36718	4.43393	3.65402	3.3811500000000003	1.48706	3.30359	3.17726	3.17457	2.03452	0.94965	0.9948999999999999	1.6931100000000001	2.59452	3.8188	3.1451800000000003	0.9975100000000001	2.40386	0.52533	0.9303600000000001	0.0	0.0	0.0	0.0
Node 7		0.61032	4.98711	0.0	4.07566	0.53264	2.96958	0.0	0.0	3.5307900000000005	0.93385	0.0	1.87925	0.52886	0.6968799999999999	0.77135	6.53421	2.4993000000000003	0.7859100000000001	0.0	0.9308500000000001	0.0	0.0	0.0
Node 98		0.87686	0.73543	3.00888	1.3804	0.78836	2.9207400000000003	1.4742	1.47675	6.832599999999999	1.10958	0.0	0.0	0.0	3.5599	0.0	2.48004	1.73915	1.5879899999999998	2.06248	1.51757	0.0	0.0	0.0
Node 62		3.8402	4.74181	5.16249	3.19582	0.0	0.66315	2.0584000000000002	1.44913	2.67816	2.3764	1.57554	0.9219099999999999	2.28521	3.8488	4.8228800000000005	6.1818100000000005	0.9007299999999999	0.67579	2.133	0.0	0.0	0.0	0.0
Node 70		2.20397	4.42175	1.8263999999999998	2.31779	0.0	0.0	1.64223	0.5576399999999999	0.0	0.56495	0.72	1.13132	0.0	2.35491	3.1195299999999997	2.9938599999999997	2.17871	1.49805	2.26154	0.0	0.0	0.0	0.0
Node 1		2.2972699999999997	4.6631	0.9823200000000001	2.66231	1.86213	3.37043	1.47894	0.7785700000000001	3.51417	1.6696499999999999	0.9948999999999999	2.7288900000000003	1.95822	1.6244	0.0	2.4696	3.77302	1.5012400000000001	2.99571	0.8099999999999999	0.0	0.0	0.0
Node 84		2.61636	1.32754	0.83915	4.3062499999999995	2.49237	2.2093499999999997	0.0	0.92981	0.5907199999999999	0.8776	1.5307899999999999	1.9464700000000001	1.36676	3.25649	2.62132	6.00863	1.73915	1.38248	3.48401	0.58672	0.0	0.0	0.0
Node 130		6.85259	1.2703900000000001	6.16484	2.34719	0.0	3.85676	2.62396	0.77479	3.6114699999999997	0.0	2.51444	3.4278999999999997	1.36341	0.98681	0.0	1.47508	1.51217	0.0	1.62078	0.9303600000000001	0.0	0.0	0.0
Node 124		2.77198	2.88896	5.11432	2.33956	0.90531	1.2718200000000002	0.69743	1.7217900000000002	1.21278	1.28277	1.4320899999999999	3.6231600000000004	0.79901	0.98681	0.53181	5.624359999999999	0.0	0.0	2.30591	0.0	0.0	0.0	0.0
Node 41		3.344	4.6789499999999995	2.7017800000000003	3.8958899999999996	1.6040100000000002	2.1552000000000002	2.06536	0.77479	1.5935899999999998	3.3318800000000004	0.72	0.53589	0.0	2.90846	0.61919	2.00566	4.71086	0.0	0.7976099999999999	0.0	0.0	0.0	0.0
Node 58		2.39325	1.9750699999999999	1.7145299999999999	2.21041	0.0	4.02466	0.69743	3.4468199999999998	2.0279	0.0	2.35878	3.01057	0.60098	4.934270000000001	0.77135	3.05018	2.5251200000000003	0.50722	0.9308500000000001	0.0	0.0	0.0	0.0
Node 134		2.16758	3.3442800000000004	2.67416	0.9776999999999999	0.0	0.66315	2.81018	0.0	2.03452	0.94965	1.57554	0.95734	1.74861	3.22365	0.61919	5.81081	3.37765	1.44476	3.2926499999999996	0.0	0.0	0.0	0.0
Node 189		1.23079	1.5837	0.68074	3.74779	0.67551	2.5332299999999996	1.2858100000000001	0.85667	1.9189999999999998	1.8114499999999998	0.0	0.0	0.97955	4.69886	0.61919	3.27299	3.3619499999999998	1.8780000000000001	0.8099999999999999	0.0	0.0	0.0	0.0
Node 93		2.92001	0.59729	4.00106	2.53928	0.72635	4.90174	0.0	0.0	3.43055	0.0	1.36388	1.9464700000000001	1.3278699999999999	2.34409	0.0	0.78362	1.4944300000000001	0.9007299999999999	3.4369700000000005	0.0	0.0	0.0	0.0
Node 60		1.32981	3.41976	4.42032	2.781	0.80609	3.0809699999999998	0.63625	0.0	2.94295	2.06958	1.4320899999999999	3.7703300000000004	1.9156099999999998	2.6084199999999997	2.2313099999999997	4.68085	1.5092400000000001	2.7775600000000003	1.55757	0.58672	0.0	0.0	0.0
Node 36		1.51563	1.42844	1.69152	0.72635	0.0	3.10762	1.33128	0.5576399999999999	2.21253	0.94965	0.0	1.64313	0.59543	0.5644	2.90679	3.0332399999999997	1.7541999999999998	0.9007299999999999	2.17036	0.0	0.0	0.0	0.0
Node 164		4.93849	5.45582	2.81487	3.19495	2.28856	4.4334	0.0	0.0	5.25516	0.0	0.64885	1.52502	2.16022	0.0	1.7292999999999998	2.35818	1.51217	1.40795	1.37868	0.58672	0.0	0.0	0.0
Node 4		2.91457	3.32423	1.64828	1.0846099999999999	3.18861	4.58072	0.0	0.0	1.80878	0.0	2.5656600000000003	2.31108	1.96868	0.52886	2.14995	8.15765	0.7311599999999999	0.58487	2.41888	0.0	0.0	0.0	0.0
Node 21		2.78156	0.0	3.3713300000000004	5.26044	2.38691	2.2093499999999997	2.11279	0.63385	1.8038599999999998	0.56495	2.06819	0.95734	0.5522	4.36987	0.77135	6.93064	0.0	0.0	0.53308	0.0	0.0	0.0	0.0
Node 43		5.783930000000001	0.69301	2.81281	2.38285	1.35806	2.4708799999999997	2.76349	1.47675	2.50383	1.1357300000000001	2.01273	1.62092	0.76578	2.04335	1.52456	3.02372	4.56605	0.80423	0.6154299999999999	0.0	0.0	0.0	0.0
Node 144		2.2599	4.362019999999999	0.98725	0.0	0.9568200000000001	1.5953700000000002	1.84345	0.0	0.8217399999999999	0.8776	0.5806399999999999	0.0	0.79901	1.22228	3.71127	1.34191	1.6015000000000001	0.0	2.79529	0.0	0.0	0.0	0.0
Node 78		1.25588	4.64219	3.35501	1.68461	0.72635	1.51225	2.8251600000000003	0.0	3.5339799999999997	1.3147499999999999	1.6010900000000001	2.59532	0.0	5.34586	0.52705	1.4599600000000001	0.82491	0.0	2.67121	0.9303600000000001	0.0	0.0	0.0
Node 154		2.92001	0.0	5.01184	0.72635	2.66822	2.0779099999999997	1.89295	1.41242	0.0	0.0	1.7149	0.0	1.79342	4.722239999999999	0.0	4.73926	1.4914500000000002	0.7689699999999999	0.7689699999999999	0.0	0.0	0.0	0.0
Node 45		1.24573	3.7486699999999997	6.357749999999999	4.2267	0.55197	0.6086699999999999	2.11035	0.5466799999999999	0.8217399999999999	2.02902	1.6010900000000001	1.52502	1.36676	0.5254	1.39054	7.73384	1.51037	0.0	0.0	1.51708	0.0	0.0	0.0
Node 9		0.0	1.8617299999999999	0.0	0.96711	0.0	4.30727	3.46146	0.7785700000000001	0.9997499999999999	1.4880900000000001	2.5572999999999997	1.71532	1.19641	0.0	0.0	0.7311599999999999	3.0662	1.99791	1.2648700000000002	0.0	0.0	0.0	0.0
Node 122		1.36798	0.73543	3.23239	4.9502999999999995	0.8368499999999999	3.8832899999999997	3.20135	1.9467499999999998	0.0	0.53844	3.1462999999999997	0.0	1.71494	3.8863300000000005	1.151	4.57178	3.27087	1.21259	4.68624	0.0	0.0	0.0	0.0
Node 184		0.7501599999999999	1.87825	2.67503	3.08034	0.78836	2.87451	1.2071999999999998	0.53029	2.53423	1.4988	1.7781399999999998	3.19075	1.35121	3.1295200000000003	1.24448	3.06563	3.09513	0.50722	2.9618599999999997	0.0	0.0	0.0	0.0
Node 156		2.68423	0.0	3.22002	0.8626999999999999	0.55197	0.66315	3.68005	0.0	1.4124599999999998	0.0	0.0	1.5624	2.24702	2.02501	0.0	1.28362	0.0	1.2003	1.95878	0.0	0.0	0.0	0.0
Node 126		1.49687	6.07003	0.9823200000000001	2.34719	2.42002	2.98612	0.0	0.947	2.69064	1.30892	1.57554	1.55277	0.5522	4.88464	0.5254	4.33101	0.82491	1.31714	0.94555	0.0	0.0	0.0	0.0
Node 110		3.19676	2.3419100000000004	1.40515	1.3997300000000001	3.8565500000000004	2.37137	0.7158399999999999	0.77479	1.7409899999999998	2.24043	2.35878	0.95734	0.0	2.23791	1.52456	3.30549	2.49398	1.2010399999999999	2.52907	0.0	0.0	0.0	0.0
Node 194		0.6354099999999999	3.7808	0.0	5.69586	0.0	3.1924	0.0	2.1912399999999996	3.2197299999999998	0.0	1.7944399999999998	2.76432	1.71494	1.9624	0.8764700000000001	3.0157599999999998	1.2944900000000001	0.50722	0.7689699999999999	0.0	0.0	0.0	0.0
