Node 38		5.725849999999999	5.21047	6.65362	6.162129999999999	8.703180000000001	3.8234200000000005	2.84306	5.46734	8.096689999999999	5.94625	5.71025	5.0953	3.4548200000000002	5.74357	5.1755700000000004	4.765429999999999	1.36305	4.62293	4.7566299999999995	1.74085	0.0	0.0	0.0
Node 144		6.6700099999999996	4.68895	7.5127	3.9012100000000003	4.17726	3.9519100000000003	7.07578	2.77759	4.15385	2.77904	4.28784	3.23186	1.7549100000000002	4.72619	5.90729	8.6044	6.2566	7.169929999999999	4.0476	2.13165	0.0	0.0	0.0
Node 197		5.9454	3.5820200000000004	7.75979	6.38117	6.6996	7.80696	6.7237599999999995	4.26264	2.61753	6.3042	4.04108	5.37353	4.340879999999999	5.10829	3.91327	3.26076	3.59628	3.9360600000000003	2.1019900000000002	3.06201	0.0	0.0	0.0
Node 111		5.3717	7.2186	5.83652	4.041510000000001	2.88211	1.6131800000000003	4.621659999999999	3.6393099999999996	3.7251	6.539789999999999	6.36095	4.50524	2.10364	5.4279	2.1816999999999998	3.00534	6.25038	5.5916500000000005	4.66685	1.5985699999999998	0.0	0.0	0.0
Node 168		4.56508	7.64862	7.9558599999999995	4.2488600000000005	6.58025	6.82981	5.70333	2.77429	6.2848500000000005	5.03441	4.572360000000001	5.34244	3.0086399999999998	5.29136	1.92986	7.82211	4.93001	8.975710000000001	4.4372	0.0	0.0	0.0	0.0
Node 95		7.2558300000000004	3.2803600000000004	6.87392	2.7546399999999998	7.4486300000000005	6.390949999999999	4.0257000000000005	4.67293	2.5298000000000003	5.7752	4.68347	7.09852	4.44929	4.841340000000001	5.59875	7.68346	6.521789999999999	4.43363	5.01928	1.5985699999999998	0.0	0.0	0.0
Node 170		5.53416	4.02331	4.3509	4.697579999999999	5.48299	4.81573	4.4865200000000005	1.65749	4.86515	6.28198	4.17243	8.703470000000001	4.82953	5.64281	5.41687	7.36711	3.85255	7.13304	5.44114	0.9308500000000001	0.0	0.0	0.0
Node 153		5.11205	5.68232	9.36312	4.27677	6.4334299999999995	6.8648	2.84436	5.371440000000001	3.1980099999999996	3.3263300000000005	4.12366	4.95266	8.791	8.26271	2.50678	4.88317	7.324260000000001	3.77387	2.00327	0.0	0.0	0.0	0.0
Node 128		2.94164	8.92788	4.53067	4.11127	8.127080000000001	1.49025	4.916510000000001	6.0709800000000005	4.5657000000000005	4.22872	4.2181299999999995	2.0944399999999996	5.992929999999999	4.10298	5.84981	4.25511	6.60912	5.87005	6.79595	1.46393	0.0	0.0	0.0
Node 118		5.77116	4.45186	4.22291	4.79342	3.6707799999999997	7.03133	1.91315	8.1096	7.76869	4.334	5.39523	4.92304	5.68561	3.8492699999999997	5.90285	4.03766	4.81581	3.32568	3.35899	0.0	0.0	0.0	0.0
Node 179		3.1521399999999997	4.77949	7.307379999999999	2.87755	7.44895	5.805210000000001	6.05652	2.40622	5.06654	5.41827	4.0755300000000005	2.27765	2.0541899999999997	7.61333	4.79768	2.03845	4.72513	8.3941	9.19318	0.58672	0.0	0.0	0.0
Node 26		4.70488	3.9391000000000003	7.80173	5.5173	5.05457	4.608890000000001	7.04484	5.27266	9.04011	6.14663	8.6695	8.3715	1.8636599999999999	5.208539999999999	7.152989999999999	4.04157	6.900530000000001	5.592169999999999	1.46344	2.52942	0.0	0.0	0.0
Node 75		8.8564	6.99829	2.52943	8.48147	6.415800000000001	3.17632	2.56411	4.0995099999999995	4.24747	4.51422	6.50178	8.02314	6.19786	3.3390700000000004	4.187939999999999	8.275459999999999	5.41728	7.250030000000001	4.21077	2.18529	0.0	0.0	0.0
Node 149		9.26427	8.84826	6.75833	6.40763	5.28727	5.51166	1.51932	3.6608300000000003	7.178279999999999	4.69882	5.3205	4.7822499999999994	4.14645	5.89281	4.96228	8.00346	4.05529	7.85396	4.55574	0.9308500000000001	0.0	0.0	0.0
Node 139		6.851	4.11298	7.66444	7.572900000000001	6.85997	5.33567	3.74683	4.7387	2.94388	4.57983	6.874	5.483099999999999	4.62952	6.20399	2.98246	5.883789999999999	4.11355	4.00379	2.7604900000000003	0.9308500000000001	0.0	0.0	0.0
Node 49		4.12223	5.96548	6.07981	3.4515499999999997	7.589319999999999	4.72274	4.24151	6.8444	2.60782	5.85407	4.546130000000001	4.45667	2.21433	3.51002	7.97794	3.8696	6.2220200000000006	4.53403	4.54718	2.86065	0.0	0.0	0.0
Node 30		6.04227	3.94534	8.78164	3.20248	7.874680000000001	5.4045000000000005	7.59465	7.03747	6.412669999999999	3.88253	6.17954	5.9823	2.12499	5.27612	9.64315	7.35044	5.72518	2.95776	5.87331	1.9298	0.0	0.0	0.0
Node 25		7.08617	7.782590000000001	6.46746	6.47254	4.03336	6.05222	6.18602	4.35721	5.77368	3.73299	4.04955	5.9004199999999996	8.7651	4.64039	4.0912299999999995	8.42172	5.536420000000001	6.2657099999999994	1.1602899999999998	1.74085	0.0	0.0	0.0
Node 167		3.99554	5.8803	3.9235800000000003	1.57247	5.5571	4.98527	3.2485100000000005	5.63505	3.71172	4.10123	3.3430799999999996	7.16719	6.08646	5.28372	4.58586	3.2077099999999996	7.4975700000000005	6.66216	4.34094	1.74085	0.0	0.0	0.0
Node 66		6.827859999999999	9.914380000000001	6.4502500000000005	2.1670499999999997	2.18585	5.34915	3.74683	3.9084800000000004	3.02376	4.455979999999999	6.405320000000001	3.48172	4.7589	8.4297	5.58706	6.3014600000000005	5.1947	4.617050000000001	2.18785	1.74085	0.0	0.0	0.0
Node 122		7.450629999999999	3.3622	7.363169999999999	5.9479999999999995	5.29335	5.11557	5.07013	5.95703	6.469080000000001	5.3099300000000005	5.5149099999999995	4.48514	5.72295	3.4694700000000003	6.829540000000001	5.8261199999999995	5.01823	5.43035	2.68412	0.8099999999999999	0.0	0.0	0.0
Node 36		7.56315	6.706670000000001	5.00152	3.9921900000000003	6.03986	6.6879800000000005	3.32819	7.60383	4.90323	6.77694	4.96502	7.0775500000000005	6.5717	9.3233	6.547070000000001	2.47385	4.26766	3.24639	5.65113	1.34308	0.0	0.0	0.0
Node 180		7.69917	3.65725	4.35696	3.7521400000000003	3.27143	6.71726	4.4544500000000005	5.30419	3.12277	2.45695	4.78834	2.54275	5.35156	4.2073	4.77931	3.13584	2.78911	6.591279999999999	2.30565	0.8099999999999999	0.0	0.0	0.0
Node 175		7.1569400000000005	6.03588	7.2267600000000005	3.4231900000000004	5.49779	3.2474000000000003	8.77186	6.34426	4.96375	5.31398	5.51715	3.62305	5.13779	8.19914	3.6913799999999997	7.715800000000001	5.99299	5.07259	5.65203	1.5985699999999998	0.0	0.0	0.0
Node 70		8.62214	5.28565	4.60881	6.378979999999999	6.1027	2.31061	5.27289	6.5804100000000005	5.92873	6.80321	7.51658	5.3096499999999995	5.81961	5.95739	8.91512	4.5312	3.9810900000000005	4.2187	3.5203499999999996	0.9308500000000001	0.0	0.0	0.0
Node 108		4.68599	4.265689999999999	9.49587	2.7252	5.5326	8.56651	6.7482	5.04446	4.5088799999999996	5.28827	7.800260000000001	5.064	5.36244	5.51747	2.99964	1.4859900000000001	2.49774	6.19427	2.23474	0.9308500000000001	0.0	0.0	0.0
Node 39		5.93877	6.89266	8.552	4.49613	6.40962	4.6712299999999995	6.371359999999999	5.3831	0.9917699999999999	5.00352	8.05187	6.80378	4.3248	1.5703600000000002	6.30699	1.57355	5.64085	5.53637	2.93363	1.74085	0.0	0.0	0.0
Node 82		6.257840000000001	3.6871300000000002	7.93811	7.47318	5.883929999999999	5.6395800000000005	3.6041499999999997	7.14043	8.05035	7.39922	10.61647	4.68093	5.57325	6.60646	5.2948	4.42747	4.21713	2.83167	6.26012	2.13165	0.0	0.0	0.0
Node 40		4.68666	4.27419	4.535489999999999	3.56169	5.26809	5.63664	2.97681	4.49898	7.2061	6.98447	11.01825	6.24658	4.50105	3.46735	3.81467	4.13126	4.65581	5.00242	4.09263	0.9308500000000001	0.0	0.0	0.0
Node 142		1.38893	6.563689999999999	4.1225499999999995	8.40575	5.75491	3.11461	2.84358	5.42674	5.81847	8.92621	5.57693	2.26572	8.089590000000001	5.09736	5.938750000000001	5.14688	4.7348099999999995	7.87017	1.3752900000000001	1.74085	0.0	0.0	0.0
Node 184		6.963080000000001	3.59339	8.13987	2.83706	4.70972	5.05192	6.08487	4.94466	4.16134	5.25167	6.20555	5.34213	7.25951	5.13415	6.980300000000001	7.32216	4.84635	6.18637	2.70598	0.9308500000000001	0.0	0.0	0.0
Node 76		5.48935	5.28391	5.12253	7.93388	1.78643	7.57029	3.9984400000000004	4.39526	3.23412	8.12826	3.88502	5.7939	4.36763	2.3225599999999997	5.15031	7.6842	7.02186	3.5671	2.5190799999999998	1.3967200000000002	0.0	0.0	0.0
Node 155		4.603079999999999	1.67942	9.30788	3.20429	5.84637	5.23003	4.58354	5.38999	2.74988	9.39864	5.06063	7.12281	8.083590000000001	6.82276	6.953479999999999	5.24979	7.030200000000001	6.30053	2.81913	0.8099999999999999	0.0	0.0	0.0
Node 196		4.78796	3.7251399999999997	6.42798	5.55153	6.838819999999999	6.64984	4.58057	4.40387	5.9523	5.82116	6.12446	4.36139	6.17708	5.49931	3.77406	2.29542	5.67483	4.88153	3.4082500000000002	1.86121	0.0	0.0	0.0
Node 97		6.60544	6.11495	6.7425299999999995	6.48592	6.203659999999999	5.79537	6.16898	6.91896	3.42832	4.4583699999999995	3.3405700000000005	2.08915	6.802709999999999	7.549309999999999	7.6116600000000005	5.65233	3.5423299999999998	6.9121500000000005	2.30565	0.9308500000000001	0.0	0.0	0.0
Node 117		7.7942	3.84916	6.0703	5.1550199999999995	3.9564399999999997	5.23829	1.8643199999999998	3.01894	7.9552700000000005	3.7350000000000003	10.8497	8.39023	4.16469	4.20347	3.92562	2.73849	6.403549999999999	7.5122599999999995	1.55757	0.9308500000000001	0.0	0.0	0.0
Node 14		5.3039700000000005	3.97925	7.43504	4.86717	7.95464	2.49783	3.4875200000000004	3.81429	3.9167199999999998	3.65288	7.12956	7.075679999999999	6.86925	4.44555	5.672230000000001	2.98585	5.48996	4.36466	3.4690899999999996	0.9308500000000001	0.0	0.0	0.0
Node 102		8.88627	5.83296	3.9195	4.70659	6.845750000000001	5.39299	2.6025300000000002	4.07979	7.656599999999999	5.55434	7.160410000000001	6.849959999999999	2.1416	7.6849799999999995	5.72091	9.5639	5.96813	4.51297	5.16268	1.46393	0.0	0.0	0.0
Node 185		5.54155	1.3502800000000001	5.46593	4.60261	4.73601	5.65858	4.3795399999999995	5.46734	7.564029999999999	7.0895600000000005	5.85191	4.14058	3.67598	3.97687	7.817	2.2186999999999997	5.95264	5.59915	5.2288	0.8099999999999999	0.0	0.0	0.0
Node 18		5.7085	9.26553	6.90953	4.24145	8.39906	6.28273	7.0605	4.4379599999999995	2.63718	7.17198	8.48713	6.3566899999999995	3.23383	5.74357	5.95571	7.415380000000001	4.72661	5.9415700000000005	6.39203	1.34308	0.0	0.0	0.0
Node 47		5.92097	7.121049999999999	4.31854	5.51235	7.22704	4.28583	6.47881	4.6004000000000005	5.9333	3.46582	3.93566	3.7185900000000003	3.77684	2.26884	4.38709	4.82123	6.2305600000000005	5.35377	7.36855	1.86121	0.0	0.0	0.0
Node 133		10.26188	2.37585	3.5972999999999997	3.9717700000000002	6.47455	3.5458299999999996	4.31176	4.64043	2.82385	2.89254	5.71055	7.53964	3.41313	5.36385	9.23009	6.30628	6.75167	6.30318	5.3091	1.46344	0.0	0.0	0.0
Node 86		5.91592	5.64437	6.03697	5.0072600000000005	6.74221	3.1527600000000002	6.458500000000001	3.7506200000000005	5.02003	5.55809	6.92077	6.12997	7.291549999999999	7.10472	3.40276	6.86061	4.98599	9.56612	2.87827	0.8099999999999999	0.0	0.0	0.0
Node 178		4.220079999999999	1.4733100000000001	3.42002	6.62017	5.97513	4.32991	0.63385	4.07011	3.81	3.1680399999999995	3.05592	7.8684199999999995	4.2878	5.4273	7.98039	6.442430000000001	4.27634	3.3579600000000003	4.50528	1.51757	0.0	0.0	0.0
Node 13		5.99144	5.95915	7.42959	1.9661899999999999	3.96755	7.34972	6.2904	6.4890799999999995	4.463360000000001	5.25114	4.54861	4.35618	4.94625	6.63234	3.92842	3.6692799999999997	6.45548	4.40661	6.493500000000001	0.9308500000000001	0.0	0.0	0.0
Node 42		8.90315	5.870290000000001	5.93539	3.81771	2.8738799999999998	6.671240000000001	2.26195	9.72923	3.55643	8.976	6.97478	3.26858	6.40203	5.11758	5.82694	6.259779999999999	8.90414	6.844069999999999	1.32165	1.74085	0.0	0.0	0.0
Node 60		4.06508	6.495140000000001	11.53501	6.21621	7.2974	4.33884	5.77853	6.0491	6.375640000000001	6.854	7.72824	4.12654	6.95497	5.38072	4.07747	6.517449999999999	3.76001	5.26054	2.71951	2.52942	0.0	0.0	0.0
Node 195		3.4478	5.42498	5.94469	6.627909999999999	3.63585	4.35972	5.77885	4.37561	4.6793000000000005	4.02181	7.22783	6.88574	9.19708	4.63532	2.06615	5.6817	6.541650000000001	8.46652	4.63024	1.71942	0.0	0.0	0.0
Node 57		6.28851	6.22286	2.98656	5.05014	9.057039999999999	6.0275099999999995	2.2266399999999997	5.41258	4.76197	4.27407	4.36725	6.65791	4.49932	3.74256	1.54766	4.00471	7.88095	4.0391900000000005	0.68162	0.0	0.0	0.0	0.0
Node 123		8.2799	3.5435300000000005	6.7019899999999994	3.89517	7.96251	4.68366	7.2456499999999995	4.06238	4.24662	2.3019000000000003	4.82461	5.67294	2.88265	5.66293	4.36048	3.48057	7.019069999999999	1.71076	6.4349799999999995	1.51757	0.0	0.0	0.0
Node 6		3.64705	6.7346900000000005	8.29174	2.90911	5.1242	5.53449	8.18064	5.27627	4.16674	4.22508	5.58337	5.33251	5.6311800000000005	3.7245500000000002	6.22749	4.61573	5.38464	2.35166	4.88306	0.8099999999999999	0.0	0.0	0.0
Node 124		6.04262	3.11353	7.03813	7.492999999999999	3.83873	4.706119999999999	5.75379	4.5488	3.94109	5.16439	2.30475	9.610100000000001	6.4130199999999995	5.6531199999999995	6.29251	6.560040000000001	4.40629	4.29294	5.13946	2.2525	0.0	0.0	0.0
Node 51		8.490649999999999	7.19264	4.15583	5.15274	4.07461	4.39493	4.63795	6.3893699999999995	4.43159	5.03118	7.79305	3.2235	6.24601	6.4595	8.11869	7.6649400000000005	1.7809599999999999	7.78373	5.51789	0.0	0.0	0.0	0.0
Node 152		6.48762	6.64045	6.90413	4.47058	6.91023	6.10926	7.86457	8.54696	4.58012	5.8363499999999995	3.8910599999999995	6.1853	7.85815	3.6908499999999997	3.0323800000000003	7.58235	4.02769	7.38849	4.19797	2.27393	0.0	0.0	0.0
Node 52		3.8404000000000003	4.5826199999999995	9.05501	3.82625	3.8878000000000004	4.19128	5.4577800000000005	3.27786	4.76602	7.057370000000001	5.8190100000000005	6.88155	4.13563	4.28888	7.709009999999999	6.96225	5.98595	4.92918	2.75066	1.34308	0.0	0.0	0.0
Node 44		6.32865	1.38354	3.5676300000000003	6.315840000000001	4.7116	5.38856	3.40036	4.69822	5.4197500000000005	6.5041	4.56161	5.0881	3.29916	4.60162	1.64989	2.88551	3.97719	3.4315900000000004	2.2016899999999997	0.9308500000000001	0.0	0.0	0.0
Node 92		3.52176	3.213	3.42521	4.848269999999999	6.37541	5.1933	4.76589	6.2127799999999995	4.981590000000001	4.992909999999999	7.50334	2.34443	5.56918	5.26415	5.00566	6.14795	4.67511	2.88015	2.18785	1.74085	0.0	0.0	0.0
Node 125		7.10306	4.25571	7.60488	5.78571	4.83983	6.09798	5.8703199999999995	5.07909	6.11958	6.48928	4.00617	7.88976	4.7866	4.47525	8.63057	4.24003	5.563549999999999	4.0877799999999995	2.84147	1.7403600000000001	0.0	0.0	0.0
Node 28		5.23768	4.93332	4.86898	4.20904	6.22174	4.94958	1.7624399999999998	6.65569	5.66607	3.89103	5.12168	4.5309099999999995	4.00874	4.61254	7.757949999999999	3.9458	4.61254	5.14939	4.4985	2.30614	0.0	0.0	0.0
Node 190		4.00232	5.80051	6.21556	5.62218	2.24874	2.16072	8.74685	3.90918	3.49598	2.29057	4.38476	4.2656600000000005	3.64947	4.43595	5.27376	3.05455	3.01453	3.0862	1.9043500000000002	1.46393	0.0	0.0	0.0
Node 16		7.69792	3.79714	4.1834299999999995	2.77009	3.5224699999999998	4.838760000000001	3.9001099999999997	3.39488	2.86611	1.43408	3.2735	5.61691	6.22739	6.87075	4.68173	5.3122799999999994	4.9521299999999995	3.86899	4.965660000000001	1.34308	0.0	0.0	0.0
Node 113		8.645890000000001	3.7199999999999998	6.878520000000001	3.60665	5.41573	5.32051	7.275239999999999	4.04826	4.3066	3.7766800000000003	0.5806399999999999	5.44215	8.95676	6.21142	4.16116	4.98867	8.93979	7.5327	0.7885700000000001	0.0	0.0	0.0	0.0
Node 74		9.61032	7.522710000000001	4.89654	4.56599	3.00395	7.628890000000001	3.42537	4.32617	5.02976	4.04107	6.670769999999999	7.08666	5.30586	6.49417	5.77669	3.27944	3.07025	5.83087	4.16037	0.8099999999999999	0.0	0.0	0.0
Node 148		9.28616	6.71253	6.680949999999999	6.37522	6.974869999999999	4.59833	5.43274	7.24726	2.44626	4.83305	4.68283	5.64936	3.58141	4.24306	9.55498	2.76917	2.91618	2.00453	4.3205599999999995	0.0	0.0	0.0	0.0
Node 68		7.93717	6.92272	2.2803400000000003	4.40743	6.73601	2.0774999999999997	6.17029	6.7479499999999994	6.59486	6.019349999999999	5.23688	6.55086	3.92259	5.61306	5.54285	2.8911	2.33874	3.6843800000000004	6.553249999999999	1.74085	0.0	0.0	0.0
Node 89		8.78541	7.2274	7.91532	3.5858099999999995	3.96497	4.22567	4.8111500000000005	4.64317	6.55187	7.29306	5.26206	6.00444	11.31188	5.97923	4.24127	4.25424	6.071610000000001	8.24037	4.52529	1.71942	0.0	0.0	0.0
Node 78		5.71746	3.6986900000000005	6.802709999999999	1.7594100000000001	5.61122	9.70594	5.25951	5.7938	4.34267	6.71007	4.67803	4.69029	4.75572	3.1986	3.24778	3.87759	3.77316	6.6309499999999995	0.7885700000000001	0.0	0.0	0.0	0.0
Node 119		4.7172600000000005	7.0422	6.79778	7.30243	6.82081	5.64014	4.58322	3.18753	5.81847	9.03462	2.86492	6.9913799999999995	2.36218	3.10955	7.08548	4.47508	6.2798300000000005	1.8915899999999999	2.87285	1.7403600000000001	0.0	0.0	0.0
Node 41		7.619190000000001	9.170549999999999	5.12072	2.9778700000000002	4.7712699999999995	6.91476	4.50317	6.465809999999999	6.23569	7.235600000000001	4.399299999999999	7.4093599999999995	3.03147	4.79945	6.881819999999999	2.12913	6.91113	6.36882	1.34487	0.0	0.0	0.0	0.0
Node 59		4.47654	3.46037	5.4254999999999995	7.2391	5.49632	3.65289	3.8172900000000003	4.749840000000001	2.27943	5.08203	4.28882	5.03359	5.8969000000000005	4.25014	4.00904	6.165430000000001	6.695460000000001	3.67458	2.2629099999999998	0.9308500000000001	0.0	0.0	0.0
Node 67		6.26181	5.96076	1.97366	4.482959999999999	2.28385	5.3494	4.899570000000001	4.83781	5.72633	1.3335400000000002	1.47703	4.099690000000001	5.712409999999999	10.63834	4.08131	4.62953	6.01877	1.2003	4.23801	1.74085	0.0	0.0	0.0
Node 56		5.75008	6.7041699999999995	5.1175999999999995	4.6266799999999995	2.29503	3.05407	2.4863	4.65022	7.066809999999999	7.689940000000001	4.7346	8.476799999999999	3.53175	4.7131300000000005	5.892180000000001	3.70355	4.73797	8.23079	3.65223	1.32165	0.0	0.0	0.0
Node 169		7.48366	5.8803	5.9845500000000005	4.8415300000000006	6.32265	4.80948	2.62648	8.32371	7.9085600000000005	5.7587600000000005	4.76217	4.91218	5.06973	5.71031	4.16908	5.19854	3.4732899999999995	4.16669	2.73178	1.74085	0.0	0.0	0.0
Node 53		4.20695	6.36902	2.3145	7.342899999999999	5.43025	5.40901	4.29785	7.98944	5.80131	6.1762999999999995	2.32985	8.089	6.9475999999999996	3.44323	6.41578	4.40512	7.9575000000000005	4.22373	2.75637	0.7885700000000001	0.0	0.0	0.0
Node 141		8.61651	1.8685	4.06691	5.72119	4.08429	6.44091	2.9782699999999998	3.7369	1.62399	6.392580000000001	3.89663	5.41588	5.16993	3.4694700000000003	5.14102	6.90259	7.76001	5.33069	5.00667	0.0	0.0	0.0	0.0
Node 131		7.2976600000000005	6.635910000000001	4.16483	3.89843	3.9793299999999996	6.33452	2.73927	8.78626	4.68415	5.05041	1.68214	3.68758	4.675619999999999	6.0612699999999995	7.077039999999999	4.64656	9.930959999999999	8.37791	4.76707	0.9308500000000001	0.0	0.0	0.0
Node 9		7.08188	1.5024600000000001	4.54571	5.16313	2.9232899999999997	5.92826	5.645569999999999	3.07253	2.7125	5.66116	5.8121100000000006	6.6644499999999995	7.31759	10.65914	5.56385	4.98867	6.797739999999999	5.10738	4.3262	1.46393	0.0	0.0	0.0
Node 17		7.852860000000001	5.4186499999999995	8.00813	3.5703699999999996	3.0717399999999997	3.19219	5.15846	7.23659	6.392040000000001	3.14606	5.06655	6.4796000000000005	1.8788	3.8785600000000002	7.33013	5.03013	7.206899999999999	3.96107	1.9488599999999998	0.0	0.0	0.0	0.0
Node 183		7.71356	6.35375	8.47054	4.38109	3.53124	2.8412699999999997	4.92626	11.5885	5.90838	3.5282099999999996	4.94565	4.158189999999999	5.31917	4.64497	6.296340000000001	6.73861	6.08751	6.1824900000000005	3.07213	0.9308500000000001	0.0	0.0	0.0
Node 137		5.36878	7.31465	2.50221	7.64271	7.04926	4.60203	2.67995	5.657439999999999	5.22027	4.68203	3.99325	5.44569	5.15554	5.86773	8.22203	6.5103800000000005	5.39257	6.95055	7.49907	0.0	0.0	0.0	0.0
Node 115		7.28534	5.10405	4.36484	2.9778700000000002	5.5363500000000005	0.67043	1.27006	6.510680000000001	4.78326	3.77162	3.6044300000000002	5.21465	5.0363299999999995	2.2908999999999997	6.1198500000000005	4.72881	4.7378	6.53605	3.37454	0.9308500000000001	0.0	0.0	0.0
Node 106		2.04949	3.78801	3.7003	4.96722	4.99212	3.43868	3.0609	3.32033	3.23452	9.42167	6.44624	7.188749999999999	5.55663	7.5769	4.14323	2.64215	4.21043	8.13152	5.805289999999999	0.9308500000000001	0.0	0.0	0.0
Node 84		8.52373	1.49322	6.2141399999999996	5.87998	6.255800000000001	3.79931	2.6170999999999998	3.3411299999999997	3.1755199999999997	4.45299	3.8417	4.91436	6.76226	8.52556	9.75609	4.74198	2.98731	5.0471200000000005	1.71893	0.8099999999999999	0.0	0.0	0.0
Node 81		8.219750000000001	5.84299	4.4756	5.5883	2.38385	2.92055	1.32147	7.19636	3.71396	8.04955	3.6242499999999995	4.3780399999999995	2.12499	5.8065999999999995	2.38579	3.11969	8.4879	3.39755	4.3158	0.7885700000000001	0.0	0.0	0.0
Node 54		8.42169	4.623469999999999	6.10401	6.11853	2.9007899999999998	5.50974	1.98252	6.29245	5.48334	8.103720000000001	5.162520000000001	2.75975	2.79318	6.68855	3.82947	4.66647	3.82442	2.8265100000000003	0.53308	0.9308500000000001	0.0	0.0	0.0
Node 163		6.07621	5.36583	5.01502	4.12218	4.32793	7.348789999999999	5.10881	6.89327	6.2114	4.73673	5.76804	5.307259999999999	5.62768	0.90709	5.4230599999999995	6.04121	4.42296	4.43205	4.7569300000000005	1.5985699999999998	0.0	0.0	0.0
Node 23		6.19364	3.2533100000000004	4.55577	5.06574	3.7874199999999996	3.0494	3.78737	4.48205	6.25856	5.08097	3.2658199999999997	5.26989	11.33942	2.19246	3.86694	4.91184	3.84414	9.33138	5.8175799999999995	0.0	0.0	0.0	0.0
Node 181		6.44953	7.24792	4.8141799999999995	6.15255	5.4231300000000005	4.56132	4.51472	6.86674	1.9149699999999998	6.49884	9.15056	4.39398	9.7696	6.23638	8.732289999999999	2.88551	5.4875300000000005	4.789560000000001	4.968920000000001	1.5985699999999998	0.0	0.0	0.0
Node 3		0.0	6.01958	3.46975	3.76675	7.29195	3.77331	5.13913	4.8307	4.97987	3.3330400000000004	5.21372	5.62137	9.1005	4.78318	4.85755	5.31599	3.47627	8.21143	7.1529300000000005	0.0	0.0	0.0	0.0
Node 27		8.92536	3.95949	8.5844	2.8803	3.66964	3.51678	2.77719	6.87327	4.54448	4.69151	3.6113199999999996	4.16559	4.48091	2.88605	4.79911	5.2803700000000005	2.62475	3.3992099999999996	4.50669	2.13165	0.0	0.0	0.0
Node 90		3.76626	3.3981200000000005	9.89224	5.07973	4.47441	8.21139	4.87322	6.85843	4.35612	5.30179	5.34448	5.3723399999999994	1.57498	6.657589999999999	5.34427	3.96758	8.003409999999999	2.73252	4.90787	0.0	0.0	0.0	0.0
Node 176		6.870089999999999	6.098669999999999	2.31857	7.40445	6.861630000000001	4.7336	5.05863	3.6527900000000004	3.70451	3.1381300000000003	4.82324	6.986390000000001	2.37263	6.471920000000001	4.62127	5.61916	4.50861	7.75846	4.63432	0.9308500000000001	0.0	0.0	0.0
Node 45		7.49812	4.4295800000000005	4.41794	1.2589899999999998	4.5476	4.03728	3.11506	3.708	4.45743	5.12033	4.67084	5.9538	5.8502600000000005	7.95548	4.46998	3.73524	7.413	5.63288	5.37881	1.3752900000000001	0.0	0.0	0.0
Node 31		6.426800000000001	5.54386	2.4051199999999997	3.4046	4.08559	5.79401	3.27764	2.81588	6.574660000000001	3.8664400000000003	7.29353	5.90217	3.73309	4.75919	5.46725	5.3551	1.88838	7.1992	8.81243	2.64978	0.0	0.0	0.0
Node 43		4.7123	5.87148	4.10425	4.95852	7.04491	4.47896	2.79515	4.88906	4.79808	5.45909	3.2996499999999997	6.48647	4.77863	5.95219	4.00541	4.00676	6.57784	2.4617	4.82747	2.27393	0.0	0.0	0.0
Node 46		5.28487	5.50913	5.28725	5.1533500000000005	5.3015	7.445259999999999	6.93306	3.46415	3.0422700000000003	4.53326	5.160089999999999	4.6514	2.1638100000000002	2.67711	7.931489999999999	6.990780000000001	6.28191	3.73951	6.289160000000001	0.0	0.0	0.0	0.0
Node 88		3.51442	2.89557	4.44921	6.02123	3.62386	5.58585	6.4821	2.74757	5.48296	3.2214199999999997	5.76923	4.656960000000001	5.39018	3.3824	5.65439	1.7809599999999999	5.94088	3.0397600000000002	5.75098	2.67121	0.0	0.0	0.0
Node 34		6.82276	5.65199	4.741	4.98212	4.94584	4.70038	5.29241	4.7603	5.2843599999999995	1.8540899999999998	2.11237	6.46721	3.864	3.8785600000000002	2.78131	4.69908	4.75621	4.47206	4.76112	1.74085	0.0	0.0	0.0
Node 134		3.1999600000000004	4.6088700000000005	3.3358199999999996	6.98558	6.70835	7.07425	3.81059	4.02379	4.32665	5.76326	7.52091	4.36888	6.94592	5.37906	9.21425	3.63415	7.09414	3.97519	4.09896	0.9308500000000001	0.0	0.0	0.0
Node 7		7.10895	8.16187	8.15429	5.7778599999999996	9.4129	3.17632	5.09372	5.4467	5.08631	7.48035	3.92584	6.683160000000001	2.83012	5.48257	4.43986	4.27184	4.8999	4.9455800000000005	3.9980700000000002	0.9308500000000001	0.0	0.0	0.0
Node 0		5.41226	5.69247	4.24396	4.32969	4.57486	10.69644	7.63075	5.61418	4.0867	5.0336300000000005	8.55153	6.261410000000001	5.361260000000001	6.7492	6.680129999999999	5.64234	7.33341	3.1304199999999995	4.20754	3.45978	0.0	0.0	0.0
Node 98		4.0174	5.9752600000000005	4.97109	5.63825	7.431749999999999	4.79116	5.1006599999999995	5.20786	6.19487	5.46485	5.85853	2.60526	7.98931	7.62202	6.193309999999999	6.1240000000000006	5.44041	6.597790000000001	2.0025	0.8099999999999999	0.0	0.0	0.0
Node 188		4.42156	3.4577299999999997	4.15822	5.95313	5.84871	6.98389	1.3462699999999999	4.53795	4.7406999999999995	5.35647	10.337290000000001	6.54778	6.78792	4.44037	3.97894	6.96113	5.26289	4.00511	1.90837	0.8099999999999999	0.0	0.0	0.0
Node 10		6.32756	8.301400000000001	5.23478	3.91738	4.585	7.45034	6.918290000000001	9.23449	4.111759999999999	6.01209	4.77414	6.18994	3.40455	5.36646	7.32015	4.09287	6.37292	6.09983	2.93286	1.86121	0.0	0.0	0.0
Node 159		5.8769	5.57519	7.40413	3.2076800000000003	1.34104	4.58141	5.70764	4.23031	3.98936	6.351800000000001	3.8981000000000003	4.51869	4.00904	4.55537	6.63348	3.73524	4.72398	6.34589	4.9425799999999995	0.9308500000000001	0.0	0.0	0.0
Node 35		4.43689	3.8071599999999997	4.39849	2.38265	6.467249999999999	6.57743	3.54999	6.294619999999999	4.0742199999999995	3.9385700000000003	4.43048	7.577649999999999	4.31393	6.756810000000001	4.3205800000000005	3.88663	6.60935	6.76059	7.3061	0.9308500000000001	0.0	0.0	0.0
Node 199		9.29819	8.29068	3.69706	7.42526	5.38687	7.9380500000000005	3.78591	5.18904	2.8393100000000002	8.09023	5.38455	4.6028899999999995	4.39733	3.47784	8.45326	4.43867	5.9897100000000005	3.3309400000000005	2.02649	0.9308500000000001	0.0	0.0	0.0
Node 48		3.93492	1.2703900000000001	4.80566	5.98642	6.734179999999999	5.92159	3.8935699999999995	2.22012	3.8812800000000003	3.7039999999999997	7.93552	3.614	1.46259	5.40897	5.38491	6.169899999999999	8.460180000000001	6.10814	3.31039	0.0	0.0	0.0	0.0
Node 63		8.01503	5.75524	5.0559199999999995	4.95035	2.81042	1.37275	1.8410099999999998	5.26574	2.27366	4.87206	5.7817	4.0330900000000005	9.58816	2.99293	7.91862	7.28242	4.28046	7.722160000000001	3.65129	1.74085	0.0	0.0	0.0
Node 143		4.3408500000000005	4.24398	5.90306	6.41143	8.016779999999999	6.334090000000001	1.3462699999999999	7.94555	8.54269	3.69564	8.21114	0.97955	3.86189	7.203869999999999	3.84716	6.29465	4.28828	6.08722	8.51489	0.9308500000000001	0.0	0.0	0.0
Node 172		7.407710000000001	4.45878	4.9430000000000005	4.31578	3.36607	4.3645000000000005	2.27848	5.1768	4.64416	5.52681	4.93696	4.64018	4.061859999999999	3.44412	2.35439	3.27222	8.63059	7.019970000000001	5.18126	2.64978	0.0	0.0	0.0
Node 198		3.26741	3.3726	6.60064	6.12392	5.0295	5.64109	3.6743699999999997	3.0824000000000003	2.85792	4.58831	5.7048000000000005	5.60105	8.41142	5.494829999999999	9.3381	4.49172	6.84955	5.32174	6.00462	0.9308500000000001	0.0	0.0	0.0
Node 19		5.116140000000001	5.73175	7.010280000000001	2.09584	4.27777	4.476369999999999	5.13948	6.94014	4.970689999999999	7.54509	3.97159	5.41867	3.91493	3.1785099999999997	5.29318	7.86644	7.22588	4.88085	4.70588	0.9308500000000001	0.0	0.0	0.0
Node 1		3.43441	7.67486	5.99236	3.04226	5.67301	7.00669	7.5521400000000005	3.08374	1.45769	5.03539	5.91745	4.03112	1.95822	4.50526	3.37668	4.684950000000001	3.23445	7.09465	3.7999400000000003	1.46344	0.0	0.0	0.0
Node 194		5.17491	3.6297099999999998	2.56229	3.98939	3.9865	2.3168	2.36706	6.021710000000001	4.97272	4.02752	5.8193399999999995	7.056139999999999	6.04545	10.60664	7.71979	6.75653	6.207590000000001	3.32929	4.856039999999999	1.5985699999999998	0.0	0.0	0.0
Node 12		3.91918	6.57591	5.67133	4.12786	6.07324	6.54535	6.07039	6.34161	4.47466	4.1836	6.5756499999999996	6.372940000000001	8.56618	5.97095	2.45648	5.91711	8.63313	7.4286900000000005	2.77227	1.5985699999999998	0.0	0.0	0.0
Node 192		7.1497	4.76121	3.1812	3.32055	6.17657	5.59213	4.36489	8.482629999999999	3.66892	4.5983	6.774579999999999	8.23902	3.4077900000000003	5.7923	5.47776	6.93778	7.18515	4.57078	3.4826	2.2525	0.0	0.0	0.0
Node 2		7.95584	5.67267	5.95096	6.15364	7.25122	3.8008599999999997	6.260050000000001	4.66004	4.44801	4.518960000000001	5.34176	4.77763	2.93202	6.560960000000001	9.71533	3.5934500000000003	2.7732300000000003	4.1536	2.63952	1.71942	0.0	0.0	0.0
Node 73		4.40123	10.84652	4.9936	6.117170000000001	6.32781	5.68991	7.03813	7.45332	4.18132	4.77736	6.06931	5.338360000000001	2.72722	5.14862	7.307919999999999	6.4469899999999996	8.08754	6.48304	5.848649999999999	0.9308500000000001	0.0	0.0	0.0
Node 138		6.45452	5.9752600000000005	5.34841	2.9628200000000002	4.255269999999999	7.02141	4.00699	2.55716	4.5854800000000004	4.20325	6.488090000000001	5.85947	3.85534	5.6188	5.47403	6.5432500000000005	6.15542	6.13146	4.56814	0.8099999999999999	0.0	0.0	0.0
Node 189		7.2776	6.93776	5.33552	5.70878	6.328259999999999	6.507499999999999	2.51258	5.87407	7.037450000000001	5.9391300000000005	3.6447	7.0691299999999995	5.578799999999999	8.42851	4.53862	3.05104	7.8125100000000005	5.44384	6.60092	2.83922	0.0	0.0	0.0
Node 32		7.31996	4.48231	4.97259	7.7943299999999995	6.38453	7.561719999999999	4.95202	2.96619	4.0362599999999995	7.53726	3.06452	3.59973	3.73428	7.395519999999999	4.685700000000001	6.36087	8.31268	5.50119	2.2493499999999997	0.0	0.0	0.0	0.0
Node 15		6.55836	6.60845	2.09431	2.18093	5.18623	7.05281	8.78945	5.02625	6.499960000000001	6.35081	5.70535	3.4937000000000005	8.168050000000001	4.22813	6.88906	6.11008	0.8283699999999999	5.1713700000000005	3.45243	0.0	0.0	0.0	0.0
Node 87		5.699669999999999	5.3722199999999996	2.34274	4.62354	2.9786099999999998	6.18062	3.7575600000000002	6.244870000000001	5.39715	6.26795	5.86203	6.13405	6.38529	5.28903	6.19585	9.38923	7.71579	7.31149	0.7859100000000001	0.8099999999999999	0.0	0.0	0.0
Node 173		7.25782	7.7838400000000005	6.84235	4.1900699999999995	3.91993	4.4732	4.7584	4.71734	5.20813	5.57932	5.0563400000000005	7.090190000000001	7.382809999999999	4.32418	4.733210000000001	5.11052	5.7579400000000005	4.2738499999999995	4.89572	0.8099999999999999	0.0	0.0	0.0
Node 193		4.00609	4.63294	5.32813	5.9944299999999995	5.56588	5.67112	3.34101	6.94134	5.43134	4.03335	5.22378	4.9899	1.29464	4.57803	3.39443	2.36835	6.547899999999999	5.1379	4.1098099999999995	0.9308500000000001	0.0	0.0	0.0
Node 77		3.5062500000000005	7.29269	8.24721	7.985879999999999	8.18441	5.5490699999999995	5.188899999999999	2.92414	7.0843799999999995	5.07542	5.42702	6.2152199999999995	5.213369999999999	4.18476	5.94683	4.84671	5.2588799999999996	4.45324	2.49324	0.9308500000000001	0.0	0.0	0.0
Node 55		4.818639999999999	4.6690700000000005	1.8231000000000002	6.969849999999999	5.12575	5.3552	6.7679	3.97018	5.25977	7.89663	6.2835	2.63699	7.23173	3.9271800000000003	8.8429	4.05359	4.4991200000000005	5.2864700000000004	3.13402	0.0	0.0	0.0	0.0
Node 171		4.63315	4.8984	5.2632900000000005	6.23484	5.56147	6.59049	3.26154	4.861759999999999	4.92783	3.99947	4.66453	5.9642599999999995	9.66601	5.1998500000000005	8.90377	5.43467	7.08036	2.249	2.51654	0.9308500000000001	0.0	0.0	0.0
Node 61		5.19083	5.54258	8.72998	4.543889999999999	3.1732499999999995	6.4969600000000005	5.41774	3.61861	5.75743	6.3047	4.42329	2.7450200000000002	7.391490000000001	6.2356	3.79133	9.36367	6.11851	8.791129999999999	5.86822	0.8099999999999999	0.0	0.0	0.0
Node 71		6.34335	4.7365900000000005	8.33676	4.31872	5.7781	5.232620000000001	4.10213	6.2862100000000005	3.57256	6.411	4.329079999999999	6.89258	2.89365	9.29153	6.86726	5.16988	2.61325	5.40812	7.6656699999999995	0.0	0.0	0.0	0.0
Node 174		8.03273	2.57565	8.497250000000001	2.26077	5.06988	3.7161600000000004	4.43809	2.80362	2.76579	6.64915	2.44413	7.77791	6.2409	3.0200899999999997	7.0022	5.72259	4.694389999999999	2.82264	2.0974	0.8099999999999999	0.0	0.0	0.0
Node 4		9.02562	5.4328	7.15145	4.61352	3.1093599999999997	4.69861	10.11362	7.244000000000001	4.20244	6.40578	1.6873099999999999	6.67793	5.828180000000001	4.54001	10.00484	8.73653	3.52996	8.417769999999999	3.7018299999999997	0.8099999999999999	0.0	0.0	0.0
Node 158		6.4058	7.16821	5.31948	3.3296699999999997	6.23769	6.3607499999999995	5.417190000000001	7.06775	6.36133	3.72433	2.2786	8.22135	9.43006	5.98566	3.77177	4.75158	9.557269999999999	3.83685	2.7604900000000003	0.8099999999999999	0.0	0.0	0.0
Node 191		7.523829999999999	3.94534	8.37028	3.22152	2.04735	4.43593	5.171889999999999	2.60395	4.87226	5.93146	5.11807	6.5673200000000005	6.600350000000001	3.4694700000000003	8.64964	1.54697	3.96339	6.34546	3.3969600000000004	1.74085	0.0	0.0	0.0
Node 150		4.36548	3.82262	4.90154	5.26925	5.9644	3.3055099999999995	4.95403	3.58145	8.48855	3.4327900000000002	5.07949	6.96174	2.50068	5.959919999999999	5.28428	5.55704	5.72333	4.22798	3.23286	0.9308500000000001	0.0	0.0	0.0
Node 58		5.86681	2.02841	7.5244800000000005	2.27297	3.2406699999999997	4.089729999999999	3.40707	6.710049999999999	3.4679300000000004	6.17909	6.08418	4.7340599999999995	4.33774	4.22126	4.31717	7.7513499999999995	4.664569999999999	5.91256	0.62721	1.34308	0.0	0.0	0.0
Node 129		4.28227	1.99678	7.16373	4.67114	5.0842	6.20636	6.71323	5.73419	4.69229	6.25164	3.24457	6.3138700000000005	6.64265	5.95866	5.99934	2.90721	6.00293	2.43514	4.35623	0.7885700000000001	0.0	0.0	0.0
Node 103		6.02232	4.86077	5.70399	6.64683	2.46161	3.94447	1.2940500000000001	5.872850000000001	5.17887	4.052569999999999	5.97975	9.27495	6.17537	5.13859	7.310160000000001	6.0698799999999995	3.6435799999999996	5.64524	5.35518	0.0	0.0	0.0	0.0
Node 127		4.9502	5.35408	5.08898	4.03933	1.61406	5.0094199999999995	5.96194	4.598	3.50698	3.04852	9.52765	3.9157900000000003	6.04169	7.310600000000001	6.05935	4.6444399999999995	4.211659999999999	2.50509	3.42809	0.9308500000000001	0.0	0.0	0.0
Node 20		9.79811	3.6717899999999997	5.90109	6.6754999999999995	7.3266800000000005	4.2514	6.57773	6.292409999999999	7.253550000000001	4.42142	3.5639999999999996	4.66578	3.62647	5.191	7.89939	9.27458	4.87223	7.06146	3.5243900000000004	0.7885700000000001	0.0	0.0	0.0
Node 130		5.71903	2.48807	8.03097	3.4295199999999997	2.4718299999999997	5.42767	4.05636	4.51692	6.302960000000001	3.38122	2.59686	2.513	4.127129999999999	5.37539	5.23606	4.49755	7.729800000000001	3.27708	2.33188	2.2525	0.0	0.0	0.0
Node 110		7.88201	4.43632	5.44702	4.7207	2.31455	6.1403300000000005	4.8212600000000005	2.7427099999999998	6.937060000000001	2.87268	5.66906	5.88657	6.973890000000001	6.56089	5.87761	4.79142	3.45108	8.304739999999999	4.4072	1.71942	0.0	0.0	0.0
Node 161		6.8398	5.72716	3.32568	5.3667	4.46091	7.13689	5.00948	7.255050000000001	2.91472	5.00941	5.2297	2.15003	4.05363	2.7069300000000003	2.86224	5.69835	7.3641499999999995	5.91786	2.90389	0.0	0.0	0.0	0.0
Node 135		8.28584	1.6029499999999999	2.34237	7.96939	5.96152	2.34667	1.27006	7.556	6.16616	6.20132	4.36316	2.87393	3.39828	6.30202	5.3836	6.73789	6.5182199999999995	3.5660200000000004	3.16767	1.74085	0.0	0.0	0.0
Node 121		6.15557	4.35708	5.90188	4.055149999999999	5.96886	5.817209999999999	4.10361	5.06307	1.99003	2.43157	5.00738	7.46338	3.27356	4.21776	7.049950000000001	6.13734	6.42738	3.0601599999999998	5.86658	2.27393	0.0	0.0	0.0
Node 94		6.609470000000001	3.7597899999999997	6.39739	6.593649999999999	6.41832	5.3074200000000005	2.71482	7.6570100000000005	6.32446	4.76243	2.91977	3.6900000000000004	7.61354	3.23095	7.29844	5.77229	4.89037	9.39869	1.74516	0.9308500000000001	0.0	0.0	0.0
Node 182		6.05978	6.8426100000000005	9.11702	6.24519	2.8738799999999998	3.96799	3.8136799999999997	9.811350000000001	4.31261	7.30247	6.71075	8.19261	3.2517400000000003	4.12636	6.360390000000001	9.17998	3.46792	3.3274900000000005	3.7664799999999996	0.9308500000000001	0.0	0.0	0.0
Node 114		7.593170000000001	7.410880000000001	3.30589	5.6482	6.93846	4.58642	6.439010000000001	4.43886	7.463939999999999	5.74571	8.23277	6.766	5.3277600000000005	2.43833	9.30332	5.54306	5.39891	8.94272	5.61708	0.9308500000000001	0.0	0.0	0.0
Node 162		8.23305	6.618119999999999	5.0357	5.00743	10.21667	5.663959999999999	5.54357	7.06876	4.80975	4.03786	4.96204	7.51531	4.79621	5.129510000000001	6.17789	3.9038999999999997	7.17656	6.909460000000001	4.79718	1.74085	0.0	0.0	0.0
Node 109		6.31872	5.7142	5.64121	4.45524	7.22362	7.303279999999999	4.56346	5.77984	6.078390000000001	6.93416	4.3248500000000005	4.22179	7.56507	4.4956000000000005	5.56858	7.58061	4.95584	5.73742	2.8008800000000003	0.8099999999999999	0.0	0.0	0.0
Node 21		3.2432000000000003	3.94534	6.15084	2.38265	8.287550000000001	6.910819999999999	4.66378	3.8138400000000003	2.04962	4.59629	2.85029	7.449319999999999	9.839409999999999	6.84592	7.63749	4.1815999999999995	2.10349	3.5989	4.357670000000001	0.9308500000000001	0.0	0.0	0.0
Node 50		4.96493	6.91206	8.411100000000001	3.3567899999999997	7.299849999999999	6.31829	5.6033	3.39488	4.66673	4.64971	5.4938	2.75597	4.48077	8.8993	7.91167	7.50267	5.83512	4.38716	1.43244	0.9308500000000001	0.0	0.0	0.0
Node 154		3.57691	8.8637	4.51329	5.05769	7.89039	2.58838	1.7648400000000002	6.52551	3.0953999999999997	6.88807	7.23719	2.8683799999999997	5.16992	5.99696	3.88425	3.9895600000000004	3.39849	6.7479499999999994	3.9322000000000004	0.58672	0.0	0.0	0.0
Node 156		6.54774	6.15613	4.70729	3.6596200000000003	6.19153	5.79422	1.94488	3.9366600000000003	3.90621	5.1647	6.3379	5.64069	7.888380000000001	5.80566	8.93295	5.24233	1.25982	5.16917	4.78672	3.0625	0.0	0.0	0.0
Node 140		6.50942	5.2004	7.570499999999999	3.4413	3.43937	5.01464	5.80901	5.59114	4.18702	7.61945	2.62067	5.307980000000001	2.7425800000000002	4.99444	4.37655	2.2567	8.39219	10.25038	2.59903	0.0	0.0	0.0	0.0
Node 112		4.25073	6.0520499999999995	5.3116900000000005	7.32843	2.5065299999999997	5.809489999999999	4.60285	6.714779999999999	5.61111	6.885009999999999	5.12662	1.86408	3.43206	9.13685	5.740060000000001	5.39905	6.14527	3.74937	4.39361	0.8099999999999999	0.0	0.0	0.0
Node 177		3.88665	1.96909	4.5085	3.24268	5.41541	2.95176	4.31601	8.72335	2.40442	4.03603	4.43048	5.38511	4.51724	2.5726099999999996	5.18344	5.64922	6.782760000000001	5.20353	3.9439	0.7885700000000001	0.0	0.0	0.0
Node 96		4.4566099999999995	5.5149799999999995	3.29613	4.83488	4.74546	0.88158	3.73615	5.90651	3.4531600000000005	7.22764	6.22418	6.42585	7.7118400000000005	4.40653	3.87417	1.60456	6.9758000000000004	4.49126	5.9263900000000005	0.9308500000000001	0.0	0.0	0.0
Node 85		4.24598	2.40322	5.19546	3.5868700000000002	5.62956	5.8950000000000005	4.09193	8.54181	4.5110600000000005	3.06739	10.488949999999999	3.8325400000000003	5.01982	6.59391	4.54862	4.95617	8.3012	2.36414	3.5786499999999997	0.8099999999999999	0.0	0.0	0.0
Node 33		6.91154	3.8037300000000003	5.49573	4.3535200000000005	3.19266	2.5332299999999996	3.2448200000000003	8.54138	6.88832	6.281549999999999	3.37881	3.4294400000000005	4.05014	5.37298	5.57217	4.71309	7.21659	5.50563	5.70425	1.51757	0.0	0.0	0.0
Node 93		8.889890000000001	6.71547	5.70723	6.734909999999999	4.77144	0.9867000000000001	3.6006299999999998	3.5931200000000003	4.39321	4.008380000000001	3.55201	3.37226	4.63941	5.27037	5.221830000000001	6.3040899999999995	5.98841	6.7458	6.43835	1.3752900000000001	0.0	0.0	0.0
Node 104		5.57312	5.9863100000000005	4.70419	4.40722	6.17533	4.94615	3.09497	4.77648	4.82732	7.463839999999999	2.23735	7.1077	6.48731	3.61215	5.56383	3.7842300000000004	4.31861	4.79374	4.23801	0.0	0.0	0.0	0.0
Node 166		6.40547	7.3391	5.41807	5.67132	5.92354	4.17381	5.66468	5.30177	4.24516	6.09657	1.9576300000000002	3.08947	4.0374	7.70087	3.65809	6.7956900000000005	6.8672200000000005	3.82763	3.0379199999999997	0.9308500000000001	0.0	0.0	0.0
Node 80		8.28568	9.76503	4.31938	4.75132	3.7362100000000003	3.70592	2.22304	10.12456	3.2131	6.99945	5.48635	6.2972	6.17343	5.7358199999999995	8.51372	6.11996	7.071909999999999	3.57984	3.68092	0.9308500000000001	0.0	0.0	0.0
Node 126		5.58414	5.58623	4.408510000000001	8.59682	8.51712	5.72194	5.26937	7.50911	3.09106	4.88585	5.7157100000000005	3.4154299999999997	3.05498	5.2514400000000006	3.7209499999999998	5.45895	2.93212	4.83914	5.66061	0.9308500000000001	0.0	0.0	0.0
Node 120		6.6637699999999995	5.06157	8.27787	2.8776800000000002	7.615489999999999	5.3963	2.89515	5.45546	5.67393	8.7733	6.9347900000000005	8.067820000000001	7.84257	5.18798	7.226680000000001	5.70808	2.75951	3.2707800000000002	3.46321	0.8099999999999999	0.0	0.0	0.0
Node 116		5.54977	3.4996300000000002	5.60249	4.18223	3.95606	6.363779999999999	6.09812	4.2339	2.12976	7.518940000000001	3.88176	6.02359	5.51182	3.8222899999999997	5.5473099999999995	1.3551799999999998	6.978829999999999	1.45868	4.26355	0.9308500000000001	0.0	0.0	0.0
Node 146		4.042	2.33865	7.00291	5.082459999999999	9.77776	4.7332600000000005	3.12015	6.3364199999999995	7.688140000000001	7.74271	3.7540400000000003	2.9111499999999997	7.653519999999999	4.20433	4.4851	5.35397	5.40439	4.50125	2.76782	0.9308500000000001	0.0	0.0	0.0
Node 160		6.23053	3.46037	5.00558	6.26694	3.91404	5.5582	5.25674	8.48869	8.42344	4.65107	6.325559999999999	5.45222	4.56955	5.300590000000001	8.742750000000001	3.95893	6.51336	7.854990000000001	4.41605	2.67121	0.0	0.0	0.0
Node 165		4.64653	6.256390000000001	3.24798	4.848269999999999	5.70422	3.8094500000000004	4.58497	6.337479999999999	3.60688	2.76757	5.9385	5.090809999999999	6.94455	4.021050000000001	6.38644	5.8888799999999994	4.36436	4.87638	3.14629	0.0	0.0	0.0	0.0
Node 79		5.98075	5.95915	1.8424900000000002	4.90858	6.63996	3.41171	2.85084	4.86317	5.88553	3.5736700000000003	7.9107899999999995	3.1378000000000004	2.67764	7.761990000000001	8.52913	5.16797	5.92811	2.43029	6.88864	1.46344	0.0	0.0	0.0
Node 151		4.59886	6.81079	8.083070000000001	4.25926	5.39045	3.18125	1.5879899999999998	4.44996	6.900829999999999	7.05867	6.510879999999999	4.44603	7.32545	3.31256	6.94038	6.053999999999999	5.59086	4.7593700000000005	5.00296	0.9308500000000001	0.0	0.0	0.0
Node 11		6.620089999999999	7.729709999999999	6.2572600000000005	4.7591	7.675890000000001	4.0579	4.17571	6.4177100000000005	6.70626	6.8549299999999995	6.69993	3.42352	6.07221	5.21255	6.26582	7.796500000000001	5.2289	6.476030000000001	1.16117	0.7885700000000001	0.0	0.0	0.0
Node 69		8.89653	4.91633	4.5614799999999995	3.87529	5.52052	6.12375	2.47486	7.72144	5.53097	3.54869	5.34935	5.82859	3.7407700000000004	4.23572	4.9291	5.23141	6.83496	5.49775	3.8060400000000003	0.0	0.0	0.0	0.0
Node 29		6.23189	4.5685	11.041170000000001	5.17679	3.1039	5.12593	5.9256400000000005	1.5725099999999999	4.37874	6.997680000000001	6.90974	4.09828	5.36571	3.10339	6.87168	8.0833	4.29922	6.123959999999999	2.99631	0.0	0.0	0.0	0.0
Node 62		3.91345	6.376049999999999	2.45838	3.2185900000000003	6.000719999999999	7.6474	6.63021	5.60454	4.76336	6.43573	3.82727	3.5876400000000004	6.37694	6.10635	5.57625	2.11932	1.4217499999999998	3.59439	2.59879	0.53308	0.0	0.0	0.0
Node 91		6.457409999999999	3.97579	6.03681	4.4989	6.04693	7.34099	3.83181	6.04418	5.97799	7.22782	4.16136	5.16824	8.49108	1.73998	4.22712	6.97147	8.33548	3.5728299999999997	5.08693	0.8099999999999999	0.0	0.0	0.0
Node 186		4.687390000000001	5.93361	4.95591	4.27728	4.393940000000001	2.41598	4.106669999999999	2.9880299999999997	2.68764	6.8149500000000005	7.474690000000001	6.95669	5.27312	3.7519400000000003	6.78812	5.6033800000000005	7.864540000000001	3.8846	2.2520100000000003	0.9303600000000001	0.0	0.0	0.0
Node 5		4.82203	5.1096	5.35623	7.60617	3.1479100000000004	6.1403300000000005	5.355519999999999	5.41085	3.3927199999999997	5.12673	5.70535	3.9111	2.90149	4.11445	3.6998499999999996	4.83197	8.26693	6.600630000000001	4.45575	0.9303600000000001	0.0	0.0	0.0
Node 105		4.11195	5.35354	5.54199	3.7623499999999996	7.83726	4.75533	4.14419	8.34009	7.1853	6.32467	7.87825	3.1114800000000002	5.56521	5.60963	5.254919999999999	6.25843	7.3658600000000005	4.82307	4.87426	1.74085	0.0	0.0	0.0
Node 136		7.24101	5.1307100000000005	5.1133	2.8603300000000003	5.21382	4.46731	9.09702	3.6832200000000004	5.00663	3.8579299999999996	2.32985	7.6587000000000005	4.01647	5.21255	6.19014	3.8072000000000004	2.52205	8.7994	6.942080000000001	0.8099999999999999	0.0	0.0	0.0
Node 64		8.43215	8.26901	4.82177	5.42983	5.75245	5.59757	5.1567099999999995	1.80313	4.80603	3.7485200000000005	5.34265	5.72217	5.1027700000000005	8.109810000000001	3.45289	4.15547	1.6015000000000001	5.7943	3.97565	2.86065	0.0	0.0	0.0
Node 157		4.71068	6.65216	6.58381	2.88795	3.1676999999999995	5.99849	3.2960000000000003	2.57138	4.43189	2.94836	4.80651	6.15242	3.50175	4.75676	6.2313	4.8483600000000004	5.29611	8.21917	3.4468199999999998	1.34308	0.0	0.0	0.0
Node 83		5.64435	8.0571	3.1556599999999997	2.78866	5.42037	4.35677	5.27143	2.91719	4.79283	4.17633	4.6082	6.76479	2.4494700000000003	5.58144	5.77454	4.51945	9.25801	4.2877	2.1987	1.74085	0.0	0.0	0.0
Node 132		5.92386	7.387589999999999	6.03236	6.61754	5.50371	5.56867	2.43641	5.02964	5.01255	7.943709999999999	2.88798	7.77959	5.07508	3.86793	3.0273600000000003	5.5913200000000005	6.758450000000001	4.75488	2.2520100000000003	1.74085	0.0	0.0	0.0
Node 99		4.69066	3.23291	6.00411	4.10945	6.43287	7.45971	2.61226	5.46932	6.19408	5.24641	8.72685	4.97698	4.94306	5.49703	3.03312	3.3049500000000003	3.2984	3.78572	5.6114999999999995	0.9308500000000001	0.0	0.0	0.0
Node 65		5.64234	4.8187	7.85157	2.73015	8.79596	6.722200000000001	3.4293299999999998	2.80288	4.28815	6.73858	7.12011	3.32273	7.28297	5.65325	9.09855	2.79928	4.590339999999999	5.58234	4.24767	1.7403600000000001	0.0	0.0	0.0
Node 187		6.09202	6.418939999999999	9.308679999999999	3.2076800000000003	7.3182	4.62891	3.12338	4.21992	7.02999	2.8211500000000003	3.60549	4.21809	3.03007	3.09065	2.6062	5.97586	4.5109900000000005	3.0107600000000003	4.01329	1.34308	0.0	0.0	0.0
Node 145		2.78394	2.76361	5.45306	8.78346	7.13646	7.9317	8.12753	4.2695799999999995	4.50469	2.93288	5.05086	6.381100000000001	6.9561	3.76079	5.718170000000001	6.8430599999999995	7.01949	3.3284700000000003	6.26012	1.34308	0.0	0.0	0.0
Node 101		1.9775	8.081620000000001	7.51262	3.8463700000000003	6.8910100000000005	10.7636	1.98252	4.96092	4.50803	3.9246499999999997	3.09801	4.08998	6.04226	5.87793	5.75408	6.98992	5.54142	4.0367	3.51452	3.18286	0.0	0.0	0.0
Node 107		4.0629100000000005	2.40322	8.12962	3.52723	5.7555000000000005	8.95494	3.3470600000000004	3.8409600000000004	5.6743500000000004	3.4066	7.516589999999999	6.856	3.54709	3.36889	4.86076	6.26484	5.63049	6.0935999999999995	6.57426	0.8099999999999999	0.0	0.0	0.0
Node 147		3.4655400000000003	6.613919999999999	4.57009	5.8015799999999995	4.95404	7.76293	4.51903	4.72013	3.10663	5.51363	5.59372	5.88942	4.38849	2.83536	6.26541	3.19223	6.3195	3.2682599999999997	4.16355	0.8099999999999999	0.0	0.0	0.0
Node 22		6.84492	2.95105	4.18574	6.568029999999999	4.56395	5.39299	4.18624	6.74523	3.75505	5.33087	7.65015	3.42528	2.36349	3.78329	0.78362	4.72757	6.0424999999999995	4.145560000000001	5.73961	0.8099999999999999	0.0	0.0	0.0
Node 72		3.23392	7.41509	3.56852	8.05189	5.35611	3.80699	3.03063	4.39984	3.4235	3.88253	3.74956	2.9697	3.48023	3.86878	6.08987	2.5905500000000004	4.8087	6.30822	3.24939	0.8099999999999999	0.0	0.0	0.0
Node 164		6.15298	7.39771	2.5446400000000002	5.85407	6.43368	3.07431	5.2824	5.41345	1.4133099999999998	4.18056	6.658740000000001	3.32654	5.06991	8.76227	7.65883	7.745779999999999	4.84737	7.81959	1.39618	0.8099999999999999	0.0	0.0	0.0
Node 24		5.1576200000000005	5.88418	8.53116	7.83841	4.43977	4.91193	3.2236300000000004	2.80288	2.76316	3.66244	7.26148	6.63808	3.72978	7.00229	3.3156499999999998	4.937749999999999	5.52276	3.6418199999999996	4.3153	0.58672	0.0	0.0	0.0
Node 100		4.82591	5.1998500000000005	3.03897	7.88521	5.82374	6.44686	4.2459299999999995	3.13424	6.04298	6.219390000000001	6.157719999999999	3.9124399999999997	4.74215	7.473879999999999	5.90759	6.565219999999999	3.7002699999999997	3.7800399999999996	3.5203499999999996	0.9308500000000001	0.0	0.0	0.0
Node 8		5.59014	3.4794400000000003	2.09431	4.9872	6.1631	4.23971	8.037840000000001	7.130209999999999	3.4345800000000004	7.71177	4.3441399999999994	4.4685500000000005	5.66467	3.39188	4.70768	5.05489	6.32115	4.23078	5.98233	1.51757	0.0	0.0	0.0
Node 37		7.803839999999999	2.06239	7.80546	6.20227	6.37171	5.70924	2.2242	4.75258	5.87178	8.20927	5.85086	4.428039999999999	4.107	4.24408	4.657590000000001	2.39806	2.50067	4.98662	2.78357	1.86121	0.0	0.0	0.0
