Node 41		2.77361	4.24669	4.27437	1.24061	9.78175	8.4533	2.33943	7.56449	1.3433199999999998	5.830430000000001	6.956759999999999	2.82474	4.42152	5.10957	7.27766	3.59178	1.48138	4.62875	3.67332	0.8099999999999999	0.0	0.0	0.0
Node 192		7.45219	3.9051799999999997	5.89861	6.61857	6.35424	3.30504	1.30796	5.2856	5.04905	6.752039999999999	7.06355	6.47106	5.95779	4.120340000000001	2.1535599999999997	3.22285	1.8149700000000002	5.69257	3.93612	2.98101	0.0	0.0	0.0
Node 110		5.9260399999999995	4.759519999999999	2.31969	5.8932400000000005	9.61335	6.3544	2.93868	4.6648000000000005	3.1276900000000003	5.39257	2.42158	5.11671	7.29254	5.09884	8.825230000000001	3.4853500000000004	7.51358	2.6810199999999997	6.51616	1.74085	0.0	0.0	0.0
Node 97		3.94865	3.80189	2.72874	5.38451	5.71312	7.201829999999999	2.01131	6.126539999999999	5.16538	5.28839	6.55917	5.21742	5.89939	3.41369	0.8591899999999999	5.35485	7.9857	4.5255	6.99085	2.30565	0.0	0.0	0.0
Node 178		7.15011	3.60077	5.76359	6.0863	11.64713	7.88301	3.2092099999999997	1.52511	6.72133	1.12201	5.62324	5.34254	7.96936	2.57702	9.28741	1.42745	3.42992	3.3203799999999997	3.4639200000000003	2.98101	0.0	0.0	0.0
Node 90		5.14253	4.89623	3.58319	6.07758	6.68265	5.28008	4.920179999999999	5.72694	6.09795	4.48529	5.72234	2.34287	5.55539	7.01556	4.59966	6.08736	5.08224	2.51852	3.7871299999999994	1.86121	0.0	0.0	0.0
Node 170		3.02468	3.24198	3.34639	8.04719	3.35648	5.188079999999999	2.94891	5.06742	6.8892	5.29647	3.88658	0.64049	6.496929999999999	4.7060900000000006	12.22729	3.3971800000000005	5.46948	7.36918	2.34483	1.90837	0.0	0.0	0.0
Node 56		7.03415	3.9261699999999995	4.08601	6.342440000000001	6.346590000000001	3.78527	5.43205	5.56283	2.18375	8.507290000000001	4.54517	1.1125	6.99463	4.35555	6.13513	4.9465	6.90079	6.08037	3.2265599999999997	2.86016	0.0	0.0	0.0
Node 126		7.817	2.38152	3.87583	4.6337	6.9879	3.6400500000000005	4.26801	5.72284	11.97669	3.01607	6.458600000000001	6.482690000000001	3.11922	3.37121	6.15488	2.44359	4.09503	2.33189	5.801839999999999	2.39429	0.0	0.0	0.0
Node 159		4.55562	3.08487	2.69495	3.9747699999999995	5.52746	3.7991499999999996	4.18263	4.36641	7.23245	6.74655	5.04582	6.25265	6.25704	4.53878	12.92342	2.95691	9.62884	8.16867	3.6528199999999997	0.9303600000000001	0.0	0.0	0.0
Node 47		6.1497	4.83322	4.18305	3.998	4.56822	1.6474699999999998	4.3241000000000005	6.11277	6.76161	8.53415	8.27704	7.303529999999999	6.31536	5.61542	8.84936	5.0466	7.8768	7.114879999999999	5.22171	1.3967200000000002	0.0	0.0	0.0
Node 87		2.46313	7.1383600000000005	2.44837	5.7934	5.42036	7.39231	2.03295	7.2218	7.34117	6.8690500000000005	4.08338	2.78317	9.60272	4.61606	6.7118899999999995	6.852650000000001	6.30642	2.84308	5.258369999999999	2.32757	0.0	0.0	0.0
Node 46		4.29643	5.2394799999999995	4.25697	6.0361400000000005	6.65188	7.069920000000001	5.64411	4.58901	6.16774	0.53044	2.59803	5.57894	4.8793299999999995	3.94907	6.49526	3.75013	5.78754	6.27824	4.40067	1.46393	0.0	0.0	0.0
Node 172		6.67644	4.6115	5.78155	2.31021	6.9738	3.57926	4.103890000000001	5.5308	6.10811	6.751519999999999	6.07061	4.55396	4.54321	5.79795	6.48816	2.59614	4.252000000000001	2.3247899999999997	5.59031	1.5985699999999998	0.0	0.0	0.0
Node 60		5.2683800000000005	4.43234	6.0656099999999995	5.07012	6.6791	7.82615	1.6249	5.10006	4.986079999999999	3.65814	6.85188	3.12304	8.81147	4.2994200000000005	7.1958400000000005	2.9955	4.87219	6.4314800000000005	5.6139399999999995	1.51708	0.0	0.0	0.0
Node 188		5.27745	8.24469	1.7145299999999999	5.55124	5.00053	6.26271	4.42696	3.7007499999999998	7.38615	6.47925	3.11556	4.35351	6.23469	4.091	4.58139	4.04936	3.5916200000000003	7.04352	5.54878	3.20429	0.0	0.0	0.0
Node 162		3.1983499999999996	8.10462	2.7021900000000003	8.72323	6.34759	3.26131	5.263459999999999	6.277299999999999	10.18982	5.21648	6.81804	6.2359	7.24674	1.70509	4.49757	6.62318	5.47583	5.83447	5.51385	0.9308500000000001	0.0	0.0	0.0
Node 156		8.02588	6.17212	4.0340300000000004	5.3618	6.8469500000000005	5.65029	5.03907	5.93386	2.73684	2.3922	4.27337	6.01697	8.595089999999999	4.14518	3.12189	3.6546700000000003	8.58684	2.81818	7.15186	1.3752900000000001	0.0	0.0	0.0
Node 11		5.61249	6.8566199999999995	2.7549799999999998	5.86133	6.33648	5.69238	3.40381	3.06514	7.46405	6.70401	1.72459	2.66054	7.20808	6.41091	10.3948	3.5047	4.89664	5.1069700000000005	5.008789999999999	2.52893	0.0	0.0	0.0
Node 73		6.38879	7.7020800000000005	5.10827	5.38839	12.275129999999999	8.421249999999999	4.76151	7.6335	6.13919	7.910259999999999	7.44822	4.75981	7.52581	0.6712199999999999	6.554250000000001	7.28832	5.62594	5.42411	3.99471	0.8099999999999999	0.0	0.0	0.0
Node 7		6.391220000000001	4.06748	3.2988700000000004	4.69998	4.60281	4.45546	7.23504	6.08134	2.75997	7.1766499999999995	1.30878	1.9253	4.0601	4.54967	7.0500300000000005	4.98152	6.81341	5.98338	3.4910900000000002	2.39429	0.0	0.0	0.0
Node 161		5.36502	3.3171899999999996	5.96694	5.63211	6.950399999999999	4.96061	4.81678	7.7510200000000005	3.5783099999999997	7.5892100000000005	7.0504999999999995	5.39977	3.2258099999999996	4.34593	5.70761	5.096579999999999	5.22407	7.19933	6.48218	1.32165	0.0	0.0	0.0
Node 1		2.02933	3.92145	4.29566	1.56232	6.918150000000001	4.75314	2.13701	8.09672	6.48373	9.75192	9.07978	5.3947	5.98729	2.51152	6.95221	4.514329999999999	2.26359	8.09391	3.96786	0.0	0.0	0.0	0.0
Node 4		7.07618	5.31263	3.35226	5.46028	8.433150000000001	3.21486	2.97357	7.000679999999999	1.9334799999999999	4.83532	7.8109	6.11507	3.40197	4.14016	12.46806	4.1445799999999995	9.46854	3.7141	3.0115	1.51708	0.0	0.0	0.0
Node 83		5.14846	2.29354	4.67809	1.80642	8.77756	5.01311	9.00205	1.27006	9.73021	4.98503	3.71243	3.4794199999999997	5.6253400000000005	2.86492	7.90221	1.14624	5.388	6.7008600000000005	6.73255	1.32165	0.0	0.0	0.0
Node 109		5.55606	2.78567	6.72822	5.42356	6.503490000000001	3.05867	4.20279	8.70524	8.89109	8.8465	7.5249	6.7775	7.757759999999999	2.01849	7.4560699999999995	2.18228	5.4242	5.98259	5.0558	1.46344	0.0	0.0	0.0
Node 113		5.2220200000000006	6.04776	2.99186	4.66924	5.73972	8.49515	2.8180799999999997	8.20782	5.49894	5.323230000000001	5.56648	1.71532	7.3853100000000005	7.622579999999999	6.11007	6.04411	0.0	6.47971	5.75384	0.53308	0.0	0.0	0.0
Node 152		2.14336	7.57969	3.64723	7.01161	7.4548000000000005	6.42331	6.11275	5.92435	3.9139100000000004	5.69862	2.29448	6.5267800000000005	7.18143	3.06055	4.873460000000001	4.10185	6.00006	4.92373	8.05104	1.86121	0.0	0.0	0.0
Node 171		6.14417	1.58665	4.74955	8.78173	7.007199999999999	8.8381	1.69389	4.61195	5.51232	7.077310000000001	3.4962100000000005	4.6616	3.83349	2.89481	4.37068	4.06269	6.59213	7.5136400000000005	7.10012	1.86121	0.0	0.0	0.0
Node 120		8.14416	7.533810000000001	4.66185	2.4604399999999997	7.50903	5.43339	2.7972099999999998	4.40547	8.07888	7.9456299999999995	5.01619	4.24539	11.451070000000001	3.94907	6.468730000000001	6.3734399999999996	4.5020999999999995	0.65445	4.77522	2.64978	0.0	0.0	0.0
Node 89		0.0	7.843419999999999	2.23901	5.96788	5.518619999999999	6.1882600000000005	4.06818	2.3961300000000003	5.03336	6.53566	4.65181	6.53097	5.29344	5.81747	8.30745	5.681979999999999	4.55852	4.987699999999999	7.20476	1.34308	0.0	0.0	0.0
Node 13		4.53102	4.33165	6.49741	5.19856	8.6358	6.979620000000001	4.17948	5.1737400000000004	7.1129999999999995	5.32198	5.82707	2.23794	8.62271	5.17056	5.7690600000000005	1.63335	3.43431	5.18408	4.27069	0.58672	0.0	0.0	0.0
Node 43		2.37879	4.46895	5.88978	1.42038	6.02237	6.1335	5.71658	5.39973	8.059180000000001	6.70322	7.67729	5.59305	5.66621	5.5798	10.53144	3.35894	7.27192	3.13179	5.6051400000000005	2.67121	0.0	0.0	0.0
Node 122		7.960780000000001	4.3560099999999995	6.08634	3.31324	3.82151	5.0109	4.50312	2.20618	5.80678	5.37766	4.57414	5.357950000000001	6.60741	2.24052	4.89574	3.32758	5.506889999999999	5.49677	5.28519	2.98101	0.0	0.0	0.0
Node 10		7.98165	3.85983	4.12343	5.65013	8.93783	4.9779	2.30243	3.4838	3.4736000000000002	7.441839999999999	5.58729	3.14802	5.8207	2.6962300000000003	5.45956	4.64082	4.0835	5.35915	6.24688	1.86121	0.0	0.0	0.0
Node 107		2.82668	7.27403	4.6302900000000005	3.8022599999999995	4.65107	5.55997	3.01254	4.82691	5.56764	5.34137	9.400400000000001	5.79718	9.425	3.14745	6.8319	3.0768400000000002	5.89202	5.61937	3.7455299999999996	3.18286	0.0	0.0	0.0
Node 145		5.28521	3.66837	2.43387	3.7049499999999997	8.34906	5.2343	7.3138	2.75781	6.8222000000000005	6.70794	9.179969999999999	2.10163	3.3261	4.7568	7.7848500000000005	3.07326	4.4259699999999995	5.53161	6.54278	1.86121	0.0	0.0	0.0
Node 29		6.65952	1.3052599999999999	4.94796	6.876060000000001	9.77319	6.1391599999999995	3.5292	7.1176	6.12354	5.94834	6.52422	5.72719	1.40631	2.36975	8.69119	2.8164499999999997	4.68752	5.11544	5.24559	0.7885700000000001	0.0	0.0	0.0
Node 191		4.11281	6.95584	3.2284800000000002	8.30351	0.78171	3.8466	5.38451	3.40491	4.15707	5.62719	4.90773	8.09516	3.1337900000000003	7.401439999999999	4.55092	3.7621599999999997	5.68042	2.6778	4.68842	2.67121	0.0	0.0	0.0
Node 182		3.4607	5.080550000000001	4.13962	4.47907	3.32734	5.33972	3.2518100000000003	6.23948	7.51019	8.054219999999999	3.90959	4.99415	6.06096	7.94623	6.10029	6.15533	3.5906599999999997	5.61457	6.17936	0.8099999999999999	0.0	0.0	0.0
Node 68		7.822329999999999	1.6171000000000002	4.3383400000000005	2.3395699999999997	5.62638	7.7155000000000005	5.69184	5.12507	6.64457	5.781	3.8470400000000002	3.66556	4.32906	3.5051699999999997	8.618879999999999	4.35722	6.42689	6.84082	6.72769	1.71893	0.0	0.0	0.0
Node 186		6.66939	5.35691	4.90532	3.5407800000000003	8.796560000000001	5.32717	2.77082	5.79047	3.57882	5.64865	7.28183	6.434140000000001	1.7728399999999997	4.00115	8.554689999999999	5.31482	2.70379	7.800020000000001	0.7859100000000001	2.32708	0.0	0.0	0.0
Node 49		4.62186	2.80192	7.994909999999999	5.57735	6.52055	7.3783	5.77403	5.3310200000000005	7.99196	7.311769999999999	4.312930000000001	4.63791	5.19168	1.56706	4.9173	6.828539999999999	2.76648	5.69639	4.35273	0.9303600000000001	0.0	0.0	0.0
Node 50		9.95234	5.75739	1.98209	2.43482	6.22131	6.55017	3.02696	3.31404	5.76091	7.81511	7.98868	5.47497	6.89433	3.2229	6.77844	5.833060000000001	6.897	4.508970000000001	2.27394	3.9928600000000003	0.0	0.0	0.0
Node 164		8.6041	6.26208	3.91491	4.49517	5.6463399999999995	3.53165	4.5818200000000004	4.41257	4.11216	4.89742	3.4756799999999997	3.00206	8.77453	0.6712199999999999	8.59873	4.77425	4.93243	7.55561	5.3292	1.86121	0.0	0.0	0.0
Node 30		5.51727	2.24669	6.264749999999999	3.9857299999999998	7.401739999999999	3.10787	3.11543	1.07273	7.300769999999999	4.20005	8.28689	5.5424500000000005	3.1879299999999997	3.75918	6.048640000000001	2.58672	4.264749999999999	2.49481	5.1523	0.9303600000000001	0.0	0.0	0.0
Node 33		5.17518	6.33773	3.6205800000000004	4.77429	8.43785	4.80168	6.15012	5.8222700000000005	6.60728	5.2618	5.132099999999999	5.00173	4.85466	4.91854	6.93106	2.3627700000000003	0.76916	8.67367	4.00183	1.9298	0.0	0.0	0.0
Node 36		4.34887	6.13683	1.4667599999999998	7.8839999999999995	6.40337	3.15978	2.15788	5.37672	6.63464	6.63321	4.8717299999999994	2.95404	5.6794400000000005	2.7879899999999997	10.38782	5.30016	8.16347	5.26727	1.8763999999999998	2.27344	0.0	0.0	0.0
Node 54		3.65609	4.2224900000000005	5.81308	4.428039999999999	7.09002	5.51539	4.27054	4.812749999999999	9.35464	5.01537	8.16021	4.98679	8.7219	5.34228	10.06928	6.1293	3.97174	5.45404	2.63952	2.44793	0.0	0.0	0.0
Node 27		3.57623	5.68502	2.70094	8.74681	10.52037	5.7264	7.254199999999999	6.018409999999999	5.20188	4.7922899999999995	3.26291	5.16514	1.96152	6.32867	1.74237	7.070899999999999	2.7575	5.54157	6.18478	2.64978	0.0	0.0	0.0
Node 128		7.558330000000001	4.76494	0.0	2.5401	5.43318	4.48388	5.7931799999999996	5.46593	6.287040000000001	7.6084700000000005	3.2769899999999996	6.95992	8.298350000000001	2.7213399999999996	8.80936	3.2812599999999996	7.102	5.99494	0.53308	2.32708	0.0	0.0	0.0
Node 75		7.13443	5.55679	3.86432	0.0	10.72548	5.97612	2.88684	8.50693	6.21758	8.65848	6.03553	3.22342	9.17752	3.20251	8.55969	2.71802	4.89893	8.612350000000001	6.1154	1.1198	0.0	0.0	0.0
Node 108		6.832960000000001	3.07734	0.62761	4.58413	5.92308	3.99463	5.38033	5.583889999999999	4.2128499999999995	7.19182	5.72466	4.10031	4.1353599999999995	4.79714	8.20436	2.3555099999999998	6.27805	3.7736400000000003	5.59997	1.71942	0.0	0.0	0.0
Node 155		9.43981	5.20354	3.23807	5.00364	6.26088	5.15539	5.140560000000001	3.5558	8.26015	9.03228	4.11837	7.51192	4.36022	3.87942	6.01407	3.14021	7.4434700000000005	4.37787	5.15857	1.86121	0.0	0.0	0.0
Node 24		7.78779	3.24198	5.06679	3.98365	7.632650000000001	5.1450700000000005	3.46054	1.30796	7.17377	7.84352	4.5827800000000005	5.55868	6.47861	6.73446	4.53461	3.15197	9.03885	5.21025	4.37581	1.86121	0.0	0.0	0.0
Node 72		4.044650000000001	6.256390000000001	7.44114	4.07067	7.54885	5.62636	2.79792	5.70262	3.75094	6.69127	7.90799	4.0543000000000005	8.443100000000001	2.3385800000000003	4.407500000000001	6.11708	6.7382800000000005	3.7832999999999997	6.485040000000001	1.74085	0.0	0.0	0.0
Node 143		5.52996	8.75569	4.75635	4.37356	7.07487	4.60973	5.0580300000000005	4.60168	4.9665099999999995	3.5701799999999997	3.6116099999999998	5.27729	6.6398	2.63485	9.831900000000001	4.00466	3.35408	6.17071	8.460320000000001	1.3752900000000001	0.0	0.0	0.0
Node 26		5.0741000000000005	4.57872	0.89593	5.99591	8.306189999999999	3.92804	2.95858	5.92409	5.77937	4.92861	5.32286	5.19707	5.18632	3.4620100000000003	8.52223	6.37576	5.9888200000000005	4.37482	3.06481	0.0	0.0	0.0	0.0
Node 69		6.5402000000000005	2.80997	3.61343	3.95637	8.32375	7.262639999999999	4.07551	4.55392	5.90472	7.469	4.08604	3.27255	4.2749500000000005	1.22144	8.22871	1.88223	6.15639	2.10516	3.2780299999999998	2.05016	0.0	0.0	0.0
Node 115		7.11527	8.31252	2.77695	8.43773	5.64075	5.35133	2.5202	7.43736	6.303839999999999	5.18452	5.85706	9.977170000000001	8.77195	6.47928	7.9425300000000005	4.28903	8.02966	2.22765	2.81654	1.74085	0.0	0.0	0.0
Node 20		6.82042	7.1505	4.49733	4.21404	5.7282	5.19345	4.34317	5.27124	7.39668	7.30425	9.34826	5.457809999999999	5.1743999999999994	5.52658	5.3296	5.363840000000001	7.49239	2.0304800000000003	1.1602899999999998	0.9303600000000001	0.0	0.0	0.0
Node 132		4.6299399999999995	6.8020700000000005	1.35448	3.7516599999999998	4.819459999999999	8.77518	0.0	4.01215	2.88477	10.28242	3.20283	3.50673	7.72534	2.42835	7.3505	3.3497199999999996	2.85587	8.79244	2.60143	1.86121	0.0	0.0	0.0
Node 45		7.21339	3.8076499999999998	3.8835599999999997	6.30188	5.54285	2.39406	2.45922	5.851640000000001	10.16642	3.14378	5.842350000000001	3.75562	9.92548	1.2096799999999999	7.59113	1.92676	5.09136	7.814119999999999	5.53572	0.0	0.0	0.0	0.0
Node 28		4.71641	2.9524600000000003	5.465529999999999	2.28217	9.01246	7.908600000000001	4.68241	3.8123700000000005	7.450469999999999	6.8774299999999995	3.4082099999999995	1.9598600000000002	5.21095	2.2173	5.02837	3.6844599999999996	3.55817	5.55038	6.31171	3.18286	0.0	0.0	0.0
Node 53		3.99594	8.514610000000001	6.01145	7.45821	4.92024	8.67683	4.491160000000001	9.26719	8.551739999999999	6.03588	6.07436	5.4195	6.06106	3.39657	5.48391	4.42045	4.54824	5.55712	5.2384	2.39429	0.0	0.0	0.0
Node 183		6.2372499999999995	3.46008	7.14032	10.42595	11.4179	4.55281	5.13838	4.19142	6.38297	3.2349900000000003	9.93704	6.74578	7.45743	6.334	3.7441799999999996	2.27718	4.01711	3.1081600000000003	3.5487699999999998	2.52942	0.0	0.0	0.0
Node 85		4.3842	4.46354	6.04473	5.5269699999999995	3.8686499999999997	3.37625	4.66957	7.421569999999999	4.69619	6.24859	4.84668	6.666650000000001	7.79257	2.19649	5.2599	4.11522	9.06139	6.1561699999999995	6.2432799999999995	2.67121	0.0	0.0	0.0
Node 80		9.53287	3.8077199999999998	5.56192	8.698409999999999	10.74109	2.3833900000000003	5.23875	4.02376	7.346279999999999	5.70467	5.63124	2.88542	2.15424	5.49413	7.026300000000001	3.46521	2.44537	5.69076	3.98101	1.86121	0.0	0.0	0.0
Node 105		4.104710000000001	4.12576	6.61087	5.23092	6.22255	6.655329999999999	4.81306	3.1603499999999998	4.1087	6.96607	3.4219	3.40583	3.15287	3.87962	10.03733	5.1742799999999995	7.65026	2.69817	5.55371	0.0	0.0	0.0	0.0
Node 116		3.9801999999999995	4.62331	4.79385	3.9363099999999998	9.813320000000001	4.31411	4.702710000000001	5.26184	5.193239999999999	5.10905	5.29562	5.59316	7.67271	1.89433	9.5945	3.76011	9.18881	6.05145	2.91107	0.0	0.0	0.0	0.0
Node 93		2.06982	10.30061	5.76488	8.72285	6.1293	6.08138	4.03231	5.51669	3.9374800000000003	7.927579999999999	3.58594	5.40182	7.496519999999999	3.25827	9.22324	3.99336	7.511379999999999	5.97455	4.0646	0.9308500000000001	0.0	0.0	0.0
Node 111		3.61946	3.49516	4.13962	6.868290000000001	5.27505	7.6098	6.253150000000001	0.5576399999999999	5.95942	3.86994	5.5905700000000005	3.1692199999999997	7.01146	7.21677	7.58999	4.95947	8.13009	9.00803	5.98787	0.8099999999999999	0.0	0.0	0.0
Node 193		2.84551	6.325070000000001	2.61046	4.8205	8.293849999999999	7.77895	3.7383699999999997	7.242850000000001	9.215950000000001	4.34682	5.42828	8.39525	5.51962	5.77994	7.3148599999999995	5.25298	4.781280000000001	5.2911399999999995	5.76349	1.86121	0.0	0.0	0.0
Node 166		6.155390000000001	6.431630000000001	6.39042	4.97149	6.790749999999999	5.90344	5.93633	4.72835	4.25913	6.01215	5.32676	7.71129	6.51418	2.43198	8.5865	2.37461	4.91343	3.22781	6.311400000000001	1.74085	0.0	0.0	0.0
Node 174		4.82476	0.70934	4.13264	7.35087	6.10799	3.2087999999999997	3.1256600000000003	7.792839999999999	7.92364	6.70443	3.28525	8.8621	8.34877	1.68369	9.21667	6.565269999999999	2.01678	6.79107	5.76031	4.0465	0.0	0.0	0.0
Node 131		8.80561	7.26235	4.2818000000000005	1.44532	9.04518	4.2682199999999995	6.44871	3.74286	7.478210000000001	6.4093800000000005	8.126479999999999	1.47853	7.58827	5.02279	6.02405	3.3880100000000004	8.09542	5.17636	4.2809800000000005	1.51708	0.0	0.0	0.0
Node 196		5.10153	6.365410000000001	7.43111	8.64382	7.58222	7.1830099999999995	4.44738	8.00906	3.1997400000000003	3.06167	3.9404000000000003	6.8913199999999994	9.41864	2.8228199999999997	9.319370000000001	3.76248	6.24162	5.7297	3.38232	2.98101	0.0	0.0	0.0
Node 79		7.32442	2.2769399999999997	3.40744	2.5922	7.1936100000000005	9.12363	3.68297	5.44047	5.20031	7.589759999999999	3.82704	5.24514	0.6968799999999999	2.12853	10.4573	2.71138	7.316459999999999	5.83082	4.85553	1.74085	0.0	0.0	0.0
Node 119		3.67327	2.99315	4.1893199999999995	9.3109	6.254270000000001	6.06338	2.8384199999999997	4.25859	5.75373	4.4794	3.89051	5.40144	3.51984	3.09052	8.67369	3.0120999999999998	3.45276	3.1692199999999997	8.59684	2.83873	0.0	0.0	0.0
Node 185		1.54394	2.3116600000000003	5.64339	4.98098	4.43689	4.260739999999999	4.54284	5.70993	8.85234	9.07847	7.077369999999999	8.71154	6.95415	1.9498000000000002	6.55896	1.70907	5.2379	3.20418	7.39041	1.86121	0.0	0.0	0.0
Node 37		3.09422	2.91179	4.76043	4.6696599999999995	6.64306	7.33181	6.08283	4.95585	6.2114	4.5441	0.53589	7.687180000000001	9.55198	5.52475	4.39424	4.63427	5.11637	5.68602	1.2003	2.39429	0.0	0.0	0.0
Node 23		6.961829999999999	2.46001	4.606380000000001	6.8557999999999995	7.956589999999999	6.12622	7.541309999999999	3.51205	3.09106	3.72292	5.09979	5.87306	6.918159999999999	6.21855	7.022069999999999	3.91509	4.10508	2.8527400000000003	5.45368	2.39429	0.0	0.0	0.0
Node 2		7.12313	5.00404	7.80506	5.46258	3.70152	8.446430000000001	2.7681899999999997	7.36426	7.84161	6.91266	2.38193	3.28087	8.77101	3.58411	8.953999999999999	5.68302	6.18031	5.020560000000001	4.187790000000001	2.52942	0.0	0.0	0.0
Node 147		6.667199999999999	0.9022199999999999	6.75277	4.35915	5.67582	7.1012	3.47243	1.27006	7.571400000000001	4.63772	3.59293	6.8439	6.130179999999999	2.7110700000000003	2.49962	6.19644	6.50714	6.626650000000001	3.63924	1.86121	0.0	0.0	0.0
Node 38		4.89618	8.27454	4.650370000000001	8.0302	6.297759999999999	5.0812	5.401269999999999	2.2242	4.87973	5.17457	4.5766800000000005	4.85144	3.9628499999999995	4.69259	6.715699999999999	2.46183	5.6539	4.24219	4.367999999999999	1.86121	0.0	0.0	0.0
Node 61		5.99337	3.5513299999999997	4.6902800000000004	3.1462200000000005	6.06867	4.71838	3.9278100000000005	3.98778	9.72305	8.00371	6.451320000000001	5.14909	6.38967	6.70456	10.82161	5.21032	6.05275	4.01989	5.99239	0.9303600000000001	0.0	0.0	0.0
Node 167		5.43209	9.407820000000001	2.99186	2.03103	10.23189	5.24423	0.7148599999999999	4.22055	2.27143	5.1830099999999995	5.55752	6.548030000000001	5.62666	6.560779999999999	5.2041900000000005	3.11902	5.53806	3.29957	6.559080000000001	3.20429	0.0	0.0	0.0
Node 58		7.98655	2.42685	5.99308	4.41089	6.38191	7.0943000000000005	2.08748	6.09302	8.196399999999999	8.90749	9.27658	2.17056	8.3841	3.7336500000000004	8.37556	5.69182	10.71096	5.01647	5.27367	0.53308	0.0	0.0	0.0
Node 195		7.807360000000001	8.05673	7.68846	4.7181	8.18519	7.538	3.51928	4.77107	5.40133	4.43731	7.84797	2.83709	6.97483	6.427389999999999	4.40813	4.59711	3.73862	3.7115099999999996	4.36456	1.46393	0.0	0.0	0.0
Node 44		3.73078	3.4211400000000003	3.64866	2.45804	9.7193	5.5507599999999995	7.15735	0.7124199999999999	7.729659999999999	6.39396	4.93631	4.62329	7.07911	6.757299999999999	10.8559	2.83466	7.93928	0.58572	4.25783	1.46344	0.0	0.0	0.0
Node 144		3.63044	5.19326	4.19141	7.01653	5.459499999999999	8.00435	4.42532	5.15529	7.702159999999999	7.80467	6.9824399999999995	7.435509999999999	4.53199	4.79788	10.678469999999999	5.53986	5.762359999999999	4.38722	6.2304900000000005	2.52942	0.0	0.0	0.0
Node 112		6.148350000000001	1.6494000000000002	6.469110000000001	2.8856699999999997	4.03288	4.25586	2.68614	3.5421500000000004	6.27299	6.8135200000000005	4.23316	5.90376	4.20099	6.310929999999999	8.95012	1.26929	7.6714400000000005	6.7987	5.44299	1.7403600000000001	0.0	0.0	0.0
Node 130		4.22728	7.54182	4.88127	2.85889	8.90068	7.26347	3.5100100000000003	7.56449	5.06037	4.59687	1.9137000000000002	6.823949999999999	7.438980000000001	5.484970000000001	2.3860200000000003	3.6296399999999998	8.88965	3.01876	6.71785	0.0	0.0	0.0	0.0
Node 0		8.10058	4.086320000000001	3.69378	2.32185	5.16763	3.7235400000000003	4.62721	4.46814	7.08077	4.6020199999999996	5.29395	7.701230000000001	7.361910000000001	2.45599	5.67608	5.9582999999999995	5.45925	7.00868	3.58784	0.8099999999999999	0.0	0.0	0.0
Node 136		6.75282	2.4497999999999998	4.03891	3.7305900000000003	11.68044	3.8140599999999996	3.82785	3.8727400000000003	3.2030000000000003	4.39813	6.05295	3.84874	6.30129	3.86935	4.30757	1.36419	7.198390000000001	4.06642	4.32261	1.3967200000000002	0.0	0.0	0.0
Node 39		6.1593	0.73543	3.72465	4.16284	6.611649999999999	7.577100000000001	4.07994	11.24964	6.25429	5.15639	2.70351	6.70606	5.19406	4.92691	6.59487	0.75483	4.721	5.0132200000000005	8.85337	0.9308500000000001	0.0	0.0	0.0
Node 137		1.62702	4.33354	1.77693	2.3742	4.53332	4.93621	2.2533399999999997	3.91464	5.49657	6.25367	5.74385	5.26525	5.76575	3.86151	7.93769	4.08901	6.6259	2.93257	4.52831	0.9308500000000001	0.0	0.0	0.0
Node 19		4.39545	7.21889	6.87807	6.358270000000001	4.88816	4.2367799999999995	5.75057	6.41873	8.855870000000001	5.46355	5.95867	5.50098	6.07527	3.0120999999999998	5.62495	4.65982	7.313459999999999	3.13463	6.64672	0.58672	0.0	0.0	0.0
Node 52		0.95086	9.946430000000001	6.571829999999999	2.8828300000000002	6.13844	6.07775	2.25059	6.07728	5.24892	7.02413	4.15332	4.33542	5.48196	0.90709	7.96854	2.2620299999999998	6.36512	3.9392400000000003	7.34356	1.7403600000000001	0.0	0.0	0.0
Node 153		7.276879999999999	9.69502	7.761709999999999	7.96993	6.8042300000000004	6.653639999999999	3.7138999999999998	4.46108	3.33886	3.3576300000000003	8.120800000000001	3.07225	5.00498	3.56029	4.39691	1.98954	8.96334	4.13928	8.62777	2.05016	0.0	0.0	0.0
Node 199		4.695930000000001	6.46274	4.23297	2.20603	6.503159999999999	4.10914	4.91958	4.09979	6.37514	5.63977	8.57676	8.07941	6.843190000000001	2.02847	6.409389999999999	4.66938	4.96272	7.26278	5.20713	0.8099999999999999	0.0	0.0	0.0
Node 150		8.5362	2.41782	7.344449999999999	5.77296	8.35143	5.7723700000000004	1.93881	7.61353	7.32559	5.42331	3.0713500000000002	4.34976	7.014380000000001	2.66397	8.77671	5.36698	6.168209999999999	6.29723	2.73218	0.9303600000000001	0.0	0.0	0.0
Node 173		6.51844	6.97358	3.96126	7.35183	11.33104	3.94597	5.0766	4.9384	9.33244	6.257890000000001	8.207830000000001	5.55408	4.53742	2.38709	6.8093200000000005	0.51446	7.1229700000000005	4.748200000000001	2.19629	2.67121	0.0	0.0	0.0
Node 114		1.70102	4.2701	4.15723	4.07485	9.11839	5.52681	2.2402800000000003	8.74395	5.19376	8.24724	0.0	3.5527	9.03326	3.9242100000000004	6.35842	2.2065	6.57015	6.311020000000001	5.139620000000001	3.25793	0.0	0.0	0.0
Node 124		7.0821499999999995	4.7603	5.54632	6.14508	5.49707	8.91497	4.97617	4.04066	7.7159699999999996	8.02593	3.18318	7.64936	6.33299	1.22718	4.19342	3.4464300000000003	6.993829999999999	2.0444	3.5695200000000002	0.53308	0.0	0.0	0.0
Node 101		2.81718	4.24325	7.0452699999999995	5.33602	9.04953	5.82157	6.39449	6.73853	3.71333	7.716489999999999	6.49002	6.27419	4.5738199999999996	7.225529999999999	7.71773	5.681979999999999	8.33361	2.83412	4.1608600000000004	0.8099999999999999	0.0	0.0	0.0
Node 157		0.74671	4.7528500000000005	4.25142	4.75685	5.60164	5.40501	4.53273	5.36607	4.40018	4.8084	2.30368	4.56199	4.67604	3.4966999999999997	5.66057	3.23306	7.14544	5.47583	5.87965	1.3752900000000001	0.0	0.0	0.0
Node 154		6.27398	4.17225	3.63259	6.254410000000001	4.8706	6.935149999999999	5.57053	5.4122200000000005	6.49491	6.9096	6.3573699999999995	5.621650000000001	8.26473	2.88299	1.63054	6.26801	6.670170000000001	5.39212	3.4367300000000003	1.51708	0.0	0.0	0.0
Node 197		5.17172	9.46062	5.9640699999999995	3.2622600000000004	4.2053899999999995	5.50688	3.07784	5.28851	6.74327	3.9887400000000004	6.36242	5.49456	5.27468	3.72873	3.00191	5.59687	8.60404	6.62181	4.090400000000001	1.71893	0.0	0.0	0.0
Node 9		3.31331	3.2362599999999997	4.29681	1.75276	6.02825	5.68397	3.3621600000000003	3.1396100000000002	5.20166	6.20825	3.20492	2.70445	9.57809	3.22733	7.72984	5.59837	3.04019	5.281149999999999	2.04611	0.9303600000000001	0.0	0.0	0.0
Node 22		7.572760000000001	2.60244	3.43303	2.58571	3.92559	4.69015	1.43451	5.95165	8.70639	6.63352	5.66124	2.92645	5.37271	5.58944	10.11003	4.74534	3.38708	3.85399	5.08775	2.27393	0.0	0.0	0.0
Node 8		6.695570000000001	6.9872000000000005	2.8666199999999997	3.8299100000000004	6.940060000000001	3.6937499999999996	8.039399999999999	5.414420000000001	6.9055800000000005	2.931	5.3681600000000005	8.44905	5.418880000000001	5.268599999999999	6.55437	5.28934	6.00086	7.07594	5.15501	0.7885700000000001	0.0	0.0	0.0
Node 176		4.5841	5.6209	4.19369	8.60171	4.08102	4.773560000000001	3.3552400000000002	2.2061	5.82258	5.69862	9.161959999999999	6.2152199999999995	8.12865	3.85106	7.323169999999999	4.75949	5.72454	5.22159	5.9530899999999995	1.7403600000000001	0.0	0.0	0.0
Node 187		5.62082	2.34789	4.13962	3.26019	9.238290000000001	7.926550000000001	6.20165	4.75634	7.639419999999999	4.76189	7.92543	6.70385	4.83255	2.6415100000000002	6.782290000000001	2.24237	4.28724	1.3844	4.64983	2.64978	0.0	0.0	0.0
Node 123		3.65609	7.90878	4.84938	7.9955799999999995	5.27846	8.16442	4.871020000000001	6.3439700000000006	7.5233300000000005	6.032	5.5743599999999995	7.01106	6.074870000000001	2.6405499999999997	4.5668	1.14624	4.24743	3.2871499999999996	4.92988	3.45978	0.0	0.0	0.0
Node 81		6.2308	3.08616	1.6029499999999999	3.36838	8.4237	1.5447300000000002	3.4079800000000002	7.188160000000001	3.4694000000000003	5.50315	10.74277	6.8013	0.0	3.64658	6.0233	3.8654300000000004	6.952859999999999	4.25438	5.1142	1.86121	0.0	0.0	0.0
Node 16		7.283639999999999	7.58716	5.61228	5.2733099999999995	4.72155	6.1845	5.38232	5.03229	3.1355	1.9990299999999999	5.3544599999999996	4.836	6.864439999999999	4.53501	10.25655	0.69146	3.27562	4.15767	5.12639	1.51708	0.0	0.0	0.0
Node 177		7.17065	8.34308	5.56788	4.80434	7.22274	5.1086	2.43063	5.5847	6.524520000000001	4.55729	4.33594	6.480370000000001	4.95655	5.43842	7.938929999999999	3.97317	5.15219	6.42195	3.8642999999999996	0.0	0.0	0.0	0.0
Node 3		9.66089	2.63143	6.09919	3.50904	8.95102	3.6801500000000003	4.18006	3.8651400000000002	7.83853	5.42237	5.66357	4.58777	5.34656	4.27021	7.64188	7.82079	5.34236	4.39631	5.62137	0.9308500000000001	0.0	0.0	0.0
Node 40		5.19994	2.47914	3.3347300000000004	1.32445	5.78329	8.62443	1.42428	5.43959	3.8563	8.2149	4.70958	6.07816	6.49788	3.1724799999999997	10.58355	4.365349999999999	6.05166	3.5998200000000002	4.09356	1.71942	0.0	0.0	0.0
Node 142		6.0496099999999995	1.0956000000000001	2.47833	4.27759	8.638020000000001	4.27064	1.90158	6.80648	4.55016	4.09297	4.7881	1.1822300000000001	6.277349999999999	6.167009999999999	5.59462	4.86599	5.18836	4.983569999999999	5.8972999999999995	1.86121	0.0	0.0	0.0
Node 51		6.7792699999999995	2.8404100000000003	4.20575	4.1456800000000005	10.03934	7.3449100000000005	4.44878	5.25268	3.02629	1.94142	7.31082	7.67051	6.57816	3.1643999999999997	5.7358199999999995	3.7607399999999997	4.3306499999999994	6.1999699999999995	4.13131	1.51708	0.0	0.0	0.0
Node 31		9.20885	4.11905	4.254630000000001	1.56232	11.08779	6.05785	5.7931799999999996	9.268600000000001	4.62953	3.8587499999999997	2.28066	6.93816	5.49873	2.74684	8.43787	6.62519	7.13715	5.99159	5.10831	1.51757	0.0	0.0	0.0
Node 59		8.40209	5.43279	1.76172	2.3747399999999996	9.061760000000001	9.98329	4.33678	8.22249	1.5821999999999998	8.81821	5.0425699999999996	6.1788799999999995	4.63095	3.2298899999999997	3.9759999999999995	7.92002	7.562149999999999	3.97988	3.4664300000000003	1.46344	0.0	0.0	0.0
Node 86		1.58627	7.989930000000001	2.3197099999999997	6.57576	5.90867	6.04148	4.11726	6.85017	4.73673	5.21634	5.05839	4.33428	3.93765	1.7334599999999998	8.25185	3.1841500000000003	4.7795499999999995	6.7132	2.5857200000000002	2.2525	0.0	0.0	0.0
Node 151		2.66664	6.265419999999999	1.86179	7.46679	4.39897	5.25675	3.20781	9.34527	7.02067	4.1523699999999995	4.45384	8.17194	5.5131499999999996	5.2211300000000005	7.5745499999999995	3.58956	3.4399800000000003	4.79774	5.21919	0.7885700000000001	0.0	0.0	0.0
Node 168		0.70934	2.25772	7.7435	3.83046	5.8402	5.187	4.33804	5.46445	5.93919	5.59492	6.36941	3.1331900000000004	6.193420000000001	4.15527	5.54824	1.9705899999999998	8.3857	6.857340000000001	6.685879999999999	0.9303600000000001	0.0	0.0	0.0
Node 118		6.428870000000001	6.15676	4.10386	6.73801	5.50179	5.47166	2.61644	5.40562	11.43531	2.2315899999999997	5.31676	5.76211	2.65185	3.5485999999999995	10.1127	5.38817	4.02943	3.7153199999999997	4.79992	0.9303600000000001	0.0	0.0	0.0
Node 17		6.07735	2.21923	4.083069999999999	5.72678	2.42002	5.17882	3.41674	9.30762	5.53813	3.2568300000000003	6.2343	5.58345	7.51914	3.78436	9.995049999999999	3.65172	5.26082	5.20787	3.04745	0.53308	0.0	0.0	0.0
Node 184		0.0	9.442870000000001	6.8632	3.88201	8.58117	4.59646	2.97568	5.5419599999999996	3.38317	4.91715	5.90415	7.12962	3.90746	4.74498	8.83628	6.0858	10.20311	5.59633	4.17089	1.34308	0.0	0.0	0.0
Node 65		6.31757	7.346800000000001	5.19573	10.27742	6.86227	6.831429999999999	7.383900000000001	3.86575	6.5984799999999995	4.98377	6.4031199999999995	6.93825	6.894799999999999	3.93603	8.48731	2.6748600000000002	5.517720000000001	5.903379999999999	2.26154	0.9303600000000001	0.0	0.0	0.0
Node 18		1.32981	4.65915	5.8946	9.06258	4.3443700000000005	8.778410000000001	5.557779999999999	0.5576399999999999	5.8401000000000005	5.43499	6.80539	5.24182	6.524330000000001	4.25187	4.579409999999999	6.24618	7.78751	4.32393	4.67867	1.1198	0.0	0.0	0.0
Node 63		2.34098	6.56215	3.58252	7.67026	9.3391	8.45783	4.95216	6.35183	3.38397	7.995900000000001	5.2586	3.09301	8.43673	2.875	4.75075	3.56922	7.160089999999999	6.2965800000000005	3.76323	0.7885700000000001	0.0	0.0	0.0
Node 129		5.05927	7.13863	5.53165	6.38281	0.70977	2.50444	5.02268	3.02257	3.24626	9.07852	5.19777	6.13373	6.47237	3.8375100000000004	8.281030000000001	3.36977	7.96726	3.99326	5.86695	1.3967200000000002	0.0	0.0	0.0
Node 96		4.77597	2.1898999999999997	2.50586	3.09612	5.15935	0.66315	3.30823	3.9633599999999998	5.610119999999999	3.6324500000000004	3.4365699999999997	6.3597600000000005	9.67851	4.995229999999999	8.49886	6.04874	3.5731800000000002	2.89403	3.3477	1.46344	0.0	0.0	0.0
Node 48		3.3507000000000002	7.53427	2.5576499999999998	7.438019999999999	6.03549	7.18014	4.45046	2.2377700000000003	3.3808499999999997	3.0764400000000003	7.93036	4.05119	6.28801	4.59762	6.979240000000001	2.89984	6.791790000000001	4.36214	3.5168199999999996	1.3967200000000002	0.0	0.0	0.0
Node 175		4.31419	4.2585999999999995	6.14894	5.12961	6.7258	3.34059	1.2071999999999998	5.785209999999999	3.48264	5.08271	5.55087	1.92553	7.13936	5.80232	0.7126699999999999	5.85344	6.64651	3.9296499999999996	3.4508799999999997	1.71942	0.0	0.0	0.0
Node 134		8.12273	6.335680000000001	4.60895	6.9763	6.38147	8.63536	4.99824	7.5473799999999995	5.39592	6.87839	6.331199999999999	4.367970000000001	1.7490999999999999	4.646809999999999	6.74661	3.53616	7.13465	3.834	6.470140000000001	1.74085	0.0	0.0	0.0
Node 71		6.9161399999999995	2.60444	0.62761	6.819310000000001	6.07527	11.50854	2.95993	8.32595	4.26061	8.084299999999999	6.68061	5.19172	3.80858	1.46266	8.604090000000001	2.8577399999999997	9.30117	7.62941	2.3369999999999997	1.74085	0.0	0.0	0.0
Node 98		6.661580000000001	6.09079	5.26381	5.89011	3.68649	5.8137300000000005	6.52077	6.06039	5.803640000000001	4.4000200000000005	5.77384	5.40129	6.30738	5.50822	10.25186	6.69005	2.66614	8.98553	4.41387	2.64978	0.0	0.0	0.0
Node 91		6.9260600000000005	8.44252	3.9909600000000003	5.0666	4.47826	4.33415	5.68814	4.30265	7.898040000000001	2.8028399999999998	3.3039699999999996	5.39304	6.77667	5.00261	8.06843	2.2567	7.13903	6.07886	3.0238899999999997	1.86121	0.0	0.0	0.0
Node 165		5.46405	4.52464	2.67849	5.78969	10.89104	3.24206	6.12883	5.3204899999999995	4.7999	5.18621	4.97714	4.79868	1.5778899999999998	4.20203	10.59794	2.8480499999999997	6.84088	8.686069999999999	5.4442699999999995	0.0	0.0	0.0	0.0
Node 103		5.68077	7.6474	5.27375	6.09409	6.71335	6.89867	4.16056	4.93382	6.52754	3.41027	8.7664	3.8789900000000004	9.17412	3.62696	9.94218	4.85643	8.17858	1.66108	4.90694	0.0	0.0	0.0	0.0
Node 34		3.17971	0.5551	7.17448	6.37621	6.28925	4.53254	3.21491	5.55298	4.38321	5.60549	5.76105	3.7106399999999997	8.54037	3.34167	5.86904	2.54074	2.70124	3.90408	5.68028	2.27344	0.0	0.0	0.0
Node 141		4.796340000000001	2.8205	4.56124	5.6315	4.87712	9.336400000000001	4.22218	4.75386	3.6089999999999995	8.113249999999999	9.23146	5.2299999999999995	7.8210299999999995	5.35389	7.10412	4.59261	4.645790000000001	8.24937	5.5361899999999995	0.9303600000000001	0.0	0.0	0.0
Node 121		5.26881	3.09196	2.3764	3.8043100000000005	7.08311	9.32859	4.5529399999999995	3.8240499999999997	8.867709999999999	5.66767	6.01319	3.04427	5.09671	2.5668699999999998	8.505989999999999	4.500500000000001	7.00364	4.9748399999999995	4.2715700000000005	0.9303600000000001	0.0	0.0	0.0
Node 62		5.45558	8.87854	3.92239	2.3019600000000002	4.88658	8.45809	1.4722199999999999	9.13076	2.56098	3.7198	3.1580299999999997	2.55658	8.48106	4.5697399999999995	5.596290000000001	6.194249999999999	4.93081	4.60494	4.15776	0.9303600000000001	0.0	0.0	0.0
Node 104		4.7444	1.45103	4.8707199999999995	4.96789	6.41024	4.0277	2.61278	4.77266	6.40982	2.92847	5.77698	4.24175	8.343879999999999	2.9669999999999996	6.942959999999999	3.42376	7.2033	7.496899999999999	3.5242500000000003	3.25793	0.0	0.0	0.0
Node 14		7.70742	7.43794	0.9823200000000001	5.52385	7.478460000000001	1.7334599999999998	7.27239	5.00845	4.49786	7.06629	5.33077	2.13023	8.55415	5.01458	8.25398	6.07609	5.03717	6.31037	5.03316	2.39429	0.0	0.0	0.0
Node 55		1.4827299999999999	3.55195	1.7810200000000003	6.57417	2.10878	6.76041	7.43526	2.23065	9.71743	5.16302	5.58786	3.14918	9.39495	7.023459999999999	8.48024	3.7407999999999997	6.847689999999999	3.3649699999999996	2.84488	1.7403600000000001	0.0	0.0	0.0
Node 198		6.76158	6.05444	3.49555	2.50667	8.64564	5.50714	3.5739600000000005	6.58947	4.47764	2.82639	5.52671	4.8111	4.00492	3.95242	7.0891399999999996	6.298439999999999	5.26379	6.860320000000001	5.6099499999999995	0.9308500000000001	0.0	0.0	0.0
Node 77		4.8463899999999995	7.5761899999999995	6.01248	5.871379999999999	5.470330000000001	2.87959	1.88428	5.408650000000001	6.742140000000001	9.29725	7.907260000000001	3.87295	6.16918	4.55284	5.63385	3.7773099999999995	6.973210000000001	2.14042	5.05895	0.9303600000000001	0.0	0.0	0.0
Node 146		1.38548	2.76494	4.3915299999999995	7.35418	6.827610000000001	6.98853	2.5202	4.9081399999999995	5.81411	4.27837	5.19528	5.5803199999999995	5.30077	3.6442	5.82349	5.48782	9.28131	2.73971	4.53596	0.9303600000000001	0.0	0.0	0.0
Node 99		3.2143100000000002	8.9112	6.09794	1.40266	3.82472	9.787600000000001	3.24378	5.9703	7.4560699999999995	10.2338	2.2642800000000003	5.80281	4.97376	4.1414	4.00295	6.0626	7.949299999999999	4.53632	2.1019900000000002	1.46344	0.0	0.0	0.0
Node 64		4.355980000000001	2.68274	6.67206	0.96711	7.9025	7.60839	4.45101	5.56608	5.20792	6.13654	3.40995	4.57993	5.17656	2.88683	7.52398	1.52456	6.10531	3.67435	5.90336	0.9303600000000001	0.0	0.0	0.0
Node 66		10.16898	3.36719	5.03711	4.32376	11.08584	6.872979999999999	6.67551	3.13591	5.13933	6.3894400000000005	7.3264499999999995	5.93075	9.07273	1.8984	7.96623	5.17434	6.68672	3.43198	5.00901	0.9303600000000001	0.0	0.0	0.0
Node 15		10.17719	4.36963	4.1506300000000005	6.68502	7.105980000000001	4.14461	5.11768	5.905069999999999	7.8439700000000006	6.1223600000000005	7.16935	7.52956	5.12921	2.2630999999999997	3.62556	5.25582	3.2261400000000005	5.24125	7.79387	0.58672	0.0	0.0	0.0
Node 95		5.25054	3.9457899999999997	3.18664	8.52128	6.986820000000001	6.7526	0.67043	7.04966	6.4520800000000005	2.73103	2.61604	5.917809999999999	8.90697	6.82759	6.61176	4.13152	9.32504	4.40575	1.3088300000000002	0.53308	0.0	0.0	0.0
Node 163		6.04263	4.16185	2.5213300000000003	8.85286	11.822280000000001	1.7764700000000002	4.75369	7.851229999999999	7.16152	6.5604700000000005	7.102600000000001	6.03553	7.91999	4.118200000000001	6.3721	4.93215	5.991910000000001	8.12274	4.40364	1.71893	0.0	0.0	0.0
Node 189		4.34745	3.8722899999999996	4.4731	2.1388000000000003	8.59955	4.03831	5.79869	7.2558300000000004	8.8666	3.22968	3.19874	4.4058	8.93876	1.85739	7.47271	6.03698	5.4425099999999995	3.71131	4.226909999999999	2.67121	0.0	0.0	0.0
Node 179		3.1803	0.59729	2.4806399999999997	2.74681	8.03398	6.19198	5.21286	7.53194	2.96287	3.60047	8.98724	6.55318	2.79342	2.65633	3.33151	4.46272	7.21821	3.38734	4.38492	0.9303600000000001	0.0	0.0	0.0
Node 76		4.04993	1.8310300000000002	1.77131	4.74394	7.4438	4.51887	3.3982400000000004	5.75685	6.1729	6.386310000000001	5.3102	3.9024499999999995	4.06712	1.46182	3.08355	5.38142	12.19806	4.9032800000000005	3.97297	1.74085	0.0	0.0	0.0
Node 135		3.68466	5.46446	5.5854	6.892239999999999	9.08818	7.01976	1.35763	5.53458	4.996239999999999	8.70082	3.39847	7.356310000000001	8.530809999999999	3.6944200000000005	6.76144	4.942139999999999	7.2094000000000005	4.4311799999999995	3.49084	0.9308500000000001	0.0	0.0	0.0
Node 35		1.2741799999999999	7.2815	4.8707199999999995	5.17371	11.52734	9.17171	6.50728	4.17373	8.47572	4.81436	4.04767	5.07122	4.93472	1.92406	3.08503	6.51212	5.597160000000001	3.5243200000000003	2.66783	0.9308500000000001	0.0	0.0	0.0
Node 140		3.67923	5.88676	2.48531	5.95061	6.39261	5.07363	5.28369	3.72498	8.73328	3.38694	2.48549	8.36862	5.67072	4.32953	10.937199999999999	3.6844599999999996	1.94868	8.45501	5.17512	0.58672	0.0	0.0	0.0
Node 74		5.4231799999999994	3.2507800000000002	4.30816	8.66054	8.96279	3.8018799999999997	2.19819	2.47211	7.198359999999999	4.1605799999999995	7.25801	6.26129	6.458360000000001	5.73479	10.05502	5.81044	5.21371	5.71648	4.266360000000001	1.46393	0.0	0.0	0.0
Node 84		4.95343	8.30439	4.7983199999999995	6.934060000000001	6.4791799999999995	3.6983299999999995	4.15863	3.1592000000000002	3.23887	4.345000000000001	7.80525	7.14016	6.458029999999999	3.4636599999999995	6.62913	4.07867	7.77568	5.65588	5.8064	2.39429	0.0	0.0	0.0
Node 180		5.10383	1.84576	6.87932	7.37	6.3810199999999995	5.34715	0.0	6.27709	5.3078199999999995	3.02716	7.518669999999999	6.87045	6.86436	3.7671799999999998	8.289019999999999	5.4152	8.41437	4.842280000000001	2.54962	0.9303600000000001	0.0	0.0	0.0
Node 169		6.98926	2.8874899999999997	3.26587	4.62284	7.16413	5.41798	3.8778300000000003	7.58259	7.5378799999999995	2.24769	8.29873	7.140359999999999	4.91797	5.7555000000000005	5.90903	1.80145	7.05563	4.30154	5.35652	0.8099999999999999	0.0	0.0	0.0
Node 106		5.1866	2.93358	3.60003	5.41889	7.1532100000000005	5.02374	3.08451	5.60263	7.7957600000000005	7.3460399999999995	5.62201	4.22384	7.247739999999999	3.78849	5.7238299999999995	3.9311	4.39405	3.7309	7.86183	1.71893	0.0	0.0	0.0
Node 5		7.77308	2.7191300000000003	2.27844	6.65237	4.72429	4.40286	2.88778	2.35699	6.256290000000001	6.96229	6.79786	4.2994200000000005	4.67973	2.99395	9.51398	6.5418199999999995	7.636030000000001	1.79279	2.05965	0.9303600000000001	0.0	0.0	0.0
Node 133		5.941	5.5220199999999995	2.55178	3.8682399999999997	1.64441	9.405769999999999	3.5120699999999996	4.49629	3.6798699999999998	8.20892	5.44954	5.54915	6.1189	5.8427	8.98897	3.96133	6.53908	5.7509999999999994	5.67229	0.58672	0.0	0.0	0.0
Node 67		6.4892900000000004	2.7500299999999998	8.31212	4.53485	8.186409999999999	7.33857	5.4048	7.7448500000000005	3.0919499999999998	2.87796	10.60348	5.444240000000001	7.53666	4.67453	9.27711	4.59154	7.008209999999999	4.2131799999999995	4.15505	1.71893	0.0	0.0	0.0
Node 82		4.63461	3.93755	5.7175400000000005	3.9797899999999995	9.43547	9.26286	3.5292	5.54148	8.34764	3.6292699999999996	7.893540000000001	4.88682	5.94272	5.26462	3.18972	5.5896099999999995	4.4928	7.89418	2.8735	0.9308500000000001	0.0	0.0	0.0
Node 127		6.1897	6.072360000000001	7.08082	8.32735	7.72277	1.5692000000000002	5.05605	6.27163	5.2079699999999995	6.86538	6.01117	5.15529	7.45585	3.57376	7.525370000000001	5.18712	5.4789200000000005	3.13396	7.64923	0.9308500000000001	0.0	0.0	0.0
Node 125		4.8360899999999996	5.6277800000000004	3.38259	6.288920000000001	7.977320000000001	6.99361	3.9819899999999997	7.81873	6.87774	7.39122	6.56805	1.3483800000000001	3.6964900000000003	4.66029	7.8860600000000005	3.2574899999999998	7.14127	1.20115	4.00456	3.9928600000000003	0.0	0.0	0.0
Node 158		5.51613	3.6417900000000003	3.3285500000000003	8.7757	9.59428	3.80213	5.01665	8.20127	5.03845	5.7619	2.9673499999999997	5.80631	1.55326	3.0246399999999998	3.77916	4.1183499999999995	7.79954	3.10357	4.10325	2.30614	0.0	0.0	0.0
Node 181		5.63798	0.70934	4.50038	4.662850000000001	9.2408	4.90937	5.56736	6.08118	5.38598	7.0376900000000004	9.53035	7.08481	4.07982	5.34009	8.2378	5.8323	6.287280000000001	4.97705	5.83281	1.86121	0.0	0.0	0.0
Node 57		7.52037	5.17774	4.89359	8.77266	5.59414	6.06803	3.9541	4.05495	4.6395100000000005	7.53955	8.91017	7.42033	6.681819999999999	2.1607600000000002	8.83087	3.46346	6.810370000000001	7.157850000000001	5.78852	0.9303600000000001	0.0	0.0	0.0
Node 70		4.14667	5.533720000000001	5.77706	3.3479	9.14672	9.33475	1.41229	4.856520000000001	0.72553	4.40838	5.31099	3.79216	8.17896	1.4267	9.47951	3.8716	7.24393	6.258519999999999	5.65606	1.51757	0.0	0.0	0.0
Node 25		7.99766	6.85007	2.3699399999999997	3.06654	6.92292	5.02177	4.76249	4.59502	4.45766	8.872399999999999	6.593999999999999	3.3345100000000003	8.072709999999999	1.92308	6.58281	7.758990000000001	5.88141	6.988020000000001	5.8173200000000005	2.67121	0.0	0.0	0.0
Node 92		7.073219999999999	4.38152	2.3920299999999997	9.16404	7.1241	6.3703899999999996	3.5600199999999997	7.27138	3.4974600000000002	7.05406	6.45076	5.24822	3.23735	4.247059999999999	5.51262	5.60198	7.0566699999999996	3.03572	4.10784	0.9308500000000001	0.0	0.0	0.0
Node 21		7.64447	5.62287	2.8222899999999997	2.96995	7.38288	7.84699	4.93105	6.475110000000001	3.09295	7.21093	1.69933	9.20971	10.69135	3.8693600000000004	5.99991	6.4629900000000005	6.68879	6.34748	2.21835	2.64978	0.0	0.0	0.0
Node 78		4.5614	3.8264199999999997	2.6691800000000003	5.93826	8.25785	6.1687199999999995	3.68297	4.90074	4.9377200000000006	6.16599	7.77049	6.41265	5.789020000000001	3.92341	8.778360000000001	6.04014	3.2241400000000002	2.4964500000000003	5.68595	1.32165	0.0	0.0	0.0
Node 32		4.20646	4.0050799999999995	4.92219	10.4987	9.56289	6.578860000000001	8.505	6.31429	3.46172	5.9338	7.249220000000001	2.09617	2.7305800000000002	4.83731	9.092229999999999	4.8562	3.11685	6.437270000000001	5.44572	0.0	0.0	0.0	0.0
Node 190		7.43888	3.64445	3.27992	4.64765	5.34892	7.463119999999999	3.7052	2.23822	7.74752	5.89426	6.21166	2.50149	4.46825	5.07337	0.8591899999999999	5.66942	3.65683	4.59446	6.69558	0.58672	0.0	0.0	0.0
Node 160		8.50889	10.03275	3.3852599999999997	6.912749999999999	6.90552	8.93969	3.7801500000000003	4.6739299999999995	4.56609	4.21853	8.10688	1.7249	3.1168	4.46214	8.569849999999999	4.64428	6.77529	5.48439	5.83536	0.9303600000000001	0.0	0.0	0.0
Node 94		9.525649999999999	4.69732	4.06735	3.7196800000000003	5.10787	2.84931	3.1837299999999997	7.1028400000000005	4.42319	8.595279999999999	3.4219	4.50929	3.7317000000000005	3.7927299999999997	6.92777	6.717579999999999	5.30245	4.61686	5.87782	1.46393	0.0	0.0	0.0
Node 100		7.259359999999999	2.66941	6.15354	3.8755100000000002	9.904530000000001	3.98981	2.21562	5.73978	4.0676	5.80224	3.8499499999999998	1.40663	9.34358	5.64763	7.08892	4.68197	5.624280000000001	8.60641	4.705220000000001	1.86121	0.0	0.0	0.0
Node 139		8.115559999999999	5.27745	2.69685	0.96711	6.06383	6.78064	3.49717	5.160279999999999	4.13652	8.31854	5.52315	4.63253	5.71446	1.69249	9.65293	4.66338	5.83986	6.99104	2.43358	1.46344	0.0	0.0	0.0
Node 88		5.04213	7.5649	4.45021	7.15416	7.999199999999999	5.22157	2.84943	4.25985	8.43497	10.70098	3.31781	5.94352	7.42053	5.072150000000001	4.76488	3.49458	7.355250000000001	1.78684	4.33354	0.9303600000000001	0.0	0.0	0.0
Node 102		6.41765	4.30792	2.3584	6.893489999999999	7.982609999999999	2.98522	1.62724	7.50059	1.21314	7.25402	6.31057	5.42589	7.15836	4.73535	6.949750000000001	2.82339	5.76985	3.50609	4.0373	0.8099999999999999	0.0	0.0	0.0
Node 149		8.91074	5.08018	6.10998	3.8755100000000002	5.20946	4.04741	5.89032	4.24343	1.62367	7.2900599999999995	5.81723	3.68507	1.7490999999999999	2.04107	9.27017	5.96598	2.36845	4.75572	3.0762500000000004	1.46393	0.0	0.0	0.0
Node 12		6.020919999999999	7.25455	2.72465	3.0999700000000003	8.13025	3.87059	5.75887	6.08446	6.62792	4.38748	6.01445	6.9346000000000005	7.70894	2.7475099999999997	7.70638	2.3742900000000002	9.72421	2.0859099999999997	6.03686	2.05065	0.0	0.0	0.0
Node 42		3.09158	4.54935	10.95228	5.25748	10.68466	7.2326500000000005	2.90048	6.65663	5.4371	4.42509	10.29829	4.00347	8.620849999999999	3.3968100000000003	2.81537	6.403169999999999	6.31554	7.08917	2.80968	1.51708	0.0	0.0	0.0
Node 194		7.035950000000001	1.84576	4.09662	7.897959999999999	9.62125	4.35997	2.71134	4.4715	7.459109999999999	3.7917699999999996	8.32445	3.34379	5.44576	5.36244	7.2097	2.24177	10.9059	3.46192	5.981800000000001	2.67121	0.0	0.0	0.0
Node 6		3.9572200000000004	4.50984	4.11873	6.6539600000000005	9.020010000000001	6.861829999999999	7.590120000000001	5.52502	6.20796	5.682840000000001	7.44083	6.34565	1.7507499999999998	7.1072999999999995	8.2695	5.172899999999999	6.6833	3.22268	5.01955	2.39429	0.0	0.0	0.0
Node 138		6.42899	5.23263	5.08618	3.93363	6.4216	6.04147	2.55471	10.2576	3.13178	7.48586	7.04823	3.926	7.42627	5.16115	9.10738	3.9588400000000004	5.97644	7.888330000000001	5.0632	1.86121	0.0	0.0	0.0
Node 117		9.06483	6.50564	5.3612899999999994	3.7452	8.68968	4.86289	1.6249	9.55232	6.258859999999999	4.92607	4.4402	5.60048	3.22287	3.17124	8.76234	5.07173	4.11152	4.453320000000001	5.2901	2.83922	0.0	0.0	0.0
Node 148		6.87233	7.415049999999999	5.313070000000001	3.11334	10.47927	7.87228	1.97128	2.4342099999999998	5.9014999999999995	5.6428199999999995	2.32985	4.43071	5.6314400000000004	2.87269	5.90885	3.5135300000000003	4.25806	7.16444	1.3752900000000001	3.2365	0.0	0.0	0.0
