Node 137		2.41036	5.15062	4.31171	3.9017999999999997	0.67551	7.28539	1.63816	2.22337	7.366960000000001	3.23335	5.47681	2.67086	2.4827	2.32482	4.16393	5.20284	3.89609	1.89162	3.52084	0.7885700000000001	0.0	0.0	0.0
Node 187		6.9027400000000005	4.05502	5.188750000000001	3.5219599999999995	5.1487	9.04776	3.22016	3.82179	6.01773	3.29971	6.21696	5.15307	1.4958900000000002	2.31847	2.77061	4.760070000000001	1.4849899999999998	1.3844	3.52084	0.8099999999999999	0.0	0.0	0.0
Node 104		4.209709999999999	3.4325799999999997	4.31171	4.38694	2.45763	3.53527	3.18769	4.59667	7.69982	2.36695	6.570320000000001	4.21809	4.08667	5.29033	3.18745	2.74332	3.64332	1.40134	1.26834	0.8099999999999999	0.0	0.0	0.0
Node 155		8.64426	4.61012	5.27882	5.79504	2.9007899999999998	6.11977	2.27939	1.8036699999999999	5.70374	4.340920000000001	6.35809	6.1022300000000005	0.52886	5.98773	3.08636	4.20176	2.83412	1.89072	2.83922	0.8099999999999999	0.0	0.0	0.0
Node 123		5.51128	8.57147	3.66889	3.92977	2.1803	8.80766	3.1499399999999995	4.7881100000000005	8.18861	4.12845	6.22298	5.93341	1.47023	4.06076	1.9870100000000002	1.49287	5.68633	1.89072	1.90837	0.8099999999999999	0.0	0.0	0.0
Node 72		5.48538	6.71441	5.754560000000001	3.8621999999999996	1.79279	5.38109	3.98016	2.17292	4.50921	6.255249999999999	7.13887	4.1298	3.94536	4.56572	2.26908	6.445620000000001	3.5983099999999997	1.3538400000000002	3.5203499999999996	0.8099999999999999	0.0	0.0	0.0
Node 58		6.683260000000001	2.97855	7.28393	3.81607	2.9196400000000002	6.40381	3.15401	2.3062099999999996	9.107859999999999	3.5635	7.92211	3.26075	5.79377	4.625159999999999	3.63688	5.35936	5.26509	1.89072	3.52084	0.8099999999999999	0.0	0.0	0.0
Node 135		4.2295	6.13703	6.22654	3.0241000000000002	2.45763	5.34886	3.2285500000000003	3.5156600000000005	4.29629	2.5528	5.78708	1.50217	4.75789	3.28545	2.84965	4.38628	3.5823899999999997	2.05667	1.2147	0.8099999999999999	0.0	0.0	0.0
Node 190		7.41869	7.496569999999999	4.31171	5.11329	1.50846	9.71819	2.1957999999999998	3.40582	5.27376	3.93037	4.8165	3.26678	2.4494700000000003	6.51954	0.8764700000000001	3.88885	3.34351	4.97963	1.90837	0.8099999999999999	0.0	0.0	0.0
Node 34		4.87587	5.27882	7.277989999999999	6.4669799999999995	6.68386	7.190040000000001	0.7785700000000001	2.92468	3.35756	0.91472	4.65896	3.22306	4.13416	5.58648	2.47259	5.67327	3.3707599999999998	1.3844	1.90837	0.8099999999999999	0.0	0.0	0.0
Node 2		6.683260000000001	5.4186499999999995	8.82612	6.6577399999999995	1.5786000000000002	6.99407	0.95414	4.31865	6.01773	2.49523	3.8762900000000005	1.6236400000000002	3.17958	3.81659	2.96054	7.08876	0.69382	1.3844	2.05691	0.8099999999999999	0.0	0.0	0.0
Node 81		5.51128	5.07782	2.48531	4.46176	4.68255	4.260739999999999	3.7668399999999997	5.721819999999999	4.26027	3.5864399999999996	7.10426	4.21809	1.45509	5.180280000000001	6.11414	6.015750000000001	3.11799	1.3844	2.71837	0.8099999999999999	0.0	0.0	0.0
Node 96		6.36224	2.46579	0.88158	6.0186	3.1874100000000003	4.92389	2.13467	1.27637	4.8267299999999995	3.01566	5.599620000000001	4.72572	5.52367	7.35889	3.7144999999999997	6.09052	2.01032	1.3538400000000002	3.64922	0.8099999999999999	0.0	0.0	0.0
Node 84		7.097670000000001	9.83493	6.17107	5.75099	3.8764600000000002	8.88104	3.02971	5.3184000000000005	3.54393	3.1306399999999996	8.69612	5.34336	5.18098	3.30528	1.92986	8.360570000000001	2.69352	3.4639200000000003	4.2385	0.8099999999999999	0.0	0.0	0.0
Node 101		4.736400000000001	5.4186499999999995	6.65038	3.55009	4.61827	5.55468	2.1998699999999998	1.85642	4.19144	4.937790000000001	5.47681	4.21809	3.23383	7.19076	2.3248100000000003	7.65488	3.53389	3.02168	2.83922	0.8099999999999999	0.0	0.0	0.0
Node 10		5.16057	5.1875	5.12695	5.11329	4.73503	7.00599	3.8623600000000002	1.8036699999999999	6.44771	3.42284	6.22298	1.6311300000000002	4.84461	4.57207	1.64626	5.35936	2.91105	3.44577	3.52084	0.8099999999999999	0.0	0.0	0.0
Node 31		7.85917	4.6324	8.5047	3.05326	1.63524	8.64822	3.98016	4.41251	5.1733	2.87268	4.37035	5.39396	1.1774099999999998	5.34231	3.7245800000000004	7.6321	4.62836	5.7655400000000006	5.05081	0.8099999999999999	0.0	0.0	0.0
Node 76		6.4135	1.69289	5.27882	8.066239999999999	5.1487	6.33092	3.7006900000000003	3.11938	7.556699999999999	2.57193	5.28345	1.32537	2.23496	5.543089999999999	2.26908	6.945079999999999	5.31562	2.69585	1.90837	0.8099999999999999	0.0	0.0	0.0
Node 192		5.11193	5.97375	7.11879	8.914	2.9007899999999998	6.33092	1.6801300000000001	3.05895	3.9392000000000005	1.78105	7.88163	4.21809	3.4372800000000003	4.06076	1.40281	5.801769999999999	0.9007299999999999	3.42745	1.986	0.8099999999999999	0.0	0.0	0.0
Node 23		6.06279	6.5142500000000005	5.188750000000001	7.5055	2.82264	6.1642	3.5494499999999998	2.33396	5.70374	1.6549	5.78708	5.70527	3.8508	4.16447	2.944	6.11161	3.35498	1.3844	1.90837	0.8099999999999999	0.0	0.0	0.0
Node 131		8.36924	7.572189999999999	3.32939	4.77688	5.63603	5.449339999999999	3.7668399999999997	1.9467499999999998	7.4862899999999994	4.12845	7.92211	1.6425100000000001	3.94536	5.61516	0.78362	4.42082	5.01888	1.8868099999999999	1.90837	0.8099999999999999	0.0	0.0	0.0
Node 27		3.03083	6.21326	2.7017800000000003	6.6577399999999995	3.8274700000000004	3.17632	3.74213	4.7881100000000005	4.50921	3.87049	4.21632	3.5776000000000003	1.45509	9.02595	0.76404	6.774850000000001	0.8283699999999999	2.97454	1.90837	0.8099999999999999	0.0	0.0	0.0
Node 98		5.51128	5.73395	8.571380000000001	5.89316	3.1891000000000003	5.449339999999999	2.97452	4.0059499999999995	7.42609	2.65166	3.3234399999999997	3.2622600000000004	3.94536	4.07977	2.94179	9.18548	3.85694	4.99657	1.90837	0.8099999999999999	0.0	0.0	0.0
Node 91		5.78104	4.44414	4.22164	5.51814	1.47093	10.35444	3.74213	5.3184000000000005	7.4862899999999994	3.01566	6.529890000000001	4.24633	3.94536	4.93896	2.0942700000000003	6.89611	2.0513500000000002	3.2687500000000003	1.90837	0.8099999999999999	0.0	0.0	0.0
Node 12		7.148930000000001	9.87407	2.48531	6.03587	3.93356	4.1432400000000005	4.2212	3.05895	7.69982	3.1306399999999996	7.17594	5.793559999999999	5.7517	1.58835	3.48759	1.52399	3.9868	0.50722	4.23801	0.8099999999999999	0.0	0.0	0.0
Node 164		5.78104	7.977679999999999	3.35932	6.09123	2.9812700000000003	6.8617300000000006	3.5494499999999998	0.85667	4.581729999999999	4.01347	6.35809	2.283	4.82679	1.78584	4.39084	6.26039	2.38572	3.4814900000000004	3.5203499999999996	0.8099999999999999	0.0	0.0	0.0
Node 82		5.16057	3.71419	6.73094	5.1211899999999995	4.61827	9.5298	3.18769	3.05895	6.26342	2.2188	8.69953	5.19764	3.94536	4.16447	2.32623	6.09052	1.18518	4.22506	1.90837	0.8099999999999999	0.0	0.0	0.0
Node 78		3.03083	7.776859999999999	3.6857599999999997	6.354909999999999	4.186179999999999	4.5219700000000005	3.22016	0.9997499999999999	4.16266	5.30425	8.25137	3.22306	3.94536	5.3212	4.1603	4.932919999999999	2.10394	2.97454	1.90837	0.8099999999999999	0.0	0.0	0.0
Node 66		6.60329	7.01306	3.26759	2.17308	4.98205	6.33092	4.7647200000000005	0.947	7.556699999999999	4.93155	9.03461	4.79338	4.75789	2.82978	3.63325	6.04369	2.62927	1.47448	1.90837	0.8099999999999999	0.0	0.0	0.0
Node 183		6.48762	4.5227200000000005	8.24447	10.64066	4.2833499999999995	5.449339999999999	4.29977	2.80342	5.68487	3.29971	7.92211	5.74984	4.14773	5.39931	1.40281	3.61712	2.66772	1.7102300000000001	2.58999	0.8099999999999999	0.0	0.0	0.0
Node 147		8.0541	1.92529	7.28393	3.567	3.2555199999999997	5.47644	3.98016	1.27637	4.9255	4.44876	5.75247	7.31312	3.94536	2.82978	2.8518600000000003	6.26039	3.29298	3.2687500000000003	1.90837	0.8099999999999999	0.0	0.0	0.0
Node 149		7.41869	5.90708	3.6857599999999997	2.6613499999999997	2.2987	5.47644	4.26818	2.1124899999999998	5.70374	2.87268	10.19489	4.55715	1.66503	4.48312	4.39084	5.65049	0.9756	2.68388	1.90837	0.8099999999999999	0.0	0.0	0.0
Node 37		2.41036	3.04317	5.188750000000001	3.85769	2.9007899999999998	7.262929999999999	4.04725	7.0662199999999995	7.556699999999999	3.7350000000000003	2.11957	4.79853	5.52367	5.424910000000001	2.26908	7.62941	4.81033	4.21474	1.90837	0.8099999999999999	0.0	0.0	0.0
Node 42		3.6662399999999997	5.8077700000000005	9.32466	6.0186	5.23921	6.33556	3.22016	2.47747	5.50098	3.2103699999999997	8.25137	2.30492	3.8508	3.1840100000000002	0.53181	7.676239999999999	0.55144	4.7891900000000005	1.90837	0.8099999999999999	0.0	0.0	0.0
Node 65		4.87587	8.964089999999999	2.79351	8.0513	6.02757	2.88205	3.22016	3.00294	5.02596	2.87268	7.03397	4.72572	3.84611	2.31847	2.96054	6.09535	2.38572	4.072979999999999	2.83922	0.8099999999999999	0.0	0.0	0.0
Node 51		4.2295	3.15909	6.340809999999999	5.11329	4.98205	7.97779	3.22016	2.75013	5.50098	2.36695	8.09391	4.953860000000001	5.79377	3.58526	1.2980800000000001	5.35936	2.38572	4.21474	1.80142	0.8099999999999999	0.0	0.0	0.0
Node 160		5.01011	7.41908	5.12101	4.89145	3.68915	9.68401	2.83703	4.72768	3.35756	2.3019000000000003	7.88168	2.53636	1.45509	5.15697	2.0942700000000003	6.04369	3.2029099999999997	3.4639200000000003	3.52084	0.8099999999999999	0.0	0.0	0.0
Node 7		5.75219	4.16475	4.31171	5.9759899999999995	4.68255	6.33556	3.5873500000000003	3.52895	4.581729999999999	2.41352	3.89459	1.59783	3.8019	6.62436	1.64626	5.35936	3.6048700000000005	5.433339999999999	1.986	0.8099999999999999	0.0	0.0	0.0
Node 165		6.683260000000001	5.97375	4.31171	5.30952	6.816120000000001	3.41164	4.0071200000000005	3.72793	7.252790000000001	2.65166	4.79951	4.1298	1.45509	5.27839	4.39084	6.09052	2.85215	4.072979999999999	1.3752900000000001	0.8099999999999999	0.0	0.0	0.0
Node 176		7.238360000000001	6.5982899999999995	2.69685	7.2176100000000005	3.12747	4.7519100000000005	3.98016	0.947	8.18861	3.5864399999999996	9.61425	6.94119	3.8508	5.09753	1.40281	7.11614	4.2152	2.1886300000000003	2.71837	0.8099999999999999	0.0	0.0	0.0
Node 174		5.75219	1.37019	6.736880000000001	6.57847	2.1471299999999998	6.33556	2.5923000000000003	3.64967	7.8895599999999995	4.93155	5.48505	4.36975	4.08667	1.6039700000000001	4.29882	7.510840000000001	2.9953600000000002	4.072979999999999	3.44944	0.8099999999999999	0.0	0.0	0.0
Node 121		4.01407	4.01063	3.8902699999999997	6.6577399999999995	4.68255	8.62405	2.35058	2.86001	6.44771	3.5635	8.86808	1.5785	4.14773	4.25179	2.06824	4.07574	2.1018499999999998	1.40134	3.5203499999999996	0.8099999999999999	0.0	0.0	0.0
Node 64		9.56973	6.17391	7.02115	0.96711	2.9007899999999998	6.14687	1.94181	2.52866	6.62299	3.25847	2.25084	6.368849999999999	3.17958	2.2986400000000002	4.39084	2.6484199999999998	2.62927	3.44577	2.83922	0.8099999999999999	0.0	0.0	0.0
Node 122		7.2237599999999995	4.05502	3.2607700000000004	5.2628	1.4816	4.5394	3.2092	2.06801	7.8895599999999995	0.91472	7.13551	3.26075	0.90709	4.16753	3.26506	6.09052	2.80162	3.4808600000000003	2.83922	0.8099999999999999	0.0	0.0	0.0
Node 145		9.52112	6.43551	2.79351	6.21336	3.8646100000000003	7.262929999999999	5.46708	2.33396	5.91727	4.50464	9.61425	1.89587	2.07666	5.3212	3.54111	5.33747	2.83412	4.072979999999999	2.58999	0.8099999999999999	0.0	0.0	0.0
Node 90		6.798220000000001	8.22238	5.68327	3.05326	2.93549	7.118670000000001	4.29977	4.7881100000000005	5.70374	4.58425	7.92211	2.3653899999999997	0.79901	5.97894	3.29766	7.7506699999999995	4.1030299999999995	1.96927	1.90837	0.8099999999999999	0.0	0.0	0.0
Node 140		2.2806699999999998	4.82972	2.7017800000000003	8.066239999999999	2.45763	2.8378400000000004	3.5494499999999998	3.00294	4.43924	3.29971	7.276059999999999	4.72572	1.9764199999999998	5.2322500000000005	3.54111	4.37014	1.5009299999999999	5.416399999999999	2.05691	0.8099999999999999	0.0	0.0	0.0
Node 136		8.36924	2.26612	7.512099999999999	5.24347	4.88487	6.15769	3.8623600000000002	1.27637	3.5899599999999996	2.41688	8.09391	2.62026	3.23779	4.06076	2.96054	2.45952	1.21915	1.40134	1.90837	0.8099999999999999	0.0	0.0	0.0
Node 118		8.0541	9.63456	4.2965	6.57847	1.42703	8.663400000000001	1.63816	3.4507299999999996	7.42577	0.93385	5.75247	4.1298	1.03514	3.49631	4.1603	6.26039	1.11105	2.64154	2.58999	0.8099999999999999	0.0	0.0	0.0
Node 134		6.388140000000001	3.94534	4.31171	6.354909999999999	3.6433899999999997	6.01929	1.63816	3.05895	7.366960000000001	7.084650000000001	7.92211	5.431649999999999	1.45509	4.40149	3.29766	1.4123	4.58991	2.97454	1.90837	0.8099999999999999	0.0	0.0	0.0
Node 26		2.41036	9.079460000000001	2.7017800000000003	8.066239999999999	2.1471299999999998	4.5219700000000005	1.63816	2.33396	5.804200000000001	4.73281	4.9692300000000005	1.5785	3.94536	6.18039	2.26908	6.86025	3.9095999999999997	1.27619	2.58999	0.8099999999999999	0.0	0.0	0.0
Node 14		6.516470000000001	9.51919	3.32939	5.05848	2.98412	4.7519100000000005	5.15101	1.5821999999999998	6.01773	3.0772500000000003	6.22298	5.61744	3.94536	4.01795	4.16393	5.65049	4.300940000000001	4.072979999999999	1.90837	0.8099999999999999	0.0	0.0	0.0
Node 32		7.41869	4.49052	5.188750000000001	7.91331	2.18776	3.69696	4.51716	5.721819999999999	4.18153	4.58425	7.88163	2.283	1.45509	5.15697	3.54111	6.53776	0.65445	3.37266	2.83873	0.8099999999999999	0.0	0.0	0.0
Node 88		4.736400000000001	6.75844	4.2347	4.97397	3.60033	10.39887	1.6665599999999998	1.44739	7.31101	5.19939	4.038959999999999	3.2159	3.17958	3.1840100000000002	1.2980800000000001	5.57606	4.22115	0.7689699999999999	2.58999	0.8099999999999999	0.0	0.0	0.0
Node 151		3.03083	5.61597	4.5717300000000005	8.29195	1.34104	4.1432400000000005	3.2662999999999998	5.59642	5.70374	3.5864399999999996	7.34774	6.368849999999999	3.38979	3.8696800000000002	2.27718	3.19356	3.3707599999999998	4.84195	2.05691	0.8099999999999999	0.0	0.0	0.0
Node 125		4.2554	4.61012	5.54346	6.354909999999999	3.68915	7.05042	3.78786	6.028490000000001	4.581729999999999	4.93155	5.75247	0.57661	1.9764199999999998	4.3221099999999995	2.93088	5.28731	3.4774100000000003	0.6154299999999999	2.34483	0.8099999999999999	0.0	0.0	0.0
Node 3		6.321540000000001	1.0956000000000001	7.28393	3.61313	4.2833499999999995	3.53527	1.64223	0.72553	7.556699999999999	4.01347	6.49864	4.84176	2.31358	6.2922199999999995	2.94542	7.76999	3.3707599999999998	2.1703099999999997	2.05691	0.8099999999999999	0.0	0.0	0.0
Node 129		3.936	6.40506	6.17107	6.0186	0.7201	4.68366	3.71861	2.33396	5.1733	5.65155	6.3927	4.21809	3.94536	4.2207799999999995	3.03312	6.70316	4.81033	5.5751	1.90837	0.8099999999999999	0.0	0.0	0.0
Node 139		7.2237599999999995	6.78594	5.02091	0.84863	2.46716	9.04776	1.7327100000000002	3.1976400000000003	5.2531799999999995	6.42329	5.31806	4.21809	3.94536	5.2322500000000005	2.8518600000000003	4.20176	2.47003	6.35766	1.26834	0.8099999999999999	0.0	0.0	0.0
Node 107		2.41036	8.270629999999999	3.92158	5.67316	2.96905	6.14687	2.05846	0.85667	7.556699999999999	3.29971	8.19078	4.21809	4.13416	1.05721	3.6796299999999995	3.50388	4.03077	2.2055700000000003	2.30614	0.8099999999999999	0.0	0.0	0.0
Node 41		4.0715	5.618320000000001	4.31171	3.02084	4.49062	4.58861	0.95414	2.52866	3.5899599999999996	5.65155	7.92211	2.28271	2.4827	5.48435	3.29766	6.82651	0.52533	3.15112	1.90837	0.8099999999999999	0.0	0.0	0.0
Node 53		5.48538	8.193670000000001	7.94373	7.20354	1.42703	8.16618	2.13467	5.721819999999999	7.8895599999999995	5.65155	6.49864	4.77029	3.94536	2.79248	1.64989	6.82501	2.11988	2.47649	2.83873	0.8099999999999999	0.0	0.0	0.0
Node 102		6.336139999999999	5.64642	3.32939	4.94681	3.23333	7.23881	2.44159	4.05309	0.5388000000000001	4.73281	6.49864	5.50606	3.94536	6.846919999999999	4.25163	2.73734	2.91105	1.3844	1.90837	0.8099999999999999	0.0	0.0	0.0
Node 45		8.0541	6.5142500000000005	6.17107	6.6577399999999995	3.6078399999999995	5.44773	2.1957999999999998	0.9337099999999999	8.18861	1.4331	7.34774	0.59543	4.75789	2.82978	2.3226	6.53776	2.11988	5.00065	2.83922	0.8099999999999999	0.0	0.0	0.0
Node 127		6.06279	7.73817	6.65038	8.15775	3.1445099999999995	3.64475	4.0632	5.3184000000000005	8.30067	4.12845	7.8931000000000004	1.32537	3.17958	5.26068	3.46801	7.580439999999999	2.9953600000000002	2.7735	3.52084	0.8099999999999999	0.0	0.0	0.0
Node 68		6.683260000000001	8.22238	2.5201700000000002	1.47116	3.5763000000000003	8.14451	3.15401	2.11637	8.186499999999999	3.48665	3.14434	4.55715	4.08667	8.42523	3.01769	7.76999	2.91105	3.4639200000000003	2.58999	0.8099999999999999	0.0	0.0	0.0
Node 106		3.31553	3.3986	2.6816400000000002	3.08972	2.86654	5.34886	0.5466799999999999	4.28017	5.50098	4.082949999999999	7.88163	6.34576	5.36525	6.761880000000001	2.0942700000000003	5.81162	1.88984	2.47649	2.58999	0.8099999999999999	0.0	0.0	0.0
Node 25		8.057459999999999	6.96016	6.71812	3.8543000000000003	2.46731	3.21587	4.0632	2.6044899999999997	6.03449	5.19939	6.522849999999999	1.5785	3.17958	4.56572	3.29766	10.208250000000001	2.79506	3.25108	2.83922	0.8099999999999999	0.0	0.0	0.0
Node 86		2.91608	7.496569999999999	3.32939	6.50481	4.48555	7.05042	3.98016	5.67468	4.33393	3.5865599999999995	6.49864	3.8189800000000003	2.23496	3.50515	3.54111	5.61725	1.9354500000000001	2.88937	2.58999	0.8099999999999999	0.0	0.0	0.0
Node 103		6.790369999999999	6.96016	3.9672300000000003	5.11329	2.45763	3.58971	2.27939	5.3184000000000005	6.44771	3.29971	7.95336	1.32537	4.29793	5.3212	3.54111	3.3970599999999997	4.7305399999999995	1.47448	2.58999	0.8099999999999999	0.0	0.0	0.0
Node 112		6.683260000000001	3.71419	4.47561	4.4141699999999995	2.2987	7.00135	1.63816	1.8036699999999999	7.9832399999999994	4.12845	5.47681	3.45304	3.17958	6.03203	3.57402	3.49815	5.26509	3.47424	2.83922	0.8099999999999999	0.0	0.0	0.0
Node 168		3.6662399999999997	2.21401	1.85936	2.24364	4.68255	4.5219700000000005	1.63816	5.47575	9.70054	2.87268	8.7964	1.6311300000000002	3.2484800000000003	4.59257	2.77061	2.37105	3.35951	2.68388	1.90837	0.8099999999999999	0.0	0.0	0.0
Node 13		5.75491	4.05502	3.2607700000000004	4.303669999999999	3.8646100000000003	7.28539	4.49621	3.00294	7.556699999999999	2.36695	7.13887	0.59543	3.38979	3.8760299999999996	1.40281	2.74332	2.85012	0.7689699999999999	3.52084	0.8099999999999999	0.0	0.0	0.0
Node 33		4.2295	6.6541500000000005	2.48531	6.07801	2.82264	6.30846	4.564760000000001	3.37219	6.56704	3.29971	3.9800500000000003	2.62026	3.94536	5.2322500000000005	2.0791500000000003	3.19356	3.3707599999999998	4.84195	2.83873	0.8099999999999999	0.0	0.0	0.0
Node 143		7.318669999999999	9.67247	2.51734	4.33158	1.79279	3.53527	3.1499399999999995	4.7881100000000005	6.62299	3.7350000000000003	4.8064	3.27213	3.94536	3.41534	4.25163	6.09535	2.21726	2.97454	2.83873	0.8099999999999999	0.0	0.0	0.0
Node 186		6.798220000000001	7.572189999999999	5.10322	2.76838	3.69103	7.9049	3.19176	5.08099	2.62468	3.29971	7.13887	5.74984	2.7422	3.31163	4.1603	5.00735	1.9354500000000001	4.072979999999999	0.53308	0.8099999999999999	0.0	0.0	0.0
Node 46		2.20674	5.15062	6.17107	7.4271	1.4816	6.40381	3.5873500000000003	4.20275	6.581339999999999	0.93385	5.78708	4.24633	3.94536	3.32429	1.31067	4.20176	5.31562	5.5751	1.3752900000000001	0.8099999999999999	0.0	0.0	0.0
Node 11		6.683260000000001	10.333689999999999	2.3421399999999997	6.41598	2.14644	7.0994399999999995	1.64223	2.33342	6.56704	1.6955000000000002	3.79291	4.1298	4.82679	5.98773	3.5282	7.649920000000001	2.11988	2.05667	1.90837	0.8099999999999999	0.0	0.0	0.0
Node 171		4.2554	3.92543	4.56114	6.72837	2.88774	7.55879	1.63816	3.64967	6.03449	4.01347	4.06023	5.793559999999999	2.9848	5.2322500000000005	2.26908	5.35936	3.53389	4.78446	3.39999	0.8099999999999999	0.0	0.0	0.0
Node 156		7.151879999999999	7.58506	5.188750000000001	5.1405199999999995	2.93549	7.28539	4.82582	2.26271	3.5899599999999996	4.73281	6.37716	3.8866400000000003	5.52367	3.49631	2.15142	4.88609	4.03077	2.69585	3.52084	0.8099999999999999	0.0	0.0	0.0
Node 75		6.41645	6.40506	3.59403	1.24162	4.3189	7.71049	3.21638	4.72768	3.6174999999999997	1.78105	4.14464	2.62026	3.17958	4.06076	3.47105	6.430619999999999	2.62927	4.85292	2.83922	0.8099999999999999	0.0	0.0	0.0
Node 181		4.87587	1.37019	8.56024	4.3487100000000005	3.89648	4.7519100000000005	4.47926	2.1124899999999998	4.66594	4.84845	7.13887	4.24633	2.12657	6.10248	5.02657	6.09535	3.5983099999999997	3.4697899999999997	2.58999	0.8099999999999999	0.0	0.0	0.0
Node 79		6.683260000000001	3.73647	5.03612	3.02084	2.93549	6.99407	3.22016	5.08099	4.18153	4.905869999999999	6.22298	4.21809	1.4958900000000002	2.31847	4.39084	8.38591	4.22115	3.2687500000000003	2.83922	0.8099999999999999	0.0	0.0	0.0
Node 177		6.683260000000001	9.51919	9.32466	5.254020000000001	2.9553599999999998	4.5219700000000005	4.21804	2.47747	5.70374	2.49661	7.34774	2.30492	3.2484800000000003	4.85112	3.3216099999999997	4.18428	4.22115	2.68388	2.83922	0.8099999999999999	0.0	0.0	0.0
Node 133		4.87587	7.496569999999999	4.31171	5.96379	1.5786000000000002	7.447080000000001	2.27441	1.74782	7.6417600000000006	4.12845	6.22298	4.24633	1.4780200000000001	4.7893	4.16393	9.34561	2.85215	2.97454	2.83922	0.8099999999999999	0.0	0.0	0.0
Node 185		3.31553	3.4577299999999997	5.12721	7.2176100000000005	3.4874799999999997	5.69979	2.44159	4.002689999999999	6.43469	4.2655400000000006	7.13887	4.2403	3.94536	2.2986400000000002	2.96054	7.71833	3.64332	0.7689699999999999	4.517729999999999	0.8099999999999999	0.0	0.0	0.0
Node 175		4.84997	7.73013	4.25157	5.03046	6.1423	6.33092	1.63816	5.45937	5.50098	3.29971	7.13887	1.98895	2.71962	3.32429	0.7126699999999999	9.16616	2.80162	2.68388	3.52084	0.8099999999999999	0.0	0.0	0.0
Node 172		6.48762	6.40097	5.780939999999999	2.46548	2.2798499999999997	4.5219700000000005	3.22016	1.5821999999999998	5.70374	3.01566	5.103619999999999	0.60098	2.6733	4.59257	2.96054	3.60447	4.62836	2.0804199999999997	3.5203499999999996	0.8099999999999999	0.0	0.0	0.0
Node 70		2.41036	4.64918	6.09051	3.8621999999999996	5.23921	9.76262	1.4874500000000002	3.05895	0.9337099999999999	3.88035	7.13887	4.21809	4.08667	5.72539	3.63688	6.04369	1.9354500000000001	5.6395599999999995	3.39999	0.8099999999999999	0.0	0.0	0.0
Node 54		3.6662399999999997	8.818570000000001	7.61252	4.303669999999999	3.8764600000000002	6.99407	5.18761	2.86001	5.804200000000001	4.01347	7.92211	1.98895	3.76665	6.9871799999999995	2.8518600000000003	6.918889999999999	5.01888	3.8432	2.5190799999999998	0.8099999999999999	0.0	0.0	0.0
Node 119		3.3125799999999996	1.92529	6.736880000000001	8.46758	3.4394	11.37323	2.05846	2.17292	4.8267299999999995	2.21256	3.28281	3.8844200000000004	1.45509	5.90347	2.62132	6.99488	2.5580700000000003	2.1886300000000003	3.30765	0.8099999999999999	0.0	0.0	0.0
Node 163		5.16057	4.25469	5.25943	8.15775	4.26195	2.7631699999999997	4.51716	4.29125	5.70374	4.01347	7.92211	4.953860000000001	3.94536	4.51965	2.8518600000000003	6.1511000000000005	3.75085	4.24983	1.90837	0.8099999999999999	0.0	0.0	0.0
Node 62		5.78104	8.4014	5.188750000000001	3.61313	2.5354200000000002	9.26035	1.72893	6.25211	3.7466899999999996	2.49661	4.74951	3.99652	4.84461	4.56572	2.6784700000000004	6.01052	3.64332	3.2687500000000003	2.83873	0.8099999999999999	0.0	0.0	0.0
Node 167		4.96493	9.23809	1.5293700000000001	2.17053	3.71395	6.73415	1.63816	3.59366	2.98385	2.3019000000000003	6.53325	4.24633	4.15557	5.85301	2.26908	8.48183	2.91105	2.97454	1.90837	0.8099999999999999	0.0	0.0	0.0
Node 94		7.41869	6.96016	4.56114	4.94681	2.9007899999999998	5.02482	2.27441	3.3504	4.18153	3.87049	6.22298	3.44749	3.17958	6.1017	3.47105	7.13546	3.5983099999999997	1.27529	1.90837	0.8099999999999999	0.0	0.0	0.0
Node 162		4.07686	10.82179	3.66889	7.53781	3.1452	6.99407	1.5117800000000001	3.59366	7.9061699999999995	3.2102899999999996	7.13887	3.26678	3.17958	2.70988	2.0942700000000003	9.188939999999999	2.91105	3.4817599999999995	3.30765	0.8099999999999999	0.0	0.0	0.0
Node 120		7.41869	8.25307	3.6857599999999997	3.9779	4.83501	7.262929999999999	2.1998699999999998	4.0059499999999995	6.0465100000000005	4.2835	6.570320000000001	4.55715	4.75789	4.51898	2.32623	8.360570000000001	2.87488	0.7689699999999999	1.986	0.8099999999999999	0.0	0.0	0.0
Node 110		5.78104	7.500660000000001	5.27882	7.5630500000000005	4.131209999999999	6.8617300000000006	3.15401	2.00334	6.83652	3.3750299999999998	4.06023	2.34531	2.4494700000000003	6.65895	2.60873	7.90095	5.17694	1.3844	3.30765	0.8099999999999999	0.0	0.0	0.0
Node 67		6.06279	3.1588	6.73094	6.477189999999999	2.94469	5.449339999999999	2.83703	4.78465	3.5899599999999996	3.01566	9.61425	4.88167	3.94536	6.2317	3.3216099999999997	6.09535	1.95142	0.6154299999999999	3.5203499999999996	0.8099999999999999	0.0	0.0	0.0
Node 24		6.41645	3.53365	5.59893	4.5908299999999995	3.8274700000000004	3.82454	1.63816	1.27637	7.556699999999999	3.42284	6.19397	4.1298	3.94536	5.98773	3.56017	8.31643	5.68633	4.87059	2.83922	0.8099999999999999	0.0	0.0	0.0
Node 195		5.70107	8.77748	5.14426	6.0186	3.1445099999999995	4.48474	2.2242	2.92468	6.01773	4.44876	6.529890000000001	4.21809	3.38979	7.578469999999999	2.26908	6.09535	3.3707599999999998	3.0659	1.90837	0.8099999999999999	0.0	0.0	0.0
Node 191		6.516470000000001	9.26099	2.79351	5.03046	1.86465	5.63349	4.51716	1.85642	4.71197	3.29971	4.32038	5.1525799999999995	1.45509	8.04995	2.96054	6.09052	3.53389	1.2003	3.52084	0.8099999999999999	0.0	0.0	0.0
Node 95		4.75021	5.4186499999999995	5.2039599999999995	8.0513	2.2798499999999997	6.83463	0.67043	5.3184000000000005	9.16397	1.8519299999999999	3.28281	3.81295	3.94536	7.730099999999999	3.01406	8.33575	3.6048700000000005	3.40643	1.26834	0.8099999999999999	0.0	0.0	0.0
Node 5		6.37538	2.5618	6.40689	4.89145	2.2229	5.38109	2.44159	3.1976400000000003	7.42577	3.0192	7.13551	6.10149	5.09689	5.90347	4.1603	6.09052	3.34351	1.3844	1.90837	0.8099999999999999	0.0	0.0	0.0
Node 49		4.82003	2.5618	9.62073	4.39484	2.9007899999999998	4.489739999999999	2.99181	3.52895	7.50059	4.50464	4.32038	3.26075	3.94536	3.28545	1.64989	7.75994	2.47003	4.21066	1.90837	0.8099999999999999	0.0	0.0	0.0
Node 130		4.2554	7.20726	5.25943	3.94003	4.48555	8.16618	3.8623600000000002	4.67493	4.4104600000000005	2.36695	4.9692300000000005	5.46211	4.85245	6.42278	0.76404	5.57606	3.3615399999999998	1.96927	3.52084	0.8099999999999999	0.0	0.0	0.0
Node 197		7.707990000000001	8.270629999999999	4.3933	3.02084	2.97855	4.5219700000000005	5.05509	4.39448	4.9409	2.49661	7.13887	3.17246	5.7517	6.56717	2.15142	7.6080499999999995	2.91105	4.78446	2.83922	0.8099999999999999	0.0	0.0	0.0
Node 166		4.59731	6.96016	6.65038	3.08972	3.52134	6.1642	1.64223	2.33396	3.94913	4.58425	4.98214	4.72572	4.08667	2.79248	2.94179	7.6306	1.9354500000000001	2.1886300000000003	3.52084	0.8099999999999999	0.0	0.0	0.0
Node 36		5.51128	6.5982899999999995	3.66889	5.11329	3.8764600000000002	5.63349	2.1957999999999998	3.2030000000000003	5.51607	5.65155	7.13887	2.61068	3.17958	2.82978	5.79061	6.422840000000001	4.04328	4.78446	2.83922	0.8099999999999999	0.0	0.0	0.0
Node 141		4.736400000000001	3.8594999999999997	7.11879	4.50475	4.06161	6.40381	1.64223	2.0559399999999997	3.43184	2.3019000000000003	9.61425	4.21809	3.94536	4.59257	2.8518600000000003	6.26039	3.3707599999999998	5.04744	2.83873	0.8099999999999999	0.0	0.0	0.0
Node 173		4.56846	7.496569999999999	5.12101	5.79504	4.52776	5.34886	5.46708	3.05895	9.107859999999999	3.55061	8.69953	4.20503	5.05482	2.82978	3.7245800000000004	2.74332	4.03733	4.21066	2.58999	0.8099999999999999	0.0	0.0	0.0
Node 113		3.9619	8.9291	4.31171	1.24162	0.67551	5.2046	2.1957999999999998	2.75013	3.5899599999999996	2.45695	5.61395	2.61068	4.08667	6.15088	2.94179	6.87316	0.68433	4.84195	2.83922	0.8099999999999999	0.0	0.0	0.0
Node 19		2.91608	8.47883	6.00259	6.57847	3.27792	5.449339999999999	2.83703	3.05895	7.366960000000001	2.2188	6.22298	4.24633	1.1774099999999998	2.88922	4.39084	5.026669999999999	5.7061399999999995	1.99411	2.58999	0.8099999999999999	0.0	0.0	0.0
Node 144		6.516470000000001	4.33311	4.57635	6.0186	2.2229	11.017589999999998	3.22016	2.1124899999999998	6.548170000000001	4.93155	5.47681	3.45304	3.17958	5.40566	4.63439	6.38165	2.91105	3.08891	2.83873	0.8099999999999999	0.0	0.0	0.0
Node 189		3.69233	6.13703	8.82612	0.55987	2.9007899999999998	6.33556	5.46708	3.64967	8.18861	3.01566	5.72112	4.953860000000001	5.09689	3.49631	2.8518600000000003	5.41511	3.07954	0.7689699999999999	1.80142	0.8099999999999999	0.0	0.0	0.0
Node 69		6.683260000000001	2.46579	3.28446	3.83497	1.4816	9.517290000000001	1.64223	3.59366	4.581729999999999	4.954610000000001	6.3927	3.99652	3.94536	3.49631	3.48759	2.22886	5.01293	2.1886300000000003	1.80142	0.8099999999999999	0.0	0.0	0.0
Node 132		7.151879999999999	7.2804400000000005	1.39902	5.79504	2.1471299999999998	5.34886	1.64223	3.00294	4.07437	4.340920000000001	3.9722899999999997	4.79853	3.94536	4.25179	2.64527	6.26039	3.3707599999999998	6.569120000000001	1.986	0.8099999999999999	0.0	0.0	0.0
Node 38		3.83374	9.04077	3.6857599999999997	5.254020000000001	2.13408	7.28539	3.5873500000000003	0.75032	3.9392000000000005	3.01566	5.715400000000001	2.56411	1.1774099999999998	5.424910000000001	3.7681199999999997	6.35414	3.34351	3.57312	2.58999	0.8099999999999999	0.0	0.0	0.0
Node 43		2.91608	5.61899	4.20604	5.33318	3.6433899999999997	8.37936	4.26818	2.43483	5.1733	1.7752299999999999	7.13887	4.77029	3.17958	5.424910000000001	5.01003	4.20176	1.9354500000000001	1.96927	1.90837	0.8099999999999999	0.0	0.0	0.0
Node 194		5.78104	4.11103	4.87752	7.369549999999999	5.45595	5.02482	3.5557600000000003	2.1124899999999998	4.18153	3.3166	9.589269999999999	2.2947100000000002	2.58528	5.48435	2.94179	6.35414	2.80162	4.62911	2.58999	0.8099999999999999	0.0	0.0	0.0
Node 35		1.4595	6.99061	3.66889	5.96982	4.2758400000000005	5.706379999999999	4.49621	1.5821999999999998	8.30067	4.12845	4.9692300000000005	4.1298	3.6414500000000003	3.5789099999999996	3.12597	8.45432	4.2741	2.68388	1.986	1.5985699999999998	0.0	0.0	0.0
Node 180		7.151879999999999	3.53365	7.071959999999999	8.0513	5.60299	6.40381	2.27441	2.73684	4.9409	1.27871	7.918699999999999	4.79853	3.17958	4.59257	3.7144999999999997	6.8686	5.7061399999999995	2.07952	2.83873	0.8099999999999999	0.0	0.0	0.0
Node 146		2.20674	5.15062	5.27882	6.6133	2.2229	7.6866699999999994	1.50082	4.3240099999999995	6.37519	3.9568	6.570320000000001	4.79853	3.2484800000000003	3.31163	3.29766	6.86025	3.2029099999999997	2.1886300000000003	3.52084	0.8099999999999999	0.0	0.0	0.0
Node 28		6.36224	3.1588	4.2965	3.9291199999999997	3.94276	5.47644	3.2092	2.74757	7.7006000000000006	1.87499	4.88818	2.27765	4.08667	4.17082	3.03312	3.8415600000000003	3.3707599999999998	4.27847	2.58999	0.8099999999999999	0.0	0.0	0.0
Node 52		2.91608	11.48813	5.12721	4.94681	2.9004	6.94471	2.44159	4.0059499999999995	4.9409	3.29971	7.13887	4.77029	5.7517	2.27435	2.944	6.945079999999999	2.66772	1.89072	3.52084	0.8099999999999999	0.0	0.0	0.0
Node 50		8.02416	6.602379999999999	5.74862	6.798469999999999	1.9563400000000002	6.33556	2.44159	1.27637	4.6931	4.905869999999999	8.664869999999999	4.55715	5.52367	2.96034	2.77061	5.52923	2.11988	3.2687500000000003	2.34483	0.8099999999999999	0.0	0.0	0.0
Node 85		7.99989	6.21326	7.28393	3.60523	3.72573	3.82454	1.50082	6.2654000000000005	6.43469	3.5635	6.22298	4.47298	4.75789	3.31163	2.62132	2.6484199999999998	4.48312	2.88937	3.5203499999999996	0.8099999999999999	0.0	0.0	0.0
Node 92		8.028739999999999	7.719239999999999	5.06679	8.914	2.9196400000000002	8.80766	2.27441	5.08274	6.62299	3.88035	9.61425	4.24633	2.00217	6.69236	2.26908	8.56553	4.28005	3.0476799999999997	2.58999	0.8099999999999999	0.0	0.0	0.0
Node 116		6.41645	4.9276599999999995	7.843799999999999	4.516719999999999	4.61658	4.5219700000000005	4.14183	3.7937199999999995	5.3025400000000005	2.58875	8.22539	6.94119	3.94536	2.42853	3.7144999999999997	3.4531199999999997	3.52794	4.82428	2.58999	0.8099999999999999	0.0	0.0	0.0
Node 193		2.41036	5.83195	3.32939	3.9291199999999997	5.6926499999999995	7.07424	3.5557600000000003	4.69905	5.51607	0.99781	8.09391	4.19573	3.84611	6.83319	4.1603	7.62941	2.38572	1.3844	1.90837	0.8099999999999999	0.0	0.0	0.0
Node 199		4.87587	4.39283	6.17107	3.9291199999999997	3.10479	5.449339999999999	4.49621	0.85667	5.70374	4.15151	7.918699999999999	5.39396	3.38979	3.12055	3.46884	6.82501	3.53389	5.5751	2.05691	0.8099999999999999	0.0	0.0	0.0
Node 105		4.73522	4.05917	4.78775	3.8543000000000003	3.68915	7.262929999999999	3.15401	2.39439	4.581729999999999	4.2835	5.78708	5.70478	0.90709	5.02935	3.54111	7.603219999999999	2.91105	2.7948899999999997	2.58999	0.8099999999999999	0.0	0.0	0.0
Node 182		3.03083	6.40506	3.6857599999999997	4.79431	2.2798499999999997	5.449339999999999	1.5117800000000001	4.72768	7.366960000000001	4.93155	6.22298	1.5785	2.19389	9.10838	3.73714	5.03013	2.66772	3.4639200000000003	1.90837	0.8099999999999999	0.0	0.0	0.0
Node 196		3.9448	9.51919	4.78775	6.6133	4.83501	7.716209999999999	2.4202999999999997	3.11938	4.9255	2.3019000000000003	5.715400000000001	4.1298	4.59947	6.92774	4.1603	5.65049	4.62836	2.97454	1.3752900000000001	0.8099999999999999	0.0	0.0	0.0
Node 161		3.1650699999999996	4.05502	6.8518099999999995	3.77961	4.35399	6.25211	3.5873500000000003	2.52866	4.50921	5.4465699999999995	8.26246	5.15307	0.69604	5.2322500000000005	1.8377000000000001	7.7734499999999995	4.3663300000000005	5.34063	1.90837	0.8099999999999999	0.0	0.0	0.0
Node 108		6.8631899999999995	3.3676699999999995	4.2965	3.9291199999999997	3.72573	3.9133	4.29977	3.10663	3.4375400000000003	3.4349	4.87119	3.22306	2.0270300000000003	4.59257	2.8518600000000003	3.3271	2.66772	3.54899	3.39999	0.8099999999999999	0.0	0.0	0.0
Node 20		5.78104	9.23809	2.9850399999999997	4.516719999999999	4.3189	9.472859999999999	2.44159	4.5934099999999995	5.45594	3.9568	6.22298	5.75226	1.9764199999999998	4.59257	2.62132	4.69433	4.28005	1.3844	3.5203499999999996	0.8099999999999999	0.0	0.0	0.0
Node 47		6.06279	4.61012	4.22164	6.072629999999999	2.9007899999999998	2.7631699999999997	2.27441	4.0059499999999995	7.366960000000001	2.49661	4.65896	5.15307	1.68369	5.3212	2.96054	7.08876	3.64332	4.62911	2.30614	0.8099999999999999	0.0	0.0	0.0
Node 6		4.76112	4.85104	3.32939	5.67316	3.1428200000000004	5.02482	6.85532	4.7881100000000005	8.97501	2.41352	6.22298	3.2838399999999996	1.83415	6.7122	2.86477	7.0853	2.62271	0.7689699999999999	3.5203499999999996	0.8099999999999999	0.0	0.0	0.0
Node 100		7.13303	5.1875	4.62359	3.61313	4.61658	0.5709500000000001	2.66252	3.8822200000000002	4.68219	3.79101	3.28281	1.31937	5.7517	8.48916	4.1603	4.88609	1.5945500000000001	4.87059	3.52084	0.8099999999999999	0.0	0.0	0.0
Node 124		5.37181	8.366800000000001	8.82612	6.6577399999999995	1.50846	6.33556	2.83703	3.1976400000000003	4.9255	3.87049	7.8975	5.74984	2.65072	5.3469999999999995	0.78362	7.6321	2.85215	1.3844	2.07834	0.8099999999999999	0.0	0.0	0.0
Node 169		5.11193	1.37019	8.47327	3.62236	2.1471299999999998	3.21587	2.5923000000000003	5.26565	5.68487	0.93385	7.17594	3.2571999999999997	2.12657	6.65895	3.7245800000000004	5.03013	2.80162	3.4639200000000003	3.39999	0.8099999999999999	0.0	0.0	0.0
Node 89		1.25588	6.75008	5.188750000000001	6.99521	0.75366	7.118670000000001	3.7668399999999997	2.47747	6.62299	3.5517800000000004	6.321019999999999	5.50606	2.4827	5.5635900000000005	3.7144999999999997	6.09052	1.9354500000000001	2.35911	2.58999	0.8099999999999999	0.0	0.0	0.0
Node 115		7.138070000000001	7.572189999999999	3.35932	7.2176100000000005	3.91771	6.33092	3.18769	4.2010499999999995	8.95657	2.36695	7.34774	5.32709	3.94536	4.2763	3.0608	5.61725	3.52733	1.89072	1.3752900000000001	0.8099999999999999	0.0	0.0	0.0
Node 117		8.93096	7.1518	3.3244599999999997	2.17308	4.57437	6.33092	1.64223	5.6413199999999994	5.68487	2.49661	5.7053	5.15307	6.0457	5.90982	4.1603	6.18773	2.0859099999999997	0.7689699999999999	1.90837	0.8099999999999999	0.0	0.0	0.0
Node 184		1.57133	10.17506	4.56114	4.66638	2.86654	6.40381	4.14183	3.05895	3.5899599999999996	4.44876	8.69953	5.35888	3.17958	5.85301	4.35023	7.649920000000001	3.59279	2.64154	1.90837	0.8099999999999999	0.0	0.0	0.0
Node 158		5.78104	4.25469	6.73094	6.6577399999999995	4.88487	4.77901	2.5335300000000003	2.55451	4.6804	3.01566	3.8775999999999997	2.89529	0.8541099999999999	2.98351	2.26908	6.920260000000001	2.38572	2.24345	2.58999	0.8099999999999999	0.0	0.0	0.0
Node 56		6.516470000000001	0.7728999999999999	3.82064	7.5055	4.723800000000001	4.1432400000000005	2.27939	3.05895	6.708830000000001	4.937790000000001	6.53325	1.89587	3.7916	5.33707	4.47363	6.09052	2.62927	4.06636	1.90837	0.8099999999999999	0.0	0.0	0.0
Node 57		5.70107	6.69897	6.17107	8.066239999999999	2.82264	7.262929999999999	1.8839499999999998	0.85667	3.9088	4.12845	7.13887	4.47298	3.17958	4.56572	1.98954	3.4531199999999997	2.91105	5.988700000000001	1.90837	0.8099999999999999	0.0	0.0	0.0
Node 188		1.50974	6.40506	5.188750000000001	4.38694	2.9196400000000002	6.30846	2.44159	2.47747	7.31101	1.6955000000000002	4.87119	3.81446	3.94536	6.83278	2.26908	6.774850000000001	2.47003	4.072979999999999	2.58999	0.8099999999999999	0.0	0.0	0.0
Node 9		3.76626	5.15062	3.2643199999999997	3.09227	2.82264	8.64822	2.1957999999999998	1.47251	5.10078	4.12845	4.56069	5.15307	4.84461	4.625159999999999	1.47508	7.90095	1.4849899999999998	5.4868500000000004	1.3752900000000001	0.8099999999999999	0.0	0.0	0.0
Node 48		6.73304	9.11197	3.3244599999999997	4.33948	2.82264	8.14451	3.93258	1.27637	5.10078	2.38275	7.88163	3.8866400000000003	3.2484800000000003	6.4276100000000005	2.7961300000000002	6.18427	3.2029099999999997	4.22506	3.52084	0.8099999999999999	0.0	0.0	0.0
Node 198		6.388140000000001	7.977679999999999	4.56114	3.62404	2.2352600000000002	7.262929999999999	1.63816	4.72768	3.8188899999999997	0.99781	11.13603	4.77029	3.1539200000000003	7.388400000000001	3.58785	5.00735	1.5945500000000001	2.64154	2.83873	0.8099999999999999	0.0	0.0	0.0
Node 179		4.20676	1.92529	3.8952	4.33158	2.01655	6.33556	3.2639	4.73304	6.03449	3.01566	9.61425	4.41038	1.9764199999999998	7.51814	2.26908	5.57606	1.20112	2.24345	1.90837	0.8099999999999999	0.0	0.0	0.0
Node 170		0.69301	2.97855	4.31171	8.914	2.82264	7.118670000000001	2.35058	2.00334	6.43469	1.9158899999999999	7.92211	5.15307	4.13416	4.57207	5.79061	5.4399299999999995	2.9953600000000002	3.15112	1.39928	0.8099999999999999	0.0	0.0	0.0
Node 29		5.78104	1.69289	5.06679	10.09471	5.45513	3.9133	3.22016	4.05309	7.31101	4.84845	7.92211	4.24633	1.45509	1.78733	1.91727	1.8935899999999999	4.62836	2.97454	2.83922	0.8099999999999999	0.0	0.0	0.0
Node 178		8.93096	6.522609999999999	3.66889	6.718100000000001	5.23921	7.118670000000001	3.93258	0.85667	6.0366	0.8633	8.69953	5.93341	4.84461	5.36392	3.66687	0.73599	4.285	2.35911	1.42482	0.8099999999999999	0.0	0.0	0.0
Node 22		4.87587	1.5950099999999998	5.25943	4.33158	2.93549	9.04776	1.63816	3.0556900000000002	8.30067	3.5865599999999995	6.3927	4.55715	3.94536	3.88242	2.33772	6.79462	3.89609	3.47424	1.90837	0.8099999999999999	0.0	0.0	0.0
Node 142		6.3876	5.728	4.31171	5.67316	3.4394	5.47644	1.63816	3.72793	6.43469	2.63253	6.529840000000001	2.53636	4.4152	5.37817	3.29766	5.27453	3.00856	2.68388	2.83922	0.8099999999999999	0.0	0.0	0.0
Node 44		5.16057	3.9558799999999996	4.2965	2.96999	4.68255	4.7519100000000005	3.71861	0.7158399999999999	8.95657	4.93155	4.87119	3.81295	4.54854	5.424910000000001	3.7681199999999997	6.49232	2.15833	1.5732	2.58999	0.8099999999999999	0.0	0.0	0.0
Node 71		7.41869	4.6324	4.31171	8.066239999999999	2.2987	8.000250000000001	1.4874500000000002	4.67493	5.97838	3.0192	9.03461	4.1298	1.46554	2.82978	2.96054	2.73115	3.9868	4.8061300000000005	1.90837	0.8099999999999999	0.0	0.0	0.0
Node 1		1.6602	6.3870499999999995	5.27882	3.02084	3.72573	5.449339999999999	1.63816	7.999929999999999	7.19684	4.93155	9.589269999999999	4.77029	2.7422	5.85301	4.1603	8.432960000000001	2.01032	5.34677	2.83922	0.8099999999999999	0.0	0.0	0.0
Node 4		6.683260000000001	8.01637	3.32939	6.95061	1.87965	3.9133	2.2242	4.5934099999999995	5.04385	2.21256	6.49864	4.55715	2.6733	4.37079	4.39084	6.26039	4.04328	2.1886300000000003	1.90837	0.8099999999999999	0.0	0.0	0.0
Node 154		7.151879999999999	4.76204	4.87752	7.2176100000000005	1.52619	7.262929999999999	3.7668399999999997	2.80342	5.84475	3.5635	9.94754	6.52933	4.75789	5.05079	0.76404	6.35414	4.62836	4.06636	1.26834	0.8099999999999999	0.0	0.0	0.0
Node 40		3.936	5.4186499999999995	7.0188299999999995	6.700749999999999	1.42703	9.52252	1.4874500000000002	1.8036699999999999	3.2901399999999996	4.73281	6.321019999999999	3.28899	4.14773	4.3502600000000005	4.63439	4.38628	6.00392	3.2687500000000003	1.90837	0.8099999999999999	0.0	0.0	0.0
Node 152		5.778090000000001	8.964089999999999	4.25157	7.5630500000000005	2.82264	6.33092	4.14183	3.33371	4.088830000000001	3.5864399999999996	8.80904	3.22306	3.94536	4.16753	2.94179	6.09052	2.38572	1.96927	2.83922	0.8099999999999999	0.0	0.0	0.0
Node 61		5.51128	2.3859000000000004	4.11907	3.8621999999999996	4.68255	6.33092	3.7006900000000003	2.80342	9.0498	4.73281	7.2414000000000005	4.1298	2.4827	5.45176	2.8518600000000003	6.18427	2.6171900000000003	3.44577	2.58999	0.8099999999999999	0.0	0.0	0.0
Node 15		7.318669999999999	4.841270000000001	3.26759	5.29225	3.94107	3.2085500000000002	5.04321	3.64967	8.230260000000001	2.70908	6.53325	5.1525799999999995	2.62506	3.501	2.26908	7.14722	0.52533	2.07952	3.39999	0.8099999999999999	0.0	0.0	0.0
Node 63		4.736400000000001	7.3108900000000006	6.6302	6.0186	2.82264	9.49562	4.75873	4.19739	1.80294	2.62935	6.22298	1.8862899999999998	5.548489999999999	2.42853	2.26908	6.04369	2.62927	1.8868099999999999	1.90837	0.8099999999999999	0.0	0.0	0.0
Node 60		8.028739999999999	6.40506	4.22164	8.0513	4.48386	7.23881	0.5466799999999999	2.1124899999999998	5.10078	2.36695	7.92211	1.5413299999999999	3.23779	6.9871799999999995	2.26908	9.188939999999999	2.66772	1.89072	1.90837	0.8099999999999999	0.0	0.0	0.0
Node 21		6.41645	5.4186499999999995	4.56114	1.6455399999999998	4.70229	9.04776	3.93258	6.2654000000000005	6.84279	5.4465699999999995	3.97191	6.38899	5.52367	3.30528	5.10136	6.5879199999999996	5.01293	1.3844	3.4646299999999997	0.8099999999999999	0.0	0.0	0.0
Node 99		3.31553	8.57147	5.12695	3.9291199999999997	2.57667	9.71819	2.1957999999999998	5.67468	7.8895599999999995	3.5517800000000004	4.32038	4.79853	4.85245	5.27839	2.26908	6.774850000000001	3.2029099999999997	2.68388	1.26834	0.8099999999999999	0.0	0.0	0.0
Node 39		6.06279	0.7728999999999999	5.8446299999999995	2.0038	2.1471299999999998	4.7519100000000005	4.564760000000001	6.64107	6.89779	2.87268	6.53626	4.24633	2.4494700000000003	7.62805	4.25163	3.2286799999999998	3.34351	1.32041	3.52084	0.8099999999999999	0.0	0.0	0.0
Node 18		2.41036	4.83207	5.2039599999999995	6.6577399999999995	2.2016999999999998	11.54351	4.1133999999999995	0.52605	10.563839999999999	2.65259	5.61736	4.79338	3.7916	3.81659	2.86477	6.49232	4.22115	2.97454	1.90837	0.8099999999999999	0.0	0.0	0.0
Node 97		4.87587	3.94534	4.31171	7.231559999999999	2.81197	7.05042	3.8623600000000002	3.05895	4.43924	4.01347	6.75887	6.368849999999999	3.17958	4.56572	0.8591899999999999	4.258710000000001	2.91105	3.1298899999999996	3.52084	0.8099999999999999	0.0	0.0	0.0
Node 8		6.24532	7.977679999999999	2.7017800000000003	5.67316	2.9196400000000002	5.02482	3.97048	3.7883600000000004	5.68487	2.87268	6.98278	6.94674	2.84244	6.7122	3.48759	7.6321	2.11988	3.2687500000000003	2.71837	0.8099999999999999	0.0	0.0	0.0
Node 150		6.683260000000001	4.05502	4.8594800000000005	6.6577399999999995	3.8646100000000003	4.68366	1.63816	3.11938	6.581339999999999	3.42284	5.75247	2.62026	3.2484800000000003	5.15434	3.46884	6.38165	1.96064	3.42745	2.83922	0.8099999999999999	0.0	0.0	0.0
Node 83		5.11193	3.94534	6.003229999999999	2.2562599999999997	4.68255	6.972150000000001	4.2212	0.52605	7.366960000000001	3.87049	8.05925	5.15307	3.94536	4.80811	2.96054	5.00727	3.67115	4.97963	2.83922	0.8099999999999999	0.0	0.0	0.0
Node 159		5.37181	2.8434999999999997	3.3244599999999997	5.98915	3.97746	5.02482	2.27441	3.6502100000000004	4.9255	2.65166	5.31806	2.62026	3.94536	4.2207799999999995	3.66687	0.97308	5.7061399999999995	4.99592	1.90837	0.8099999999999999	0.0	0.0	0.0
Node 55		3.03083	4.5088	4.31171	7.890759999999999	4.68255	9.04776	5.32298	1.8036699999999999	5.68487	2.49661	8.09391	3.5776000000000003	3.17958	6.01616	2.26908	7.6080499999999995	4.5778300000000005	1.27619	2.58999	0.8099999999999999	0.0	0.0	0.0
Node 77		3.10278	5.97375	4.9495499999999995	8.38644	1.87965	3.21587	1.63816	2.47747	8.63353	4.12845	7.13887	1.6311300000000002	2.4827	5.3212	2.2495000000000003	6.99488	3.5394099999999997	0.6154299999999999	2.30614	0.8099999999999999	0.0	0.0	0.0
Node 157		2.41036	5.00696	4.015280000000001	8.0513	3.91771	6.33556	2.99181	2.52866	4.6931	2.58875	4.65896	1.71352	1.9764199999999998	5.2544699999999995	2.7961300000000002	5.32619	3.89609	3.2687500000000003	2.58999	0.8099999999999999	0.0	0.0	0.0
Node 148		5.16057	9.26099	5.86949	6.97794	4.2833499999999995	6.8617300000000006	1.63816	2.6044899999999997	6.548170000000001	3.87049	5.7283100000000005	1.6311300000000002	3.94536	5.05079	2.70397	4.38628	2.01032	2.82156	1.3752900000000001	0.8099999999999999	0.0	0.0	0.0
Node 0		6.36224	6.84405	8.26031	3.08049	3.68915	4.7519100000000005	3.22016	3.72793	5.70374	3.5865599999999995	6.21957	3.8094	4.08667	1.8056699999999999	2.2495000000000003	6.1511000000000005	3.89609	4.24983	1.90837	0.8099999999999999	0.0	0.0	0.0
Node 114		2.41036	5.79953	2.59611	3.08049	3.56524	8.14451	1.63816	5.58313	4.18153	4.73281	0.9180799999999999	3.26075	5.79377	6.846919999999999	1.40281	4.07574	2.87488	3.44577	2.13165	0.8099999999999999	0.0	0.0	0.0
Node 87		3.03083	6.99061	6.71812	5.9759899999999995	3.80835	7.262929999999999	1.63816	4.0587	5.45594	2.58875	4.02898	3.06679	5.79377	6.16648	2.0942700000000003	7.69697	4.896940000000001	3.1298899999999996	1.90837	0.8099999999999999	0.0	0.0	0.0
Node 80		7.41869	4.61012	8.26625	8.27282	4.49062	6.33556	2.97452	1.77592	9.72414	4.21779	7.13887	3.99652	2.67764	7.50441	2.26908	6.09535	1.54008	2.97454	2.07834	0.8099999999999999	0.0	0.0	0.0
Node 126		8.0541	5.728	4.85383	6.234159999999999	2.8984099999999997	5.63349	3.21638	5.45937	9.107859999999999	3.29971	7.33548	2.85206	1.5977100000000002	6.8240300000000005	3.29766	4.86861	4.285	2.1886300000000003	1.90837	0.8099999999999999	0.0	0.0	0.0
Node 153		6.3876	11.376890000000001	4.81144	7.825699999999999	2.943	4.58861	2.27939	1.47305	4.9409	3.29971	9.44229	5.19764	4.33111	6.73508	2.39879	4.6029800000000005	3.52138	1.40134	3.52084	0.8099999999999999	0.0	0.0	0.0
Node 138		6.683260000000001	7.977679999999999	3.6857599999999997	4.62737	5.6926499999999995	7.95367	1.63816	8.11836	3.54393	3.8900499999999996	7.13887	4.1298	3.94536	6.42278	4.35764	5.67327	4.03077	4.05466	2.83873	0.8099999999999999	0.0	0.0	0.0
Node 30		7.238360000000001	3.71419	6.65632	4.29488	2.82264	7.23881	1.64223	0.5907199999999999	8.63353	2.2188	9.61425	4.1298	3.17958	7.49056	3.03312	6.16495	1.4849899999999998	2.69495	3.5203499999999996	0.8099999999999999	0.0	0.0	0.0
Node 128		6.87664	3.78043	0.94772	2.82207	3.93356	6.33556	4.14183	5.5398700000000005	7.10903	4.93155	7.36356	3.8866400000000003	2.90842	3.58526	3.01406	4.86861	4.03077	4.05466	1.80142	0.8099999999999999	0.0	0.0	0.0
Node 73		5.11193	8.964089999999999	2.79351	4.33948	5.54802	5.47644	4.29977	3.87114	4.18153	2.56569	6.321019999999999	4.21809	4.61658	1.26044	2.26908	9.18548	2.39923	5.47873	2.83873	0.8099999999999999	0.0	0.0	0.0
Node 74		3.31553	3.53365	6.95732	7.09467	3.56524	7.00135	1.4874500000000002	3.59366	6.95585	2.3019000000000003	6.522849999999999	5.93341	4.61658	7.56604	2.3248100000000003	6.779680000000001	3.64332	2.97454	1.90837	0.8099999999999999	0.0	0.0	0.0
Node 17		6.516470000000001	4.61012	8.64816	6.9675	1.5786000000000002	7.00135	2.1957999999999998	6.176340000000001	4.8267299999999995	2.3019000000000003	6.22298	4.21809	4.61658	5.72539	3.7144999999999997	1.52399	2.15833	1.89072	2.83922	0.8099999999999999	0.0	0.0	0.0
Node 111		3.6662399999999997	3.73618	7.67866	9.2342	0.75366	7.7208499999999995	3.93258	0.5466799999999999	6.62299	4.01347	4.06023	2.8352	5.79377	6.7122	3.5282	4.932919999999999	5.00637	4.06636	2.83922	0.8099999999999999	0.0	0.0	0.0
Node 16		7.39333	7.2514400000000006	5.17076	7.2176100000000005	2.1471299999999998	7.262929999999999	2.35058	3.05895	5.51544	4.59411	5.47681	1.57547	2.40425	4.6757800000000005	4.39084	2.48004	2.47003	1.97579	4.2385	0.8099999999999999	0.0	0.0	0.0
Node 93		3.03083	8.964089999999999	5.188750000000001	8.914	2.2016999999999998	6.1642	3.22016	4.72768	5.70374	3.4349	6.35809	4.17352	3.94536	4.24484	5.79061	3.41995	5.25362	6.9091	1.80142	0.8099999999999999	0.0	0.0	0.0
Node 109		7.41869	2.46579	7.913399999999999	7.09467	2.86654	1.73068	2.27441	4.59667	6.78057	5.51219	7.92211	4.77029	4.84461	3.81659	1.98954	5.57606	2.61124	4.24983	2.83873	0.8099999999999999	0.0	0.0	0.0
Node 59		6.06279	7.9383300000000006	3.66889	3.02084	4.36466	6.1913	2.2660199999999997	5.0814900000000005	2.6158	4.1672	7.17594	3.2885	3.94536	4.2763	2.26908	9.16412	3.12441	2.64154	4.330839999999999	0.8099999999999999	0.0	0.0	0.0
