Node 124		5.89329	6.969450000000001	5.09561	5.20303	7.47714	4.03812	4.0384400000000005	6.42365	8.458490000000001	4.74199	7.55448	1.42347	3.3654200000000003	3.1818899999999997	8.58742	3.89823	2.9318299999999997	6.49163	4.54664	2.32708	0.0	0.0	0.0
Node 45		2.15104	8.45035	5.65656	4.93787	7.9203399999999995	2.6602799999999998	5.08957	8.4792	4.51365	8.35045	7.81913	4.76737	8.124979999999999	5.11929	6.47118	2.4561800000000003	2.24151	2.14239	4.26907	1.51708	0.0	0.0	0.0
Node 135		4.42531	5.4635299999999996	6.0903	6.626110000000001	4.06627	6.309729999999999	4.22581	6.0515	8.67092	10.4213	3.4803800000000003	3.42853	7.37776	6.4658	11.72785	7.20157	4.221769999999999	10.30712	4.45819	2.39429	0.0	0.0	0.0
Node 113		8.08787	8.08995	5.21353	4.92573	5.21732	3.9386699999999997	8.07922	5.619409999999999	4.31635	8.53229	9.31025	3.78208	9.3476	2.82111	2.1610899999999997	6.03355	7.6635599999999995	5.7748099999999996	4.5983	1.51708	0.0	0.0	0.0
Node 53		6.18086	7.19433	5.70757	3.3172699999999997	2.41274	8.025079999999999	6.54212	4.75004	5.23651	10.40359	6.83048	5.58669	5.43702	3.46817	5.41001	8.33437	3.62838	1.7919399999999999	6.49605	0.7885700000000001	0.0	0.0	0.0
Node 75		5.31414	11.21838	3.8600000000000003	7.19891	6.80862	4.64538	3.31623	5.30189	6.39667	7.4364799999999995	9.6087	2.5484	7.902679999999999	8.220410000000001	8.262120000000001	5.374140000000001	4.82857	3.5649599999999997	4.60614	0.58672	0.0	0.0	0.0
Node 4		3.60466	5.19515	6.417680000000001	5.24616	3.5273600000000003	6.495330000000001	8.69665	4.952249999999999	7.30622	5.316450000000001	8.16822	2.60284	6.05783	2.10248	10.97907	5.72213	3.8544500000000004	3.91985	4.2473	1.51708	0.0	0.0	0.0
Node 86		0.70934	6.56351	3.89258	4.21212	8.41187	9.07978	3.5000799999999996	3.6884599999999996	4.2579899999999995	7.27803	5.56803	3.3368299999999995	4.55431	3.75364	9.96642	5.65064	9.93507	4.91998	4.126790000000001	0.0	0.0	0.0	0.0
Node 96		6.17088	2.13551	9.32713	4.60865	8.2994	7.79527	3.42766	5.463139999999999	4.06889	6.9923399999999996	10.70552	4.19365	6.346699999999999	5.60598	1.72015	9.763760000000001	5.351999999999999	6.04331	4.01997	1.3967200000000002	0.0	0.0	0.0
Node 104		9.00251	7.043099999999999	2.3626899999999997	1.23271	3.70088	5.49023	4.43514	7.45795	4.84513	8.4352	2.49653	6.58272	7.31798	5.79048	6.48161	3.1554100000000003	7.4719	4.93119	4.3636	0.9308500000000001	0.0	0.0	0.0
Node 83		5.12518	1.52189	3.0280899999999997	3.77508	8.86576	5.4635299999999996	3.26182	4.98812	1.47675	10.26124	7.26972	5.19615	3.73524	2.08459	11.00254	4.21307	7.89005	5.71742	3.03296	0.0	0.0	0.0	0.0
Node 193		4.71514	7.540220000000001	3.8330200000000003	5.12995	6.03198	6.52936	2.8320499999999997	6.19547	4.73773	7.35554	3.47436	0.7427600000000001	7.85959	6.87804	5.20874	6.51612	5.87	6.10704	4.08611	1.46393	0.0	0.0	0.0
Node 55		8.21045	6.391570000000001	1.4667599999999998	4.79839	4.62116	3.92089	5.89117	4.69874	8.59376	6.69897	9.60748	4.6039900000000005	4.00364	7.53085	7.01827	7.442849999999999	4.14941	6.70226	4.58609	0.0	0.0	0.0	0.0
Node 182		5.11229	10.47518	1.7644199999999999	3.58957	6.04695	7.794379999999999	4.45863	5.900790000000001	7.461569999999999	9.043429999999999	8.95995	2.81778	4.69655	7.100960000000001	5.93147	5.54091	6.066	5.2698599999999995	4.90923	1.46344	0.0	0.0	0.0
Node 76		7.992430000000001	10.63172	1.3502800000000001	0.0	10.24884	5.51895	6.053030000000001	6.42365	7.18405	8.48165	6.689779999999999	7.9688099999999995	7.443180000000001	5.36091	3.69487	9.55535	4.78421	4.55834	4.51814	1.7403600000000001	0.0	0.0	0.0
Node 43		2.87043	3.53423	6.10374	5.61806	2.87642	3.7480399999999996	4.2557	5.27499	6.941559999999999	6.37754	3.34557	2.61502	4.71555	4.58725	8.86657	3.71296	5.06674	4.9636	4.848920000000001	1.71942	0.0	0.0	0.0
Node 132		4.05079	7.34316	8.764230000000001	3.02637	4.1511	7.197050000000001	6.24545	7.15344	6.11726	2.14829	6.1717	2.21128	4.59066	6.501079999999999	6.8586800000000006	4.7721100000000005	4.542050000000001	7.89991	5.15682	0.53308	0.0	0.0	0.0
Node 39		7.07602	7.54233	5.43234	6.87609	6.53075	5.63295	5.7554	4.23278	3.49258	6.66371	6.63223	1.8368900000000001	4.28717	5.58215	6.1678999999999995	5.79308	6.535680000000001	3.84211	5.6868099999999995	2.05016	0.0	0.0	0.0
Node 169		5.54232	5.82665	6.83837	4.99717	5.06522	7.397099999999999	6.2707299999999995	7.0503	5.20188	8.99692	8.565430000000001	4.930409999999999	6.26126	9.231530000000001	5.1177399999999995	3.4046399999999997	2.8422099999999997	0.0	4.48957	0.0	0.0	0.0	0.0
Node 78		6.97706	10.17642	6.46729	2.09518	4.07322	2.55735	2.53543	2.83088	6.59028	8.97914	3.40488	3.09456	8.05091	5.82625	6.9920800000000005	5.45113	3.64354	2.17433	5.204219999999999	2.27393	0.0	0.0	0.0
Node 98		6.765269999999999	4.679930000000001	1.8031100000000002	8.91368	8.163879999999999	6.6827	6.63947	6.5316399999999994	7.13252	5.60301	8.34384	6.81264	4.13696	1.7929	10.58619	4.016850000000001	2.5427	4.18059	7.146329999999999	0.58672	0.0	0.0	0.0
Node 85		5.1765	4.717210000000001	8.005569999999999	7.3938500000000005	9.59785	5.54493	2.5859799999999997	4.07946	4.34879	7.940110000000001	7.85536	6.55162	3.6516399999999996	6.1871599999999995	3.63123	5.38458	7.96794	5.43433	3.8423	1.71942	0.0	0.0	0.0
Node 47		8.25226	3.5980499999999997	4.06097	7.84485	2.8210599999999997	7.61845	2.6218000000000004	5.27576	8.11961	11.062289999999999	5.01365	4.29007	5.59195	3.93813	8.66587	3.40541	3.1189299999999998	1.75256	5.24534	1.71893	0.0	0.0	0.0
Node 180		3.6103799999999997	6.63385	4.4526	3.18117	6.60248	6.94188	4.67178	8.21112	7.03182	5.4939	8.19022	0.0	9.21793	5.96082	9.13409	4.95043	4.034879999999999	3.49452	1.9101400000000002	2.2525	0.0	0.0	0.0
Node 145		6.09251	5.80202	7.16061	7.1995000000000005	10.22278	1.8357999999999999	2.1344	8.15437	7.89041	3.6779699999999997	4.46454	3.9313599999999997	5.6538900000000005	4.5412300000000005	5.75727	6.43611	2.91377	5.52826	4.94583	1.74085	0.0	0.0	0.0
Node 99		10.34885	7.95567	11.412519999999999	2.4921800000000003	7.34519	6.775259999999999	6.103759999999999	5.52839	4.02856	6.4747	7.07637	2.55731	8.67981	4.41042	7.89099	9.85277	4.6913599999999995	4.03669	3.74043	0.8099999999999999	0.0	0.0	0.0
Node 95		4.46413	4.8225	4.64847	1.54351	6.07884	4.55293	2.22046	8.747969999999999	3.3436800000000004	5.28541	6.576350000000001	6.5538	6.13147	8.34867	9.22927	6.507789999999999	3.7397	2.26443	6.2054	0.9303600000000001	0.0	0.0	0.0
Node 187		6.13167	4.22464	5.17019	5.668229999999999	10.06789	1.98477	3.05161	6.16677	4.92998	6.57678	8.56452	4.515890000000001	2.09169	4.3796	9.79338	4.684010000000001	4.23658	7.65943	2.14103	2.2520100000000003	0.0	0.0	0.0
Node 137		8.84393	4.15074	4.94074	5.03966	4.12375	3.5057199999999997	6.41497	8.00444	6.797540000000001	4.51962	5.01077	3.48112	8.39814	4.16757	8.24602	5.93356	5.23507	3.58825	3.14695	1.51757	0.0	0.0	0.0
Node 25		7.73881	7.0850800000000005	7.51795	4.42067	10.13607	4.80968	3.8907499999999997	5.9708	6.06644	9.0975	5.00301	5.717160000000001	4.7214100000000006	1.19767	7.056120000000001	5.496510000000001	3.1536	4.28353	1.9874900000000002	2.2520100000000003	0.0	0.0	0.0
Node 97		3.0197000000000003	9.50574	0.98641	7.99127	6.8880099999999995	4.70634	4.149640000000001	7.5403	6.114660000000001	6.679060000000001	10.32464	1.49552	1.74533	2.20401	8.07699	6.95832	3.15921	1.8345799999999999	1.4130399999999999	3.1161399999999997	0.0	0.0	0.0
Node 10		5.94552	4.68692	5.9254	5.43164	6.88914	3.99689	3.9827099999999995	7.82609	4.5535	8.977319999999999	6.0209600000000005	5.42321	7.940519999999999	3.03837	6.62635	4.66351	6.1003	5.23766	4.17199	2.30614	0.0	0.0	0.0
Node 184		5.78771	2.94631	6.0148	0.89225	3.53254	8.57367	3.6074200000000003	7.361910000000001	4.137770000000001	2.43851	7.66521	3.84307	5.09654	2.7776	5.228689999999999	4.73692	4.976719999999999	2.8548899999999997	6.11394	0.0	0.0	0.0	0.0
Node 9		5.276870000000001	7.995099999999999	4.10931	4.43566	2.13128	7.51192	1.98771	3.64004	6.96311	9.20164	4.5686	5.10154	4.97725	4.226909999999999	9.163409999999999	3.33918	3.7249499999999998	6.539929999999999	3.2805	1.46344	0.0	0.0	0.0
Node 183		7.4166	6.640600000000001	4.28259	3.9191200000000004	8.62886	6.37279	6.413620000000001	3.9443400000000004	2.71686	11.10448	1.83397	5.24719	3.6614099999999996	4.26383	7.542949999999999	4.1218900000000005	3.0696600000000003	5.01156	3.7853499999999998	0.0	0.0	0.0	0.0
Node 117		8.20463	9.74376	4.02047	4.546200000000001	5.35154	5.9314100000000005	3.6224600000000002	7.03968	2.02875	8.42061	6.59015	10.74069	7.12829	4.94174	5.28567	7.86662	3.88335	5.265969999999999	5.941479999999999	2.30565	0.0	0.0	0.0
Node 133		5.16816	6.99046	6.601070000000001	3.6609700000000003	5.83272	2.4024799999999997	4.30385	8.26592	2.19821	13.87571	7.232570000000001	3.6931899999999995	5.21199	7.36396	6.25513	2.76882	0.0	4.25889	4.5953	0.0	0.0	0.0	0.0
Node 103		8.696679999999999	5.873889999999999	2.92572	3.97112	5.741029999999999	5.57137	5.1052100000000005	4.97332	4.27226	5.56465	8.02599	6.02656	6.31727	6.13863	6.908580000000001	8.8786	5.55525	4.62535	5.8773	2.30565	0.0	0.0	0.0
Node 34		7.56451	5.92097	6.975639999999999	5.467029999999999	6.8662600000000005	3.21587	6.69738	5.95872	4.51774	7.85926	5.85119	3.7778199999999997	6.99883	4.78487	7.4157	3.4902	5.90464	5.92427	5.59215	1.5985699999999998	0.0	0.0	0.0
Node 52		7.91853	5.8008299999999995	5.14141	5.81404	4.52392	7.79013	2.23784	7.60895	6.6527	4.38696	8.976090000000001	3.5491300000000003	2.57938	1.6676300000000002	8.19163	4.15728	12.12946	4.0611	2.79961	1.71942	0.0	0.0	0.0
Node 94		7.36438	8.15454	4.82873	4.67526	4.00308	1.66221	4.34119	7.059169999999999	4.49383	8.58056	7.59837	5.79567	3.2111	5.605770000000001	6.984700000000001	7.4556499999999994	5.47357	8.499089999999999	7.4007000000000005	1.86121	0.0	0.0	0.0
Node 131		5.56483	6.00922	1.5753300000000001	4.77972	4.30845	5.884169999999999	3.33638	5.84184	4.391579999999999	11.19351	4.43874	5.92562	3.02501	5.74758	8.76361	7.132910000000001	6.11984	3.17039	6.5886700000000005	1.5985699999999998	0.0	0.0	0.0
Node 191		7.15645	6.97481	2.26946	4.61174	1.92658	5.83662	6.978610000000001	6.42023	2.91163	3.47165	7.501180000000001	8.16959	7.72254	2.47397	4.936	4.66935	5.79854	5.01759	6.12273	0.0	0.0	0.0	0.0
Node 60		3.0320300000000002	5.438840000000001	4.4972900000000005	6.907679999999999	7.37008	4.79776	3.55517	7.678840000000001	2.96772	8.33934	9.38686	1.47551	10.33812	3.3301999999999996	3.33195	5.76206	5.9140999999999995	1.2837100000000001	4.255459999999999	3.64873	0.0	0.0	0.0
Node 198		2.1254	7.61053	10.11038	5.42137	1.34221	4.8218700000000005	11.10366	8.528270000000001	5.24521	6.3617099999999995	9.15301	4.21387	5.318	6.639100000000001	8.46964	6.5254	5.28917	7.81968	6.48378	0.53308	0.0	0.0	0.0
Node 125		10.70576	6.30125	4.42316	1.73021	4.98266	8.68858	6.77937	7.59176	5.53033	10.39041	3.8038700000000003	3.55966	6.4450400000000005	8.4166	6.12817	6.0256799999999995	3.8980300000000003	4.271450000000001	4.67691	0.7885700000000001	0.0	0.0	0.0
Node 32		9.74119	6.932779999999999	6.29769	3.48705	8.23127	3.8148799999999996	4.23144	5.625929999999999	4.72934	6.74019	10.75778	4.34476	2.94074	6.141	5.1871	4.03942	8.05762	1.2606600000000001	4.28624	0.7885700000000001	0.0	0.0	0.0
Node 29		6.09724	4.29439	4.1566600000000005	6.49679	6.00161	7.17502	2.79122	5.92892	6.801	4.712149999999999	3.86623	5.37259	5.7142100000000005	4.31924	9.18384	4.3941300000000005	4.4114	5.1568000000000005	5.92357	1.71893	0.0	0.0	0.0
Node 161		6.682580000000001	6.4288300000000005	3.9440500000000003	8.483880000000001	6.68637	4.40883	2.32774	5.763929999999999	6.12533	5.5818	3.73827	5.90318	7.929170000000001	2.02475	7.24127	4.70568	5.4494	7.88924	4.57468	0.0	0.0	0.0	0.0
Node 144		5.5881300000000005	11.01192	9.19863	3.03512	8.681840000000001	3.64393	4.17832	7.6361	9.987400000000001	2.03452	7.8049800000000005	6.59909	8.14749	3.59557	5.7102	5.71358	5.3177	6.293550000000001	2.9575299999999998	0.0	0.0	0.0	0.0
Node 188		2.6868	3.94386	8.56833	2.19419	10.46509	5.0678	5.94176	7.84252	3.01531	8.01699	8.32333	3.70193	3.8346199999999997	2.0326299999999997	9.20707	7.1804499999999996	4.53007	5.52761	5.67976	1.71893	0.0	0.0	0.0
Node 33		8.54963	5.843170000000001	7.422140000000001	4.1768	0.78171	5.28775	0.5709500000000001	7.26513	5.2715	5.48582	4.73433	4.30957	4.86641	2.36143	8.23666	6.78847	6.82481	0.96726	6.323810000000001	0.9308500000000001	0.0	0.0	0.0
Node 185		6.0846	7.27465	8.24381	2.77847	8.70985	2.9924	2.12078	6.2529	2.98409	4.31443	5.8584	5.4487	4.98534	2.03963	5.10834	4.72837	4.20111	7.58033	5.812939999999999	0.9303600000000001	0.0	0.0	0.0
Node 84		6.39822	10.20373	5.03862	5.12134	6.6834299999999995	3.94599	4.90125	4.5148399999999995	2.4220800000000002	4.49976	9.79995	3.81895	3.0704599999999997	5.20712	6.3181	3.2486099999999998	4.22021	5.26839	4.300459999999999	0.7885700000000001	0.0	0.0	0.0
Node 121		10.52174	8.814039999999999	5.57353	6.12872	7.4399999999999995	3.51037	0.70835	7.34834	5.51396	8.63189	7.275049999999999	4.24288	5.88262	1.20236	5.76297	4.34931	4.15221	4.89895	1.2921099999999999	1.5985699999999998	0.0	0.0	0.0
Node 30		2.9733099999999997	6.548139999999999	4.07963	3.73372	8.548409999999999	4.86545	3.4256300000000004	4.61433	5.75577	10.3157	8.17712	2.7409	2.40766	4.1141	6.96239	6.69391	4.10534	6.493690000000001	6.341620000000001	1.46344	0.0	0.0	0.0
Node 0		8.849	7.88749	8.08891	1.34752	8.45877	6.341270000000001	1.9784099999999998	5.0949800000000005	3.73907	9.506580000000001	5.97033	4.94543	5.81508	6.51883	8.38406	6.52497	8.42752	5.18286	2.26362	0.9303600000000001	0.0	0.0	0.0
Node 177		5.9948500000000005	5.8382499999999995	5.65142	4.28661	6.20217	5.0886000000000005	5.1724499999999995	8.18673	6.87157	3.39241	7.42933	3.5022499999999996	6.04151	4.12708	5.33565	6.88578	7.96086	6.816809999999999	5.3632	0.8099999999999999	0.0	0.0	0.0
Node 154		8.52817	7.88002	1.8679899999999998	5.76398	6.902139999999999	5.795030000000001	6.55414	6.22654	3.6646199999999998	4.02137	4.150659999999999	6.00295	5.78674	9.30596	8.31449	7.77486	3.5783	2.2808800000000002	6.429360000000001	0.9303600000000001	0.0	0.0	0.0
Node 17		10.99474	5.1475800000000005	4.62875	4.0298	3.6200799999999997	4.62842	4.51398	6.555289999999999	2.72327	10.5115	8.65711	6.461749999999999	7.38857	6.76889	2.33643	3.8085	5.391979999999999	6.70696	1.90754	2.2520100000000003	0.0	0.0	0.0
Node 87		9.3263	7.111199999999999	9.6083	4.2843800000000005	5.80704	4.63968	7.14023	9.09958	7.031650000000001	8.531740000000001	6.2005	4.75901	0.60098	6.68355	4.472099999999999	3.0591500000000003	8.82176	3.6934	4.7194199999999995	0.8099999999999999	0.0	0.0	0.0
Node 150		6.93132	6.610530000000001	4.46036	6.05001	5.402769999999999	9.78691	6.36438	9.119570000000001	4.4747200000000005	5.467700000000001	3.9802400000000002	2.2304399999999998	2.95026	4.26112	8.16664	4.0042	3.06096	4.33896	3.6882900000000003	0.0	0.0	0.0	0.0
Node 13		6.08449	5.80448	6.49798	0.0	4.451639999999999	5.276129999999999	4.93142	4.72547	5.99067	6.09975	6.77478	7.4522	7.6339500000000005	5.031879999999999	6.6072500000000005	4.67157	2.97855	2.2679	4.77945	1.3752900000000001	0.0	0.0	0.0
Node 128		10.89918	4.83229	3.83832	6.25767	6.42605	4.66334	5.15869	7.086919999999999	3.4872199999999998	7.147349999999999	4.27699	1.90815	7.534159999999999	4.97031	7.20239	7.76245	7.0791900000000005	5.17305	0.5744499999999999	1.3967200000000002	0.0	0.0	0.0
Node 134		5.56206	4.22037	4.0757200000000005	7.51472	1.51034	9.29396	3.1793299999999998	6.33118	5.5964100000000006	7.714219999999999	5.70816	5.82763	8.430390000000001	5.51939	8.2022	4.090520000000001	4.73068	7.4166	4.01942	0.9308500000000001	0.0	0.0	0.0
Node 69		9.86199	7.758859999999999	7.89519	4.167400000000001	8.46101	3.7222	6.34286	4.78038	5.32667	5.9852099999999995	7.97204	3.13574	5.70773	4.947900000000001	7.95897	6.46906	5.04294	6.36307	2.10861	1.7403600000000001	0.0	0.0	0.0
Node 20		6.772939999999999	4.28766	5.92925	6.85221	4.3284400000000005	3.09478	5.5709	4.776190000000001	7.75531	5.1319799999999995	10.672130000000001	4.67513	2.60677	6.499499999999999	4.01832	4.85312	6.92343	3.9872699999999996	3.9557	2.2520100000000003	0.0	0.0	0.0
Node 73		1.30844	8.03492	5.92943	2.95599	5.00941	8.486920000000001	4.70913	5.47667	1.7409899999999998	2.99452	6.32477	8.10838	3.35183	2.1912399999999996	8.405569999999999	5.775460000000001	5.87267	4.14008	1.99411	0.53308	0.0	0.0	0.0
Node 26		6.0596499999999995	2.58695	4.10912	3.3969300000000002	3.82037	4.01688	6.92493	7.98208	2.25892	4.28623	2.5528	4.245419999999999	2.5884	1.92061	7.06316	5.60429	3.7484	2.94476	4.02422	0.7885700000000001	0.0	0.0	0.0
Node 74		6.13975	9.09847	3.89939	1.85009	7.7628699999999995	5.72686	6.06175	5.45231	3.61859	8.84735	6.216950000000001	4.38187	5.20959	2.3531	8.34362	7.61105	9.05238	6.6943	3.23961	1.32165	0.0	0.0	0.0
Node 54		7.531359999999999	4.25606	4.84258	3.7521199999999997	8.546090000000001	6.499389999999999	4.74322	5.169379999999999	10.22266	6.36109	7.6761	3.48136	9.092179999999999	4.58254	4.01741	5.61021	2.3542199999999998	3.9736800000000003	6.0984799999999995	1.86121	0.0	0.0	0.0
Node 176		7.0390999999999995	6.0799199999999995	6.569719999999999	3.6377399999999995	7.68557	5.79127	7.99136	6.19107	11.26138	5.12296	3.20619	3.5223699999999996	6.89541	3.9715	12.0532	8.49966	6.46583	5.045	4.3649000000000004	2.52942	0.0	0.0	0.0
Node 12		4.3943	5.23421	4.99292	3.6081000000000003	5.97879	7.04404	6.384620000000001	5.93778	3.71468	8.637509999999999	4.87934	5.24719	0.66358	7.4757299999999995	7.06445	3.35175	4.67251	4.43128	4.96123	1.46344	0.0	0.0	0.0
Node 28		3.6714200000000003	4.3999999999999995	3.7472900000000005	6.96079	7.756	4.81497	3.98415	4.304460000000001	7.64178	4.88895	4.51362	7.0785100000000005	5.252330000000001	6.85321	5.665719999999999	8.64105	6.74114	7.01343	4.13549	1.34308	0.0	0.0	0.0
Node 141		6.71123	2.07816	4.89281	3.1376	4.37197	4.97853	6.3511	6.0539700000000005	3.99007	8.815430000000001	6.96537	3.2595300000000003	8.125119999999999	4.2318500000000006	7.57545	7.48521	4.077999999999999	5.34202	3.9513	0.9308500000000001	0.0	0.0	0.0
Node 70		6.824089999999999	7.57467	6.3415	2.13885	6.8021899999999995	5.68014	3.99594	8.93803	7.77262	5.2863	7.65294	5.78456	5.3025	5.839119999999999	10.29259	3.96853	5.00218	4.06812	2.44612	1.51708	0.0	0.0	0.0
Node 181		7.10137	7.79696	3.0486400000000002	6.88212	1.50806	7.97176	3.52711	2.5254	6.50622	4.29372	7.97719	1.47853	2.6495100000000003	3.3838	6.84424	7.268470000000001	0.50939	7.06653	3.59053	2.86016	0.0	0.0	0.0
Node 119		6.61728	5.4528300000000005	6.18783	4.61267	4.90586	5.6768600000000005	2.2851	3.18322	7.300800000000001	7.6461500000000004	6.98301	3.13565	3.59943	3.44791	4.890160000000001	4.08774	0.8055899999999999	4.3366	5.73709	0.7885700000000001	0.0	0.0	0.0
Node 82		8.31066	7.593279999999999	10.57734	4.43257	6.720610000000001	3.55397	5.6616800000000005	5.01226	6.45398	6.749969999999999	4.95638	7.2641	5.276079999999999	8.16354	6.40706	8.61626	5.53538	4.46743	3.04325	1.71893	0.0	0.0	0.0
Node 18		7.7188099999999995	4.35884	1.6029499999999999	5.23557	8.62739	2.94321	8.09411	9.5908	3.61621	4.67312	6.19801	2.86443	4.95927	4.58185	7.00416	3.92514	4.56972	2.16838	4.40995	0.58672	0.0	0.0	0.0
Node 174		2.65723	3.89564	7.282520000000001	7.37729	7.5709	6.04763	2.7005	6.59947	6.879929999999999	3.28298	8.11089	1.8142399999999999	8.65541	6.16967	5.40487	7.135750000000001	4.77493	0.52533	7.907889999999999	3.9928600000000003	0.0	0.0	0.0
Node 123		6.65482	7.70971	3.39309	1.94481	8.51036	1.6876700000000002	4.11302	8.53126	6.3482899999999995	5.68797	7.77791	3.88653	5.84811	2.10153	5.52771	9.523330000000001	2.89722	5.41939	5.51989	1.46344	0.0	0.0	0.0
Node 155		6.8774299999999995	3.6979499999999996	7.827919999999999	6.58905	7.503450000000001	4.9015200000000005	1.8674	5.16171	6.3218	6.870850000000001	3.58855	0.60562	4.29528	4.054279999999999	6.24639	5.1578100000000004	4.75495	4.97974	6.25744	0.9303600000000001	0.0	0.0	0.0
Node 31		8.3566	6.336740000000001	6.358429999999999	2.58369	7.693650000000001	5.75371	5.58702	10.20005	7.4621699999999995	5.9971	5.71702	2.45389	4.7514899999999995	2.7704400000000002	6.41038	4.56093	8.32281	3.96124	3.7850300000000003	1.74085	0.0	0.0	0.0
Node 126		2.0316	4.64853	2.1656	5.10965	4.683070000000001	4.21626	4.8299	5.15912	6.04983	6.27731	10.267900000000001	2.61702	6.985729999999999	4.43604	5.49973	4.33042	7.16953	2.75548	5.80067	0.53308	0.0	0.0	0.0
Node 168		8.31696	9.43392	4.24671	3.45825	7.27695	5.14696	2.47379	2.76754	3.82379	8.75301	7.72829	6.853879999999999	5.72042	7.0126599999999994	7.578060000000001	4.855770000000001	2.62636	5.10855	4.162190000000001	0.53308	0.0	0.0	0.0
Node 44		2.6236200000000003	7.192740000000001	3.49582	2.6786	7.92757	4.49992	5.0305	6.97074	8.49516	1.4800900000000001	4.75209	3.0653900000000003	8.83204	7.36176	5.76157	5.36477	5.16477	5.73987	5.2786	1.32165	0.0	0.0	0.0
Node 48		5.65457	7.8375	5.05405	4.66207	8.082799999999999	3.6174600000000003	5.68636	4.84652	6.39555	5.91999	3.15362	4.02664	3.5641100000000003	4.55073	11.09906	6.4737100000000005	7.108059999999999	2.9879200000000004	5.078259999999999	3.2365	0.0	0.0	0.0
Node 107		7.56927	4.365	6.4987699999999995	1.42038	1.85466	4.80798	4.639469999999999	6.699879999999999	5.05834	7.47704	3.95691	3.85465	4.5739	6.32688	2.71331	4.68504	6.21412	4.27709	4.5647899999999995	3.18286	0.0	0.0	0.0
Node 192		2.09482	7.4591400000000005	6.554250000000001	7.958899999999999	5.54074	3.12258	3.22627	6.26993	4.76704	5.8433600000000006	6.7867	3.43202	5.48813	1.29692	8.05705	8.020140000000001	4.00103	6.24208	3.6177	3.0625	0.0	0.0	0.0
Node 80		9.1533	8.3459	5.6606499999999995	6.797739999999999	5.5078700000000005	6.34434	5.81693	6.810099999999999	5.55366	3.7895499999999998	9.3255	2.5894299999999997	4.50999	5.1355900000000005	8.433309999999999	4.4214	3.95282	3.1552999999999995	8.12707	0.58672	0.0	0.0	0.0
Node 152		2.41785	6.18987	7.2337	6.46066	2.02279	4.5460899999999995	2.8180799999999997	5.7984	7.779070000000001	5.98445	4.488659999999999	2.70878	6.72314	7.86685	4.8279000000000005	4.4724	3.12541	6.08463	4.34543	3.0625	0.0	0.0	0.0
Node 35		5.3681	3.22746	7.28396	9.22772	7.2756799999999995	6.29791	4.59849	6.544790000000001	5.87215	6.5001500000000005	10.171579999999999	7.40388	7.389600000000001	4.91425	5.21943	7.48134	2.36512	4.39431	3.59825	0.58672	0.0	0.0	0.0
Node 50		6.20999	7.814830000000001	7.33833	3.24441	6.655949999999999	5.35595	4.37203	7.76235	4.69635	9.18662	11.615839999999999	4.69659	2.55811	6.3721	9.31738	4.4328899999999996	3.28791	6.07787	3.2984899999999997	0.9303600000000001	0.0	0.0	0.0
Node 64		5.38686	6.506	5.11352	7.19969	5.87882	2.12762	3.81147	7.43181	2.92463	2.78069	4.91305	1.16539	3.2881	2.08678	8.708630000000001	9.46762	6.50647	6.0393099999999995	6.464390000000001	1.71942	0.0	0.0	0.0
Node 68		5.4407	7.07087	2.95007	5.43231	9.289169999999999	4.76767	5.94692	4.09978	0.0	6.59003	2.44581	2.44069	5.03261	5.33655	8.20362	2.5272300000000003	5.0747599999999995	3.72624	5.03132	1.71893	0.0	0.0	0.0
Node 196		6.9467799999999995	5.414610000000001	3.03052	6.54062	6.13402	5.76814	7.15235	6.34166	9.61994	6.719169999999999	7.41493	8.348700000000001	2.08681	5.71757	10.132729999999999	5.19461	1.52399	6.59047	6.71137	3.11565	0.0	0.0	0.0
Node 14		6.843649999999999	5.76619	6.281549999999999	0.72441	6.877369999999999	3.3447400000000003	3.21184	4.31623	5.83608	5.17901	10.93698	1.23763	3.3198600000000003	2.02706	4.38833	2.14526	6.713710000000001	4.89082	2.09017	1.71893	0.0	0.0	0.0
Node 157		0.87686	2.2599	5.81869	5.65296	4.68499	6.268020000000001	4.23296	3.11803	5.24067	8.95857	5.01675	5.25073	2.66052	6.9192100000000005	7.4643	6.950489999999999	4.6233900000000006	4.36589	5.25606	0.8099999999999999	0.0	0.0	0.0
Node 51		7.34056	7.963240000000001	4.5025200000000005	4.51534	6.681489999999999	5.91195	1.5395	7.3517600000000005	7.2765200000000005	8.09438	5.90491	5.24868	9.11856	6.3888	6.86216	2.9759700000000002	6.37407	3.25296	4.1465000000000005	1.1198	0.0	0.0	0.0
Node 89		5.42839	4.88843	8.657589999999999	4.8903099999999995	6.05654	4.40381	3.0857900000000003	6.0577499999999995	6.1071599999999995	6.16848	7.630960000000001	1.52753	7.238759999999999	0.0	8.15986	3.21811	6.219650000000001	5.48924	6.74753	0.0	0.0	0.0	0.0
Node 190		8.51141	10.07605	4.74072	5.70691	1.44655	6.574389999999999	5.05644	3.8300199999999998	5.380780000000001	8.80775	4.87549	6.1127	5.9331000000000005	2.0912300000000004	4.44925	4.940180000000001	3.25344	2.84767	5.93049	0.8099999999999999	0.0	0.0	0.0
Node 111		7.74304	4.55373	7.928649999999999	6.58597	4.56358	5.56313	5.54883	7.37437	3.97285	5.38194	10.27027	3.11677	6.43442	2.74888	7.32714	6.3269400000000005	4.43169	5.2819199999999995	3.52779	0.8099999999999999	0.0	0.0	0.0
Node 58		7.49443	7.15934	10.43357	0.8605099999999999	10.10434	4.56301	4.9021799999999995	4.76368	7.52354	2.87268	10.63355	3.86412	7.10596	5.5885299999999996	9.10117	4.12437	7.883990000000001	4.93368	4.72504	3.45978	0.0	0.0	0.0
Node 146		2.359	7.81541	2.37889	8.04119	10.21791	6.19137	4.43916	4.45274	7.8468	5.97868	10.995330000000001	3.8065300000000004	7.38313	5.67813	3.4649600000000005	3.01903	2.3542199999999998	4.0484800000000005	6.31259	0.9303600000000001	0.0	0.0	0.0
Node 93		3.06381	5.54843	8.97691	3.1178399999999997	4.66535	5.24869	3.6201499999999998	5.41983	3.82322	4.68235	6.577719999999999	3.23546	5.05993	5.4375100000000005	8.545490000000001	6.08599	6.14841	6.07966	2.97713	0.0	0.0	0.0	0.0
Node 142		4.50303	3.62113	9.08668	4.6053	3.69268	3.22608	4.506600000000001	7.76007	6.3944399999999995	6.98039	9.86139	1.4426299999999999	6.24132	5.54258	5.96596	6.2630099999999995	5.86572	4.37497	1.25074	1.7403600000000001	0.0	0.0	0.0
Node 37		7.929250000000001	4.37874	5.00152	4.26797	3.4984300000000004	6.4746	4.37322	3.92001	6.69304	3.6251800000000003	8.240509999999999	4.64881	6.676070000000001	3.38334	6.003830000000001	2.74399	6.09748	5.21437	4.986870000000001	2.44793	0.0	0.0	0.0
Node 62		5.78462	4.073510000000001	5.026619999999999	6.6661399999999995	8.73003	4.97538	3.40467	6.60648	5.79545	7.8148599999999995	5.537050000000001	2.8303700000000003	6.97415	4.62952	9.31241	2.36835	8.17194	3.85095	4.95871	1.86121	0.0	0.0	0.0
Node 165		7.344340000000001	4.5148	5.42956	4.01908	9.13635	6.17298	5.09428	2.36278	6.64143	5.61121	6.04331	5.03932	2.8786300000000002	6.00083	5.88021	7.34026	6.7811200000000005	2.9291	2.7381699999999998	0.7885700000000001	0.0	0.0	0.0
Node 153		6.96814	5.92127	3.3823600000000003	5.29247	7.80917	4.04206	6.35044	6.509950000000001	8.803049999999999	3.9998400000000003	5.6439	4.35341	6.86293	6.691859999999999	8.50207	4.76025	3.2967999999999997	3.46046	3.59046	1.7403600000000001	0.0	0.0	0.0
Node 46		6.10579	8.726009999999999	6.372940000000001	6.0648100000000005	7.90021	2.17787	7.10802	8.72962	2.44453	4.04243	9.41272	3.60069	5.78779	5.69348	9.22548	7.59611	4.87206	3.4098499999999996	3.5672	0.53308	0.0	0.0	0.0
Node 178		3.5786400000000005	4.727180000000001	10.7896	2.85987	5.8529	4.030799999999999	7.028560000000001	6.03972	7.81574	6.355180000000001	4.7350200000000005	3.5453400000000004	4.08442	1.6784400000000002	12.35772	5.51493	5.96433	5.5992	2.74562	1.86121	0.0	0.0	0.0
Node 114		2.73289	4.18853	0.72441	5.56416	1.26174	7.89675	5.74821	5.9483	4.72687	5.32306	3.2102899999999996	3.9415400000000003	4.13715	9.066559999999999	4.59854	6.521730000000001	4.07374	7.027410000000001	5.75597	0.58672	0.0	0.0	0.0
Node 122		5.64622	5.25194	8.297419999999999	3.5178000000000003	7.690329999999999	8.04974	8.3128	5.9839	3.4241800000000002	7.61447	7.6045	5.39988	4.90936	3.20453	9.28011	6.39159	5.77116	8.22571	4.16343	1.71893	0.0	0.0	0.0
Node 138		8.4115	5.07997	9.41019	4.51853	8.76369	7.446700000000001	6.1156299999999995	6.457269999999999	9.35415	7.378229999999999	2.9372599999999998	3.57084	1.25325	6.28011	8.94036	8.55032	1.97282	4.12854	6.674430000000001	3.20429	0.0	0.0	0.0
Node 160		2.77948	11.35491	4.68693	3.6761000000000004	6.783390000000001	7.633280000000001	2.9578699999999998	6.61663	7.355549999999999	6.44561	5.33122	5.5342	5.47038	6.7170499999999995	8.80301	5.88666	5.37954	3.5977500000000004	5.21468	1.71942	0.0	0.0	0.0
Node 19		3.582	5.92231	4.2085	5.47072	2.7252	3.19934	0.0	7.662190000000001	6.852600000000001	6.370950000000001	6.5461599999999995	1.3123799999999999	2.8500199999999998	5.25566	5.33837	5.95849	6.11416	2.5699099999999997	5.079199999999999	2.18529	0.0	0.0	0.0
Node 92		8.24104	8.441600000000001	3.95132	2.33363	7.55952	4.66492	4.44532	6.51945	3.76398	6.72842	5.37945	5.68653	6.423710000000001	2.64756	6.375260000000001	6.709420000000001	2.23481	1.99973	3.3736200000000003	0.7885700000000001	0.0	0.0	0.0
Node 108		4.54903	2.5737699999999997	4.63591	2.99212	3.4751600000000002	4.89582	5.62977	2.99192	2.76538	6.98428	5.1817	6.78021	4.3175	4.74567	5.95004	3.62149	0.75483	5.55518	4.14037	0.0	0.0	0.0	0.0
Node 66		6.09569	5.79217	4.39015	3.96516	3.5564	3.13873	7.62453	7.00168	3.12092	5.10177	6.745410000000001	4.54172	5.33784	6.37027	10.71443	3.1815700000000002	3.0366899999999997	7.60565	5.153379999999999	1.3967200000000002	0.0	0.0	0.0
Node 127		8.26546	6.7451300000000005	7.32854	6.06499	4.90946	5.627540000000001	5.32362	5.44109	6.50588	6.33105	10.550460000000001	5.360390000000001	8.470600000000001	2.40552	4.9911200000000004	6.27968	5.61473	4.74144	6.07729	1.3752900000000001	0.0	0.0	0.0
Node 7		7.5391200000000005	6.52238	5.5328	3.19414	1.34659	3.49148	7.67221	6.57631	5.169449999999999	7.66977	6.98121	3.20566	3.67193	5.56474	8.38994	3.35356	3.52317	6.8408	5.70294	1.5985699999999998	0.0	0.0	0.0
Node 186		4.69955	2.27536	7.269290000000001	5.1660200000000005	4.6709	2.17308	6.80804	2.7960700000000003	5.66714	9.012789999999999	0.71376	6.3454	7.354189999999999	4.32043	9.34148	8.958639999999999	4.03611	3.8029100000000002	6.70887	0.9308500000000001	0.0	0.0	0.0
Node 162		7.070110000000001	0.96679	6.94289	3.7363899999999997	8.31024	4.62985	7.43562	4.6661	6.719650000000001	5.82895	6.067489999999999	4.7271	6.32418	2.16711	6.51195	6.16852	6.39347	3.04568	8.702029999999999	0.53308	0.0	0.0	0.0
Node 36		5.275939999999999	6.34657	4.17227	2.42509	10.51921	3.69554	2.88508	4.32928	7.1655	5.511	4.85243	6.06572	2.83954	6.22592	4.57573	6.13488	5.50915	3.6065300000000002	5.25624	1.46344	0.0	0.0	0.0
Node 71		3.8722	5.46419	9.89405	3.9874199999999997	6.917579999999999	6.378150000000001	3.9487099999999997	4.77502	5.06447	3.2725400000000002	7.25515	4.743880000000001	8.27577	4.91027	5.2835600000000005	3.1216	1.5003199999999999	2.01096	4.307939999999999	1.7403600000000001	0.0	0.0	0.0
Node 189		8.4872	6.685290000000001	6.08654	5.94781	7.627140000000001	5.25006	2.0811	5.11903	10.549119999999998	6.61519	4.17496	5.89254	5.352860000000001	6.5194600000000005	5.17803	6.5361199999999995	6.16904	4.47692	3.67994	1.7403600000000001	0.0	0.0	0.0
Node 77		7.99377	2.66844	6.41401	5.10134	6.05176	6.66418	5.24505	2.9191000000000003	7.35426	8.92092	5.86463	2.94715	8.294989999999999	3.74551	11.94759	7.017510000000001	2.40105	7.35706	3.03098	1.51708	0.0	0.0	0.0
Node 79		9.814589999999999	6.01521	4.85036	7.403220000000001	7.53134	8.03643	5.10079	7.159889999999999	9.14558	6.5999799999999995	9.45438	6.660760000000001	3.39822	4.43833	8.28044	5.0526	5.59676	6.16263	2.25612	0.0	0.0	0.0	0.0
Node 129		7.37813	3.38322	0.8167000000000001	0.0	7.1185	3.9878299999999998	4.17837	7.370590000000001	6.57069	6.08299	6.70601	3.96488	9.6153	0.0	9.8767	4.25394	2.51891	4.85736	2.79241	1.86121	0.0	0.0	0.0
Node 8		7.804850000000001	9.11858	7.24083	4.86595	4.56363	8.40371	4.94324	5.55722	7.550560000000001	8.72749	3.16581	0.0	7.43611	1.78486	3.35704	5.48035	6.455	2.84398	5.13178	1.71893	0.0	0.0	0.0
Node 118		6.58035	7.651120000000001	4.02082	5.8058499999999995	5.39725	7.2101299999999995	5.119	4.45005	5.53283	4.51172	7.865279999999999	5.67882	2.8907	5.5998	6.887930000000001	7.456	3.7071600000000005	6.3015	6.7128499999999995	2.86065	0.0	0.0	0.0
Node 173		5.49113	5.0007	5.51806	4.8912700000000005	8.45218	4.111009999999999	2.37875	1.86226	5.20288	6.86749	3.8581	3.62929	6.54284	2.27519	5.16233	1.7567	7.56989	6.14414	6.31927	1.86121	0.0	0.0	0.0
Node 109		2.7096999999999998	7.29653	6.772390000000001	6.064830000000001	9.06824	6.26443	0.63625	5.6621999999999995	7.077890000000001	7.09381	4.21514	5.61381	5.03443	7.100579999999999	7.3432200000000005	2.5171200000000002	5.6786200000000004	2.84572	3.11174	0.8099999999999999	0.0	0.0	0.0
Node 88		8.60451	3.93923	7.8362	4.24323	4.88542	6.06014	2.79965	8.930530000000001	2.97077	4.51643	6.633640000000001	4.06918	2.74521	8.58037	7.63425	2.66205	4.90887	3.94252	6.55449	0.9303600000000001	0.0	0.0	0.0
Node 163		6.96791	5.34151	1.65585	4.85741	5.33166	1.8041600000000002	5.1859	6.02878	4.743180000000001	4.53828	5.39084	3.2294799999999997	5.12218	5.669919999999999	11.213040000000001	5.36606	6.02846	4.69622	4.33157	2.67121	0.0	0.0	0.0
Node 164		3.51369	8.51026	6.70177	4.39375	6.15592	5.59531	5.28202	4.62706	7.75009	6.54279	7.295699999999999	3.57286	7.86212	1.44257	7.05695	6.685670000000001	3.77635	5.18731	6.3825199999999995	0.8099999999999999	0.0	0.0	0.0
Node 61		5.57153	9.1744	6.51197	4.73567	5.30448	3.3433900000000003	4.52101	7.0585700000000005	8.28435	9.410630000000001	7.76974	3.41957	1.70394	4.44065	2.44773	6.639399999999999	3.1164899999999998	5.95562	2.09017	1.46344	0.0	0.0	0.0
Node 199		4.74807	11.42836	6.80829	2.8127400000000002	1.96315	4.62739	4.77437	5.40902	5.36348	5.8481499999999995	7.53431	7.4590000000000005	5.9737100000000005	4.91053	6.477289999999999	5.16287	4.69618	4.36869	3.66439	0.0	0.0	0.0	0.0
Node 106		4.58733	8.86646	4.93902	5.54516	3.1444199999999998	5.556839999999999	2.8437400000000004	2.81262	6.5723400000000005	8.27552	3.93607	3.77117	8.612870000000001	5.718850000000001	9.156690000000001	3.66593	3.1263699999999996	3.41316	3.42873	0.9303600000000001	0.0	0.0	0.0
Node 120		6.834560000000001	5.23493	2.6398	3.5601800000000003	3.04446	2.27158	5.1155	8.23117	7.165789999999999	2.03452	4.44295	3.2930800000000002	4.21329	6.631760000000001	6.0446100000000005	2.5483599999999997	7.89712	5.21155	10.14412	1.34308	0.0	0.0	0.0
Node 170		5.23835	6.01134	7.336860000000001	1.53757	6.80291	5.25075	1.12859	5.75825	3.77338	6.555289999999999	4.93388	5.31242	4.17291	8.3913	9.89497	6.538539999999999	7.464569999999999	1.95142	5.77205	2.27344	0.0	0.0	0.0
Node 101		6.275169999999999	8.76484	6.601890000000001	3.9759200000000003	1.47199	6.8301	5.132	6.62682	3.84477	8.92951	6.559270000000001	4.1919699999999995	1.96886	3.58709	9.61403	4.87179	5.29551	4.86618	3.3964000000000003	1.3967200000000002	0.0	0.0	0.0
Node 100		6.7303299999999995	5.64664	3.23118	4.26013	5.45813	5.70497	5.43878	6.35201	5.18674	9.58421	8.36977	2.8145	4.7718799999999995	7.2695300000000005	5.26864	5.27501	6.51548	6.10888	6.07413	1.32165	0.0	0.0	0.0
Node 116		4.90978	8.33585	5.09244	5.38794	5.33019	7.691770000000001	5.28668	3.84451	8.25838	6.6738599999999995	8.38853	7.961469999999999	4.65173	7.96321	7.03177	8.38824	5.02639	7.31174	4.35461	0.8099999999999999	0.0	0.0	0.0
Node 42		6.08996	4.477119999999999	8.888440000000001	3.05802	6.789140000000001	3.79619	5.91081	6.16335	5.10119	8.00961	8.62098	7.0280700000000005	5.26864	5.08716	6.1365799999999995	4.58233	3.59552	6.67185	4.48933	1.51708	0.0	0.0	0.0
Node 6		6.956519999999999	5.1642399999999995	2.43336	4.57712	3.3298599999999996	5.36501	3.83401	6.91034	4.28241	7.29141	6.50067	2.22642	3.93159	8.99675	5.23402	6.08579	2.3489	4.11397	3.42364	0.53308	0.0	0.0	0.0
Node 67		6.0755099999999995	3.28812	8.81437	3.8125199999999997	2.66984	6.3099799999999995	2.13822	9.77336	8.11411	8.51716	8.281030000000001	4.36895	3.24456	4.85802	8.44471	3.3518	4.25436	8.011989999999999	3.77237	0.7885700000000001	0.0	0.0	0.0
Node 195		6.7977300000000005	3.65251	7.237639999999999	5.28683	6.82983	4.95534	5.98047	3.0557999999999996	5.44197	5.37214	2.2426999999999997	2.14208	7.0440000000000005	7.9429799999999995	8.21848	3.97909	4.17792	3.7416199999999997	3.11259	1.32165	0.0	0.0	0.0
Node 56		7.913639999999999	6.83392	10.00036	5.7105999999999995	5.5397799999999995	6.58668	4.15709	2.8908	5.1466199999999995	2.60266	7.69568	5.70051	7.74203	5.49358	6.432250000000001	8.19363	5.79742	1.6624900000000002	3.6058899999999996	1.46393	0.0	0.0	0.0
Node 5		1.69757	9.56514	5.26109	2.25378	8.105170000000001	6.18198	4.70183	4.2813799999999995	3.57098	7.565239999999999	4.775	3.6380700000000004	7.93205	4.4502500000000005	6.467390000000001	3.83611	1.6339599999999999	2.37171	3.16273	2.86016	0.0	0.0	0.0
Node 179		7.3293	4.282430000000001	5.82936	6.664820000000001	3.77414	5.478079999999999	4.11195	5.32231	6.392399999999999	7.0993	5.80237	4.70444	5.23236	1.87621	2.8401	6.1727799999999995	4.270560000000001	3.07956	3.53973	1.71893	0.0	0.0	0.0
Node 57		3.2238500000000005	5.50785	8.83588	4.16003	8.299249999999999	5.122809999999999	5.8557	5.89947	3.72791	5.06779	8.48134	8.1472	3.96489	6.715649999999999	4.8453	11.11495	1.70757	2.9951499999999998	5.83722	0.0	0.0	0.0	0.0
Node 130		6.99106	4.1063	4.16153	1.27832	10.463849999999999	4.56257	3.23339	6.92368	4.70737	5.05482	5.45487	4.04077	7.32073	4.3636	6.26713	6.55299	7.5457	7.507369999999999	6.2271399999999995	1.86121	0.0	0.0	0.0
Node 23		1.5652	7.93238	5.83131	2.3019600000000002	5.43894	4.58261	5.22827	8.737200000000001	5.63158	9.74389	5.85633	4.57822	3.3493399999999998	8.801309999999999	9.9176	4.61232	4.56998	3.01675	2.37081	0.0	0.0	0.0	0.0
Node 49		10.10995	4.7177299999999995	5.46513	2.40402	4.69855	5.493399999999999	7.563250000000001	7.782940000000001	4.96767	7.540330000000001	5.0951	2.8182	8.15304	5.99827	6.193499999999999	4.42709	5.03735	3.5179500000000004	2.49694	3.20429	0.0	0.0	0.0
Node 175		4.22856	7.055549999999999	12.40994	4.5522100000000005	3.01913	3.86148	2.47486	8.538640000000001	5.06884	7.596909999999999	5.08797	5.22718	7.08393	4.4907900000000005	7.826289999999999	6.0356	7.4791300000000005	3.45105	8.040659999999999	1.46344	0.0	0.0	0.0
Node 110		5.16918	6.41879	3.12611	6.3287700000000005	10.26113	5.35435	5.0800600000000005	7.56038	2.20228	4.42049	2.86944	3.84414	5.52584	4.54146	5.76201	4.63986	7.230390000000001	8.214780000000001	6.72301	0.9303600000000001	0.0	0.0	0.0
Node 159		4.13392	4.2387	8.5463	7.80448	7.76386	3.03496	4.70887	4.33369	3.69429	3.46104	7.78252	2.81169	7.132099999999999	4.49839	8.69103	4.44955	3.92732	1.33619	4.26873	2.32757	0.0	0.0	0.0
Node 143		7.46578	7.1672	2.6398	6.39429	7.5469599999999994	2.34617	3.6225599999999996	9.18595	6.89501	4.0353	5.292800000000001	5.00812	7.223739999999999	2.71682	8.89264	4.72642	4.1854700000000005	6.2895900000000005	3.4182200000000003	4.0465	0.0	0.0	0.0
Node 105		5.72961	8.510349999999999	4.21645	3.2856000000000005	7.717549999999999	3.1924	3.05492	6.33788	5.7418	3.62539	4.98318	3.8155799999999997	6.76542	3.4054599999999997	4.76757	5.37042	8.77058	4.50115	7.62554	0.0	0.0	0.0	0.0
Node 63		5.37011	9.70586	3.05571	7.711949999999999	2.1987099999999997	8.80141	3.70777	7.0300199999999995	5.32309	1.8743400000000001	7.990279999999999	3.24985	8.85016	4.40771	1.48546	5.540570000000001	7.8308	4.86618	4.90542	1.3752900000000001	0.0	0.0	0.0
Node 166		7.74932	9.19796	9.212190000000001	4.78651	7.8279000000000005	8.69042	2.16167	6.23149	4.76518	2.90575	3.6531300000000004	0.9219099999999999	5.56775	5.0080100000000005	7.74585	4.6359900000000005	3.4622600000000006	6.7399700000000005	5.2248	0.9303600000000001	0.0	0.0	0.0
Node 197		7.567799999999999	6.36423	3.2431599999999996	4.77007	4.05631	8.82606	1.9538	7.06773	8.62569	6.515650000000001	11.80578	1.1822300000000001	3.96043	7.55129	5.782509999999999	4.4774899999999995	4.9032800000000005	4.17648	6.19232	0.9303600000000001	0.0	0.0	0.0
Node 15		6.74712	8.20258	6.03161	3.4122100000000004	7.65836	4.80116	4.3549999999999995	9.04384	5.16106	4.45411	6.08485	1.92499	4.74316	2.90846	10.268320000000001	1.31067	6.09249	7.43285	4.7489099999999995	1.5985699999999998	0.0	0.0	0.0
Node 21		4.90163	4.59307	4.4362699999999995	8.957790000000001	3.11889	3.16141	6.94651	5.6836400000000005	7.11864	2.9562	4.731599999999999	5.11506	6.966740000000001	2.31468	3.3376200000000003	6.407019999999999	2.42657	3.9780200000000003	5.02695	1.3967200000000002	0.0	0.0	0.0
Node 112		9.35026	3.29298	8.54859	1.83821	3.80084	3.59271	5.02218	10.58307	4.35937	7.427440000000001	1.16942	4.37462	5.1126	7.2907399999999996	7.501810000000001	6.47423	6.9953	5.18039	5.72874	1.46344	0.0	0.0	0.0
Node 156		7.11726	6.17122	4.74158	4.8464	10.194640000000001	5.39916	2.98443	6.42457	5.23939	7.99184	6.93096	3.64791	1.70269	4.03791	5.3351500000000005	6.30476	4.50751	3.00768	6.81098	1.51757	0.0	0.0	0.0
Node 148		5.01767	5.62082	5.47571	5.85034	5.85004	6.25399	2.66569	8.008220000000001	3.55426	4.76288	5.93312	2.98305	5.39973	4.99489	8.73275	5.6205	2.7571499999999998	5.86064	8.71107	1.90837	0.0	0.0	0.0
Node 81		5.45796	7.7767100000000005	4.73504	4.363390000000001	7.11034	5.67178	6.45875	5.9067	4.0559199999999995	6.86238	5.68196	2.97176	6.3782000000000005	5.78087	5.18503	1.41233	5.43294	5.81498	5.83592	0.7885700000000001	0.0	0.0	0.0
Node 22		6.5078700000000005	4.421139999999999	10.41756	1.4414500000000001	5.5241	4.957050000000001	7.110320000000001	4.77517	8.51195	7.20253	3.3591	5.61817	5.99472	3.49246	7.5862799999999995	5.681279999999999	5.55337	1.89467	6.603820000000001	1.71893	0.0	0.0	0.0
Node 40		3.7848	3.4535400000000003	4.014270000000001	4.49423	4.73796	4.10023	2.1957999999999998	8.60523	4.9388000000000005	10.96946	7.9692	2.28352	6.84883	5.13933	6.47807	4.01459	4.50802	3.1713	7.29184	1.90837	0.0	0.0	0.0
Node 24		9.32701	4.22255	2.41649	3.8919200000000003	5.87081	4.120010000000001	4.43364	8.00786	3.5444999999999998	5.0381	8.38189	5.734170000000001	6.81268	4.24193	4.01344	7.91822	2.39966	8.2212	5.17355	1.3967200000000002	0.0	0.0	0.0
Node 172		3.41857	7.77086	3.0486400000000002	6.14626	5.02553	6.597169999999999	5.21626	8.3939	3.9737500000000003	3.7098199999999997	4.523619999999999	5.437390000000001	4.9127600000000005	0.53114	6.398860000000001	3.7773099999999995	4.1409	4.11563	2.33221	2.2525	0.0	0.0	0.0
Node 102		2.2622	7.904890000000001	0.0	5.2193000000000005	5.00288	3.7664400000000002	4.43348	6.35226	4.15435	5.79059	5.23943	8.14438	6.36442	6.94699	4.4382600000000005	7.33181	4.75061	5.18531	2.1352200000000003	1.32165	0.0	0.0	0.0
Node 2		10.91771	5.23759	2.1293699999999998	4.65658	3.54394	2.24206	3.2862	4.42986	6.8714200000000005	4.32723	4.52969	6.17257	9.29088	4.644489999999999	1.36832	9.31691	3.8551599999999997	3.68085	8.04645	3.0625	0.0	0.0	0.0
Node 194		6.08205	6.1522	4.28282	4.27844	5.79107	5.76806	6.442670000000001	5.68178	4.26911	8.77612	6.754690000000001	3.4135199999999997	3.93159	4.36091	6.947430000000001	0.0	3.8379299999999996	7.116029999999999	3.66012	1.74085	0.0	0.0	0.0
Node 3		4.05995	5.4925500000000005	7.547860000000001	3.97466	5.09931	2.7948299999999997	6.50737	8.04715	4.37826	9.18772	9.275229999999999	3.02054	7.29452	3.39652	6.85807	3.43951	3.7711799999999998	3.02083	3.88943	0.7885700000000001	0.0	0.0	0.0
Node 147		6.78184	7.00392	6.42832	4.99717	3.77081	8.078009999999999	7.3707400000000005	6.64432	8.335560000000001	6.0868400000000005	7.283639999999999	5.60793	7.7806299999999995	5.4688300000000005	8.343639999999999	6.980519999999999	4.82965	5.65366	6.3748	2.52942	0.0	0.0	0.0
Node 90		3.6846499999999995	7.0247	6.9803299999999995	5.7367099999999995	12.37276	4.49569	5.01867	4.80298	6.42907	8.636660000000001	5.82605	3.38279	7.20624	6.01851	5.86387	6.15879	3.8548999999999998	4.9521999999999995	3.8669599999999997	1.7403600000000001	0.0	0.0	0.0
Node 41		5.72785	5.817399999999999	6.605659999999999	4.67804	7.13958	6.76877	4.06144	5.85905	2.97283	6.07539	6.21394	7.25326	7.38154	2.46403	8.83088	5.58485	4.342490000000001	4.90519	4.992570000000001	1.74085	0.0	0.0	0.0
Node 72		4.38438	6.8048	4.94778	4.9710600000000005	2.13683	7.49846	5.01978	7.78303	4.37627	5.413670000000001	10.31569	5.324990000000001	5.30003	2.12919	10.541269999999999	5.3123499999999995	6.50674	5.06523	6.62552	2.30614	0.0	0.0	0.0
Node 91		7.729659999999999	3.5713799999999996	4.98935	1.89689	8.341940000000001	5.73221	5.22545	6.51158	5.50664	6.3635399999999995	5.61285	3.1331900000000004	8.15232	8.94616	2.3226	3.78953	6.31448	1.58616	2.7505800000000002	0.8099999999999999	0.0	0.0	0.0
Node 136		7.59187	7.11828	5.63187	3.79959	5.29485	7.14631	4.91799	3.40359	3.9002299999999996	3.3965500000000004	5.20521	2.2905100000000003	1.9788900000000003	6.35477	7.85407	7.048830000000001	3.62861	4.251110000000001	3.6795500000000003	2.86016	0.0	0.0	0.0
Node 38		7.434	5.89779	6.7308	5.93973	11.4623	7.358879999999999	3.65788	1.5879899999999998	4.37017	7.8191999999999995	2.82807	4.04959	7.1106799999999994	6.29534	9.92225	8.2826	6.0335	3.9897	3.45115	0.53308	0.0	0.0	0.0
Node 27		4.19485	7.085710000000001	6.38223	6.280479999999999	5.96014	4.60842	2.77034	6.02078	6.2048499999999995	3.13171	1.8570300000000002	5.48029	4.11197	5.20458	2.41186	5.29443	8.84911	4.336679999999999	6.34164	1.86121	0.0	0.0	0.0
Node 158		5.43239	7.20549	5.41871	4.76814	4.553249999999999	6.24567	6.018140000000001	1.48443	1.86571	4.691809999999999	4.89942	2.31637	4.13661	4.51616	10.927430000000001	4.85983	2.87562	1.93342	4.33064	1.32165	0.0	0.0	0.0
Node 1		4.17603	8.52851	4.69292	6.409389999999999	1.41118	7.99359	5.85044	6.46434	4.85736	5.90523	6.290039999999999	4.84448	5.50819	4.40944	7.1299600000000005	2.47227	2.9673000000000003	5.43572	5.01581	1.86121	0.0	0.0	0.0
Node 115		7.1243	7.6447899999999995	3.03055	4.83102	5.09943	9.768400000000002	2.0584000000000002	4.47529	1.39451	5.87988	6.17456	4.16372	5.97265	4.44113	7.2448	3.8478199999999996	5.11557	6.32306	5.55297	1.86121	0.0	0.0	0.0
Node 140		6.43865	6.4397899999999995	8.15372	5.58353	6.216	2.8378400000000004	5.62213	6.28713	3.5653799999999998	6.48986	10.24846	2.6849499999999997	6.13113	3.6027000000000005	7.756639999999999	3.89561	3.96485	5.45828	2.0335	1.46344	0.0	0.0	0.0
Node 171		6.7541400000000005	7.78513	10.65486	5.71254	6.03996	4.0842	1.98252	8.2428	0.0	5.981199999999999	6.9413100000000005	2.87527	5.8259	4.1683900000000005	7.598409999999999	5.149	7.08729	4.4945699999999995	6.517480000000001	2.98101	0.0	0.0	0.0
Node 65		6.0104299999999995	4.79322	0.62761	6.981229999999999	7.52853	8.04858	6.81461	7.73876	1.19927	2.19786	5.4641399999999996	2.4263	8.02315	4.2478299999999996	4.3858	3.27293	3.2077500000000003	5.67955	3.51864	0.9303600000000001	0.0	0.0	0.0
Node 11		4.48827	6.55673	6.03744	4.36792	4.95369	8.16634	3.43832	7.37401	2.85013	4.839700000000001	3.8005400000000003	4.48012	7.872229999999999	3.77557	4.35879	2.6206400000000003	2.4680500000000003	4.35877	3.01823	2.27344	0.0	0.0	0.0
Node 16		2.79284	7.7258	6.81832	5.7097299999999995	7.0563899999999995	4.67336	5.62496	7.14587	4.57317	4.9527	4.7071000000000005	3.92944	5.06319	8.160689999999999	2.12608	5.44867	5.98435	9.41585	2.26394	1.71893	0.0	0.0	0.0
Node 139		5.54195	3.9830699999999997	4.65615	4.40563	5.04182	7.33977	6.70955	8.783009999999999	3.6884	3.61665	8.76337	7.28695	5.7109	7.15677	7.432950000000001	7.859330000000001	7.07255	3.02418	4.92451	2.52942	0.0	0.0	0.0
Node 151		3.89058	5.38309	4.75535	4.6412700000000005	6.16422	1.32877	3.87204	0.95414	6.2706100000000005	6.9265099999999995	4.03523	4.627400000000001	3.78185	2.61802	7.597510000000001	8.847520000000001	2.98487	2.8166900000000004	5.70408	0.0	0.0	0.0	0.0
Node 167		0.73257	7.476570000000001	9.46452	6.1695899999999995	1.23372	8.401440000000001	6.95787	6.93997	3.1047700000000003	6.979979999999999	6.55937	5.5871900000000005	4.00743	4.24566	7.7177	1.9705899999999998	4.0313799999999995	8.15786	4.31958	1.86121	0.0	0.0	0.0
Node 149		3.90721	7.6729400000000005	1.9912400000000001	4.848	5.33545	3.8360199999999995	3.23694	4.01666	4.23086	8.69724	7.67358	2.75934	2.98137	7.06195	10.0928	5.2868699999999995	6.066	5.44916	3.2561199999999997	2.52893	0.0	0.0	0.0
Node 59		8.46172	7.163269999999999	5.40324	3.62831	2.66439	7.30508	2.72505	5.0839	5.53675	6.8833400000000005	5.10784	3.46462	5.085640000000001	3.0438300000000003	6.3829899999999995	7.110950000000001	6.86966	3.97939	3.3837399999999995	0.0	0.0	0.0	0.0
