Node 64		5.68918	5.32541	7.90872	0.89225	6.972200000000001	4.61102	10.31364	8.37243	5.83431	6.724430000000001	6.341189999999999	10.04577	3.72963	3.70508	8.87163	6.0831	5.28775	8.231860000000001	5.16439	1.7403600000000001	0.0	0.0	0.0
Node 47		5.521990000000001	6.555420000000001	4.31171	7.186579999999999	7.21256	7.32648	3.8549100000000003	5.73341	7.53731	8.358970000000001	5.32112	4.781090000000001	5.1126	6.1534699999999996	4.80989	6.71065	5.71283	6.781610000000001	5.93215	1.51708	0.0	0.0	0.0
Node 139		9.08757	6.847849999999999	7.17882	3.4324	6.888199999999999	5.33012	4.49946	6.48942	8.424199999999999	8.00504	6.70069	5.5613	7.767359999999999	6.80766	6.8981	8.80387	4.74628	8.09443	4.4142399999999995	0.9308500000000001	0.0	0.0	0.0
Node 17		6.98512	6.04674	7.88103	8.54308	4.7161	3.53033	2.47319	8.04116	4.908939999999999	5.28365	5.29408	6.01283	11.1019	7.24722	4.06035	7.27177	7.56408	4.94672	2.9858200000000004	2.67121	0.0	0.0	0.0
Node 190		4.36548	6.12719	5.31621	7.035869999999999	5.373209999999999	6.06342	6.856339999999999	7.73723	5.20775	5.46985	6.312329999999999	6.04209	4.608219999999999	4.245419999999999	4.22708	7.22729	1.9333900000000002	3.5544	3.56729	2.27344	0.0	0.0	0.0
Node 85		8.04533	9.56056	4.8992	9.301039999999999	6.14841	7.05731	4.98947	9.544	4.64044	4.83387	6.99226	6.44151	8.1568	3.8706400000000003	6.26661	6.31291	7.98118	9.06475	3.62464	3.7695800000000004	0.0	0.0	0.0
Node 157		5.63355	5.00696	7.28398	6.9384500000000005	4.1483	3.12096	9.64503	4.6399099999999995	4.64953	7.0525199999999995	7.57131	4.53492	8.15437	4.83021	4.01527	9.43379	8.29307	7.18809	5.96659	0.0	0.0	0.0	0.0
Node 113		4.08814	6.837129999999999	5.14704	4.34758	4.63415	3.69553	6.94949	6.354799999999999	8.332040000000001	4.23897	6.49523	4.60092	7.44735	6.846919999999999	6.23681	8.51182	4.11378	4.7261299999999995	5.9861200000000006	1.86121	0.0	0.0	0.0
Node 28		7.54239	4.8807	6.58534	5.83575	11.174290000000001	5.304119999999999	8.128639999999999	4.06904	4.82574	7.21605	8.04468	6.38078	5.95198	4.7621400000000005	4.42337	8.174109999999999	6.566859999999999	4.87741	6.46626	2.30565	0.0	0.0	0.0
Node 174		6.16252	2.6689000000000003	4.76731	8.83821	5.50927	4.64095	5.6132	7.59352	7.69479	4.96174	10.8743	11.51969	7.386189999999999	2.6400699999999997	8.19985	9.997200000000001	8.48202	6.11611	2.1538600000000003	0.9308500000000001	0.0	0.0	0.0
Node 185		3.04127	7.189030000000001	6.1095299999999995	4.97397	6.17615	4.8286500000000006	2.74293	9.78375	7.042370000000001	5.54049	7.652240000000001	7.35263	6.323040000000001	4.59681	6.334639999999999	8.12262	6.812709999999999	4.91796	5.35871	1.71893	0.0	0.0	0.0
Node 108		7.77259	4.18321	5.38739	8.776299999999999	4.00926	5.5651	5.8382499999999995	6.62909	7.4848	7.90352	4.24106	6.32443	9.01695	6.543690000000001	7.5445899999999995	4.71679	7.25537	4.6419299999999994	3.7033000000000005	0.9303600000000001	0.0	0.0	0.0
Node 22		3.31372	5.2480199999999995	5.3203	5.640359999999999	3.2748199999999996	5.6818	2.856	9.308679999999999	3.9224099999999997	5.55263	6.49994	4.96279	3.5666499999999997	4.93896	4.06318	8.26099	3.7454	4.96111	4.18223	3.45978	0.0	0.0	0.0
Node 95		5.25556	2.22268	2.28924	8.19679	8.66002	7.60044	2.69139	9.247020000000001	9.56915	4.36615	4.13429	8.440259999999999	9.14809	6.605410000000001	4.92434	9.43239	5.25673	6.8106100000000005	6.43614	1.5985699999999998	0.0	0.0	0.0
Node 153		4.76429	8.04652	4.633319999999999	10.99788	3.88209	7.97171	4.44035	6.15913	3.24294	5.67554	11.6073	6.295439999999999	6.509080000000001	6.4089599999999995	7.104240000000001	6.00325	8.08852	6.25595	7.35355	0.9303600000000001	0.0	0.0	0.0
Node 66		7.418329999999999	6.239730000000001	3.2303100000000002	4.6312	8.7225	4.87562	7.60535	4.155530000000001	7.1240499999999995	6.40831	5.9407000000000005	7.005319999999999	9.6161	3.67182	9.43249	7.97944	5.35048	6.18553	3.3964000000000003	0.0	0.0	0.0	0.0
Node 21		5.56674	4.77389	3.5738899999999996	4.60729	3.7724800000000003	7.357139999999999	4.37371	7.396129999999999	6.617900000000001	6.873029999999999	6.32383	8.51938	6.47611	1.28027	6.40558	5.92492	8.05068	2.11667	5.21919	0.0	0.0	0.0	0.0
Node 53		7.60011	7.77987	8.333400000000001	6.09746	6.23794	2.6218000000000004	3.74627	8.35377	7.65212	5.98878	7.73246	7.66076	7.71751	3.5283599999999997	8.32158	5.49476	8.00931	4.98409	8.85703	0.8099999999999999	0.0	0.0	0.0
Node 169		5.95633	3.4637300000000004	5.63425	5.91838	5.64189	5.1189	7.76743	8.61065	6.9484900000000005	2.6695900000000004	6.94057	7.32608	5.11583	5.424169999999999	7.97668	9.61581	9.34362	9.54011	6.642430000000001	2.13165	0.0	0.0	0.0
Node 186		7.6750799999999995	10.75372	8.61412	4.62539	8.99062	9.91921	6.613370000000001	8.31982	2.72219	2.99586	4.43334	4.91539	8.29553	4.25818	5.99759	6.19993	7.05406	4.78864	5.98594	3.9928600000000003	0.0	0.0	0.0
Node 103		9.373040000000001	7.38263	5.008520000000001	4.41835	5.3293800000000005	8.10417	3.5777799999999997	7.982939999999999	4.70273	4.281129999999999	7.084949999999999	8.38194	8.93484	4.71849	6.526510000000001	4.08852	5.11053	5.05302	4.04359	0.9303600000000001	0.0	0.0	0.0
Node 127		5.14939	6.9123	3.80374	8.25283	7.7388200000000005	3.88622	5.96948	9.276950000000001	5.62313	4.39096	9.395050000000001	4.51795	7.050770000000001	5.25678	6.68769	9.13129	6.9048300000000005	4.751989999999999	10.00671	3.11565	0.0	0.0	0.0
Node 198		9.19131	6.33545	6.17516	2.17624	6.928579999999999	8.51918	5.6879100000000005	7.54823	6.691800000000001	3.1758599999999997	7.45752	5.99378	9.30008	5.83568	6.154599999999999	4.03576	5.12525	6.8363	2.94243	0.0	0.0	0.0	0.0
Node 194		6.38038	6.0083400000000005	6.16837	6.813130000000001	8.57281	4.86334	7.15089	7.13194	2.7716399999999997	5.18258	7.4014999999999995	5.77332	4.93059	7.298350000000001	4.87321	11.63449	4.9909099999999995	9.13938	5.73384	0.9308500000000001	0.0	0.0	0.0
Node 150		5.59747	6.88694	8.841050000000001	8.03114	7.80934	7.98637	4.46856	5.61355	9.47347	6.19558	8.40488	6.84194	6.03174	2.59515	4.41573	8.27128	8.6105	10.60026	7.253900000000001	0.0	0.0	0.0	0.0
Node 89		3.56067	7.63583	4.39101	8.58645	6.372859999999999	9.33253	6.713470000000001	8.969489999999999	6.68516	10.66892	6.956809999999999	8.2265	7.515560000000001	3.01504	5.91263	7.25938	4.49388	7.0647199999999994	6.291149999999999	0.0	0.0	0.0	0.0
Node 92		9.05597	6.318110000000001	3.1313	10.27319	3.15636	7.7975	7.827820000000001	6.53304	5.16246	5.1627600000000005	8.05359	5.79113	6.41018	3.79048	3.99558	9.9226	6.09424	5.66341	4.72644	1.51757	0.0	0.0	0.0
Node 145		7.5386	5.07331	5.0911100000000005	4.76392	5.4960700000000005	4.03026	4.9925999999999995	5.16384	5.46245	6.79619	8.76976	6.2329	5.66135	4.58253	3.7159200000000006	9.50836	6.61402	6.10567	3.37533	1.7403600000000001	0.0	0.0	0.0
Node 50		6.74318	7.25851	6.50213	5.68803	6.63889	9.396609999999999	5.12749	3.59741	3.85956	6.87321	6.4651	5.6513	10.927439999999999	4.93216	4.2327900000000005	6.01031	8.93836	7.491630000000001	4.52403	3.11565	0.0	0.0	0.0
Node 42		3.43663	6.21756	7.46696	8.94348	7.7585299999999995	5.26988	6.18705	5.77597	5.83129	7.511379999999999	7.834389999999999	8.06049	8.850850000000001	4.28383	5.62479	11.40014	7.962719999999999	10.68737	4.3649000000000004	2.30614	0.0	0.0	0.0
Node 131		9.045309999999999	8.73721	5.6491	6.4333	6.9347900000000005	3.53654	6.991949999999999	6.989720000000001	8.061119999999999	4.022060000000001	6.2403699999999995	7.330830000000001	2.82648	4.50553	6.3760200000000005	5.75587	4.27923	5.29953	8.878020000000001	1.3967200000000002	0.0	0.0	0.0
Node 167		6.261170000000001	6.428839999999999	4.07061	7.098	6.3119	7.52293	4.33812	8.42058	5.30297	3.7104600000000003	6.08812	6.741510000000001	8.34469	7.55748	3.02312	4.02763	7.903499999999999	9.22753	3.42364	3.2365	0.0	0.0	0.0
Node 123		4.11195	4.216480000000001	5.88456	5.925890000000001	3.6890899999999998	8.40531	4.3818	6.66809	6.943689999999999	7.23839	6.19815	6.5246200000000005	8.08783	2.77988	5.20025	5.95922	5.60224	5.93794	4.328860000000001	1.7403600000000001	0.0	0.0	0.0
Node 112		7.132910000000001	6.29015	7.0925	6.93097	3.6681900000000005	6.56104	2.54817	3.81693	5.88429	6.903449999999999	7.28308	9.23347	5.33784	9.36823	7.37868	6.298489999999999	9.39286	2.3686	6.7452	0.9308500000000001	0.0	0.0	0.0
Node 10		9.11098	7.4821100000000005	5.83024	6.99753	4.63921	3.7901200000000004	5.49034	4.61955	4.7619	6.7517	5.65338	4.56989	7.12321	5.73078	7.10237	5.9352599999999995	4.9336199999999995	7.103909999999999	6.0927299999999995	0.0	0.0	0.0	0.0
Node 24		7.714930000000001	5.80752	10.07291	7.905959999999999	6.75336	5.54331	2.54448	3.33848	7.716240000000001	5.92315	6.969069999999999	6.6673	8.17529	7.62871	4.54862	9.730550000000001	12.802	6.0449	4.2112799999999995	2.39429	0.0	0.0	0.0
Node 98		7.195600000000001	7.02834	3.3119500000000004	10.3331	5.86712	4.89881	6.60902	4.1581399999999995	6.61769	8.257530000000001	7.329230000000001	6.03538	6.918290000000001	6.32978	8.81968	9.05137	5.24979	8.492130000000001	5.7823899999999995	2.52893	0.0	0.0	0.0
Node 56		5.47372	4.861420000000001	4.57028	7.8793500000000005	7.77388	5.52818	4.77667	2.8283300000000002	8.95579	6.09103	4.7204999999999995	3.5305400000000002	9.80845	6.111260000000001	9.941469999999999	7.869719999999999	11.58242	5.82681	4.87314	0.0	0.0	0.0	0.0
Node 161		7.642580000000001	1.66883	8.38325	6.60009	3.04391	6.516280000000001	7.78781	6.77295	5.11601	8.180060000000001	5.3092	7.1653400000000005	8.38482	5.32582	6.09688	10.89426	7.47236	7.514959999999999	1.9497400000000003	0.7885700000000001	0.0	0.0	0.0
Node 177		8.24133	6.20478	6.98168	7.43198	6.03313	3.6403499999999998	6.650880000000001	4.7689200000000005	2.52196	5.49356	9.72407	13.066569999999999	4.74788	5.686780000000001	9.53269	5.41784	4.32686	6.36251	3.7736699999999996	1.7403600000000001	0.0	0.0	0.0
Node 182		3.4650800000000004	5.483169999999999	6.971769999999999	4.68271	4.002730000000001	6.9398100000000005	5.43944	5.19788	6.67914	0.9180799999999999	7.915120000000001	6.3639	4.7957600000000005	8.553429999999999	6.74352	3.67549	6.34743	7.51751	6.824230000000001	1.3752900000000001	0.0	0.0	0.0
Node 11		7.297230000000001	10.71781	4.8707199999999995	10.98446	6.849619999999999	7.471469999999999	4.46754	6.3840900000000005	6.829140000000001	4.37113	10.193430000000001	2.8858	9.454120000000001	4.961539999999999	8.26979	6.779789999999999	6.837400000000001	6.2564400000000004	4.9526	0.9308500000000001	0.0	0.0	0.0
Node 65		5.34459	4.09237	4.29157	9.026869999999999	6.9107199999999995	7.97842	10.09059	4.07262	8.29594	5.76189	5.86353	7.923520000000001	7.97182	4.9864	3.15366	7.5213600000000005	4.20606	6.96232	5.367920000000001	1.51708	0.0	0.0	0.0
Node 146		3.39995	3.39316	4.92792	8.24508	7.089620000000001	5.9088899999999995	6.747680000000001	9.44951	5.9413599999999995	7.68024	4.77996	4.6585	7.63163	3.39743	5.258970000000001	5.6677800000000005	5.72423	3.45014	3.25231	0.9303600000000001	0.0	0.0	0.0
Node 59		6.65505	7.60689	5.59893	5.170170000000001	8.573020000000001	3.02635	5.54682	9.71223	5.73321	5.46094	8.80603	7.52101	7.53794	7.52462	2.8709599999999997	6.91255	10.552340000000001	6.47853	6.541569999999999	2.64978	0.0	0.0	0.0
Node 162		8.893189999999999	9.62641	6.18446	9.83864	4.892259999999999	7.259390000000001	7.4770199999999996	6.40774	8.01292	7.220269999999999	8.98706	4.9162799999999995	8.66047	6.48712	4.001989999999999	8.693140000000001	9.767109999999999	4.7753	5.46431	0.9303600000000001	0.0	0.0	0.0
Node 0		5.43217	8.971369999999999	3.32333	5.22982	5.4397	6.76657	6.73334	3.9977600000000004	4.98097	7.3475	7.25299	8.38931	7.21092	3.6971	4.75651	6.94129	7.93682	5.92207	5.30692	2.71837	0.0	0.0	0.0
Node 33		6.72827	8.35901	3.87785	7.132339999999999	3.7629	5.42223	5.61635	6.37606	8.215440000000001	8.309510000000001	7.31497	6.92581	7.50993	5.81492	8.32398	7.41908	8.498619999999999	10.14692	3.6363399999999997	1.71893	0.0	0.0	0.0
Node 110		4.10747	4.65773	6.80392	5.89019	9.82488	1.9939599999999997	3.5100100000000003	4.88192	4.37853	7.75145	5.85642	5.40972	8.68141	7.0237099999999995	5.9241399999999995	9.83318	13.42246	3.84372	6.57416	2.32757	0.0	0.0	0.0
Node 178		7.32875	10.15135	2.93668	8.10425	5.9949200000000005	3.73951	6.93694	4.264670000000001	4.72607	2.52375	7.92561	10.57063	7.16354	6.974819999999999	4.55664	3.8161599999999996	7.64717	7.93036	4.22506	1.7403600000000001	0.0	0.0	0.0
Node 72		5.94794	6.072629999999999	3.7440599999999997	3.8621999999999996	6.22289	1.6652099999999999	4.462470000000001	7.7811900000000005	9.12706	4.35764	5.469609999999999	6.720829999999999	7.42733	6.905119999999999	4.65931	7.376180000000001	6.19606	6.20808	3.43264	2.27344	0.0	0.0	0.0
Node 99		6.06837	7.37548	5.9362699999999995	6.96056	6.975910000000001	8.521049999999999	4.27852	6.79425	5.2674199999999995	6.35092	6.44482	6.611649999999999	10.187759999999999	4.7679800000000006	8.51391	7.919700000000001	7.79056	7.265639999999999	2.54365	2.32757	0.0	0.0	0.0
Node 96		7.5926599999999995	5.62738	8.500480000000001	4.22239	4.95038	5.63495	6.55545	4.91247	5.04188	4.995	5.50879	7.2265	9.5885	3.5961600000000002	5.8763000000000005	6.6646	6.08947	2.64507	7.280119999999999	0.9303600000000001	0.0	0.0	0.0
Node 74		5.37425	6.9843399999999995	8.29471	9.636840000000001	6.08878	9.03561	7.516539999999999	7.812080000000001	6.0428500000000005	2.98725	7.209309999999999	8.83971	5.4136299999999995	6.05747	6.75394	10.063329999999999	6.64603	3.79356	3.95915	0.0	0.0	0.0	0.0
Node 16		8.40177	7.28259	8.30031	2.99628	5.58173	8.29792	5.71995	4.78092	6.414540000000001	5.86072	4.6698200000000005	7.48665	4.0010200000000005	7.37763	9.97185	6.0336099999999995	6.61019	3.47384	5.2441	0.9303600000000001	0.0	0.0	0.0
Node 93		5.75501	4.2249099999999995	7.07425	10.09967	6.905849999999999	8.06202	6.592820000000001	9.84864	5.583670000000001	9.33177	7.11782	6.9515400000000005	8.196670000000001	4.67848	6.717180000000001	3.51485	11.01919	7.87636	6.63642	0.9308500000000001	0.0	0.0	0.0
Node 70		3.3711400000000005	6.66991	8.13851	5.94237	4.4843	7.98742	4.31999	3.88523	4.39569	5.421469999999999	8.94056	4.70581	6.03926	5.69588	4.5015	6.82538	3.9025499999999997	10.866530000000001	6.472930000000001	2.44793	0.0	0.0	0.0
Node 78		3.3290599999999997	6.944980000000001	5.56513	7.504859999999999	4.80706	3.67421	6.8650400000000005	4.23144	3.45771	6.96782	8.2897	5.14959	7.89262	8.26292	5.87349	8.15929	6.8431500000000005	4.7997499999999995	3.2095	2.27344	0.0	0.0	0.0
Node 57		7.42855	7.59509	5.21655	5.59335	7.2123800000000005	3.83979	5.46273	5.89123	5.29814	4.47353	7.94017	5.138	6.68618	4.87115	5.62148	5.91033	6.29697	8.22894	3.2004799999999998	0.53308	0.0	0.0	0.0
Node 41		7.053170000000001	4.89665	5.89257	5.49171	8.55906	5.34347	4.63206	6.406739999999999	7.65031	8.35906	2.92814	4.17858	4.48154	7.27321	4.5514600000000005	3.51748	3.21748	4.73911	2.8252200000000003	1.74085	0.0	0.0	0.0
Node 31		8.41769	4.38635	4.77037	3.89467	3.85251	8.09769	3.30338	7.03868	6.04432	3.87707	8.0625	5.48608	6.3375699999999995	6.4676800000000005	9.063839999999999	5.83071	7.6749	5.09344	8.3731	3.79101	0.0	0.0	0.0
Node 137		3.53954	6.408460000000001	5.23036	7.94484	6.07006	6.734859999999999	5.73234	6.22732	5.8533	7.34064	6.65201	6.509869999999999	7.2815900000000005	6.57667	7.54103	8.24176	4.80483	3.15921	5.15254	2.30614	0.0	0.0	0.0
Node 60		6.336269999999999	6.76387	2.45401	5.58839	6.71302	6.58294	6.5803899999999995	5.64241	9.26769	4.52882	7.55933	3.8715399999999995	5.84691	7.32115	3.72153	5.95049	2.2426399999999997	4.64693	3.87624	1.7403600000000001	0.0	0.0	0.0
Node 181		5.3514	5.97032	7.4259699999999995	2.59267	4.47701	8.57517	6.348339999999999	6.66074	8.47301	6.79777	5.66525	4.49404	6.73433	7.88649	6.29428	7.79092	10.5168	5.59189	3.6587500000000004	0.0	0.0	0.0	0.0
Node 142		4.16327	3.81731	6.58261	4.19866	8.34954	1.8035700000000001	5.03511	9.1422	5.89348	4.79894	8.698269999999999	6.41505	6.38084	9.09873	9.105599999999999	8.28297	11.67931	4.89046	3.71832	0.8099999999999999	0.0	0.0	0.0
Node 83		6.5102400000000005	6.44767	4.98534	5.72161	7.49662	5.10436	6.6480999999999995	5.39694	6.39115	3.8317900000000003	5.48037	9.774	5.59019	5.88584	7.12434	7.4546600000000005	6.18251	6.342689999999999	6.85472	2.05016	0.0	0.0	0.0
Node 88		8.12172	9.81935	6.7261	8.03114	4.78796	6.49835	6.91135	3.47136	6.4364799999999995	6.56906	5.148289999999999	6.26017	7.345129999999999	4.93964	4.17731	8.45179	2.63868	4.55129	6.72397	0.8099999999999999	0.0	0.0	0.0
Node 23		2.4427999999999996	6.463430000000001	7.73022	9.207419999999999	5.36769	5.50242	4.95343	4.92911	5.09642	6.30757	7.507320000000001	7.475759999999999	4.37944	4.43234	5.149299999999999	5.97755	6.8136600000000005	1.30925	9.86443	1.74085	0.0	0.0	0.0
Node 196		7.358149999999999	10.29772	3.21476	5.56862	6.0542	6.59554	4.9682200000000005	6.08602	4.47152	3.1538700000000004	3.07716	6.57233	7.88696	8.17818	6.048909999999999	5.39872	9.18702	6.32828	1.37344	2.67121	0.0	0.0	0.0
Node 175		7.53944	6.44864	8.339920000000001	8.58742	6.39959	4.87562	3.50556	6.894150000000001	7.5266399999999996	8.36697	9.405149999999999	4.109929999999999	4.95904	8.05936	4.61731	10.79633	6.91358	5.4034699999999996	3.67732	1.74085	0.0	0.0	0.0
Node 191		8.62784	7.464320000000001	1.76172	6.32718	6.46378	7.272589999999999	7.35952	6.06743	4.18133	5.78551	7.65928	6.79551	6.5235	9.37171	6.48661	8.92741	5.8938999999999995	4.13656	7.0868899999999995	2.67121	0.0	0.0	0.0
Node 132		6.12135	6.79878	9.85988	4.5106	5.4004	7.0674399999999995	5.80851	5.76363	6.37861	5.646	7.2366600000000005	8.75202	7.8769599999999995	4.21469	6.44758	7.631780000000001	8.64303	6.911249999999999	4.55844	1.74085	0.0	0.0	0.0
Node 26		6.538349999999999	11.137229999999999	5.07664	6.519419999999999	4.817699999999999	3.6257699999999997	5.236070000000001	8.09277	3.443	5.55278	1.7410700000000001	8.30475	6.335159999999999	5.64925	7.391490000000001	7.252980000000001	6.769450000000001	4.69947	3.3876000000000004	0.9303600000000001	0.0	0.0	0.0
Node 79		4.9276599999999995	7.150370000000001	3.33706	6.47106	5.71965	6.4507200000000005	7.7213199999999995	6.1713	7.52111	8.215110000000001	6.1428	5.867929999999999	8.56743	3.39439	8.58366	9.1754	7.66463	3.98325	1.46393	0.0	0.0	0.0	0.0
Node 188		3.89197	4.70653	5.26109	6.852790000000001	3.70812	7.2291099999999995	6.78994	8.31754	8.11197	7.08358	4.33779	7.07073	5.64112	6.71902	4.65163	11.22625	5.85625	5.50281	2.12588	1.86121	0.0	0.0	0.0
Node 193		4.3095	6.29685	7.24252	4.01824	6.452529999999999	4.67781	6.44626	9.63799	4.89378	4.84583	8.20919	6.55573	10.11305	6.18548	3.37668	10.30442	9.07656	3.7427200000000003	4.24891	3.64873	0.0	0.0	0.0
Node 125		5.45245	8.4475	8.82863	4.86992	6.489739999999999	8.07699	6.01624	9.54257	5.26179	6.38045	6.35497	3.7139800000000003	4.34579	4.60884	8.06871	7.45678	6.68745	3.69337	7.27798	1.71942	0.0	0.0	0.0
Node 151		5.03641	8.96003	8.42703	12.17663	7.25157	4.753369999999999	6.35217	6.3749899999999995	7.195690000000001	5.74733	8.9253	4.10313	3.7601799999999996	6.57221	8.00955	6.149290000000001	6.6062899999999996	7.120750000000001	5.1592199999999995	3.11565	0.0	0.0	0.0
Node 1		3.5548499999999996	6.510059999999999	5.19378	5.20452	6.885009999999999	5.59365	4.22042	5.96835	4.96706	6.69801	7.7665999999999995	9.62698	9.205729999999999	9.506	7.73677	7.518039999999999	4.3663300000000005	9.18672	3.30294	1.5985699999999998	0.0	0.0	0.0
Node 12		10.094759999999999	6.70069	3.27992	9.315199999999999	5.86583	2.54055	7.91633	8.145249999999999	8.91797	5.95165	9.9151	7.31312	6.569999999999999	4.2295	5.21174	7.3443	7.868899999999999	3.8699999999999997	6.977899999999999	2.18529	0.0	0.0	0.0
Node 144		7.418470000000001	7.13213	7.382750000000001	5.4264600000000005	5.311	9.64288	4.43321	4.9272	4.3113600000000005	5.52501	7.447710000000001	9.25065	8.26941	4.650180000000001	10.01953	9.15666	7.99378	6.95663	3.91093	0.9308500000000001	0.0	0.0	0.0
Node 140		5.2205	9.113430000000001	3.40173	3.58515	4.77412	4.706119999999999	7.95542	5.96009	5.54143	7.14747	7.40947	7.5950299999999995	6.676070000000001	4.19489	3.72851	8.17848	7.637449999999999	7.70605	2.0279599999999998	0.0	0.0	0.0	0.0
Node 77		5.83565	6.6177399999999995	8.48593	9.60355	6.64815	5.93502	4.44773	11.20099	6.05447	7.452209999999999	6.908250000000001	5.38135	6.71346	6.92718	6.33073	10.342229999999999	8.72513	6.0258199999999995	4.45379	0.53308	0.0	0.0	0.0
Node 7		4.10693	3.3426400000000003	5.487299999999999	8.67676	9.4446	3.42677	4.36474	5.6155	5.04702	7.35497	6.32716	5.94664	8.37556	6.09255	6.34409	0.75483	7.783270000000001	9.38514	5.2616000000000005	2.13165	0.0	0.0	0.0
Node 143		6.5207299999999995	8.95927	6.835140000000001	6.5981	6.8496500000000005	3.6179799999999998	5.31172	5.30517	5.41667	4.63566	5.9809399999999995	4.82221	4.5141599999999995	4.80469	8.08172	7.55455	7.3168	5.29007	6.70263	1.74085	0.0	0.0	0.0
Node 18		6.35304	7.41098	6.11768	9.04098	6.34422	8.3092	6.44293	4.82582	6.825970000000001	5.696330000000001	4.73154	7.42544	8.144400000000001	8.72821	7.97843	7.52684	7.72742	6.50714	1.8769799999999999	0.0	0.0	0.0	0.0
Node 32		8.02837	7.05978	6.95732	7.030450000000001	3.91098	4.3289	4.3281	6.712540000000001	3.59706	5.5339	8.61813	7.39171	3.6960699999999997	4.63157	5.22239	8.42362	3.99583	6.672210000000001	7.11192	1.86121	0.0	0.0	0.0
Node 38		4.79575	7.05172	2.69851	5.41909	6.07457	4.245340000000001	5.0950299999999995	3.5251200000000003	5.42978	8.91429	7.60705	5.86567	4.523689999999999	7.6977	7.980919999999999	3.9687600000000005	5.5217	6.545629999999999	6.89051	0.7885700000000001	0.0	0.0	0.0
Node 2		10.83288	5.5143699999999995	5.46743	6.57741	5.02353	7.63553	3.93667	7.15678	3.05914	5.43009	2.8781600000000003	8.36064	2.61419	3.7923	4.47578	9.349929999999999	6.76206	5.2395	6.17936	3.20429	0.0	0.0	0.0
Node 180		7.0287299999999995	5.932230000000001	7.92744	6.647010000000001	7.54971	5.7349499999999995	4.3711899999999995	6.65665	7.5023800000000005	5.51535	10.17313	9.23723	8.34378	4.402629999999999	7.69674	5.90597	5.438429999999999	6.6647799999999995	4.0948	1.5985699999999998	0.0	0.0	0.0
Node 48		4.483079999999999	4.5587	2.4894	5.71773	7.76435	7.359319999999999	5.84521	3.40463	7.58473	3.2460500000000003	8.05184	5.77469	6.80017	6.13036	6.257300000000001	6.532449999999999	9.27511	8.61228	5.77423	2.86016	0.0	0.0	0.0
Node 147		8.31049	5.78292	6.483129999999999	2.37677	7.9744399999999995	3.8737500000000002	8.57363	4.43356	7.165649999999999	5.9684	5.77581	8.8008	5.396809999999999	5.103739999999999	5.6473	7.71265	7.660019999999999	5.88104	2.58999	3.64873	0.0	0.0	0.0
Node 55		2.76082	8.24305	6.8226700000000005	7.64663	8.419319999999999	5.56965	5.63483	5.2049900000000004	7.1745600000000005	5.41171	4.48379	5.67377	5.1406	5.22421	6.4467099999999995	8.02895	7.61646	5.75346	5.57726	1.74085	0.0	0.0	0.0
Node 46		3.60293	6.458469999999999	5.13928	9.661010000000001	7.11454	5.0968800000000005	10.26757	6.7114199999999995	6.440600000000001	3.23025	4.9856	5.80694	8.6382	8.01613	7.760759999999999	4.88119	10.11068	8.53319	0.7885700000000001	0.8099999999999999	0.0	0.0	0.0
Node 58		4.38527	4.64215	5.87098	6.847169999999999	5.02501	5.45403	4.229	8.60162	6.83531	3.82274	6.1065000000000005	3.36063	9.12361	4.87311	5.79117	7.15382	9.46404	7.385020000000001	7.7745	0.8099999999999999	0.0	0.0	0.0
Node 195		5.35386	7.29547	6.98517	5.81316	4.63628	7.7386	5.3691	5.488040000000001	6.48427	9.204930000000001	11.022590000000001	2.8260199999999998	7.8185199999999995	5.44557	4.65931	7.25449	6.67111	7.64096	2.53233	1.86121	0.0	0.0	0.0
Node 54		4.97468	5.21302	9.25237	7.221769999999999	7.66726	3.7578899999999997	8.13377	5.04916	7.101490000000001	6.43027	9.80922	6.52793	7.5222	8.998299999999999	6.14374	7.1866	8.33209	6.976240000000001	5.3222	1.71942	0.0	0.0	0.0
Node 164		4.82017	6.97825	3.91082	6.096979999999999	6.9041500000000005	8.81367	5.75298	4.07287	7.29465	4.50411	5.42893	4.82814	6.4936300000000005	3.38981	11.97325	9.20775	4.29146	4.91457	4.41209	0.9308500000000001	0.0	0.0	0.0
Node 25		6.915889999999999	7.6011	2.5800300000000003	4.53094	5.5623	4.79178	5.2950099999999996	6.489649999999999	4.47134	11.302819999999999	8.695590000000001	5.57753	3.80947	5.45263	6.413399999999999	5.70511	5.48071	3.30473	2.26154	1.74085	0.0	0.0	0.0
Node 168		7.8556799999999996	3.81219	4.73318	8.265889999999999	5.32843	3.2018699999999995	4.44773	5.27194	7.5723	4.29938	6.04612	5.70984	6.17287	5.04798	7.35535	6.975059999999999	8.431859999999999	4.072979999999999	4.4372	0.0	0.0	0.0	0.0
Node 121		4.4947	5.24854	4.721299999999999	3.57021	3.8109900000000003	5.4208	6.650780000000001	5.49115	5.92668	6.74352	6.452470000000001	6.64452	5.9825099999999996	2.6016999999999997	6.72755	6.04868	6.27655	3.1487300000000005	6.87248	0.53308	0.0	0.0	0.0
Node 135		2.4545500000000002	8.57803	7.785690000000001	4.89869	5.94685	3.88377	7.509399999999999	4.91395	5.6151800000000005	6.423189999999999	7.17039	6.3104499999999994	10.91381	4.07794	5.21158	5.2783999999999995	8.93361	4.646809999999999	6.35836	0.0	0.0	0.0	0.0
Node 6		6.16939	7.89399	6.03233	8.24735	8.47116	5.33307	5.25878	6.39386	7.307569999999999	5.14519	9.69741	7.349749999999999	5.02539	9.309330000000001	7.72004	7.93036	6.9933700000000005	4.57323	5.58819	2.05065	0.0	0.0	0.0
Node 4		9.231119999999999	7.805960000000001	6.63142	8.63388	5.74027	6.296309999999999	6.07136	8.595220000000001	4.48659	5.45456	6.454409999999999	5.9928099999999995	6.692919999999999	5.44344	8.73811	5.44838	4.07146	6.41612	2.0025	1.86121	0.0	0.0	0.0
Node 63		5.80652	10.3217	7.26374	5.2203800000000005	5.1706	8.62396	6.79582	6.2691300000000005	3.2244099999999998	8.3883	7.09912	5.91148	7.823720000000001	6.162739999999999	5.53437	6.85243	6.01047	7.59576	4.11406	2.67121	0.0	0.0	0.0
Node 159		7.75015	3.00914	6.84029	8.46382	3.9777899999999997	3.05365	4.23717	5.19559	6.5482	8.38777	8.71913	4.36694	7.65376	6.77322	5.10514	4.71697	6.49651	5.48851	1.82519	0.8099999999999999	0.0	0.0	0.0
Node 61		5.30192	2.3859000000000004	6.51839	9.61341	6.96952	3.70542	6.3568299999999995	8.97515	6.49747	8.53337	10.395150000000001	8.82497	4.87889	6.15729	6.64119	6.7828	5.14275	8.64909	3.41194	3.9928600000000003	0.0	0.0	0.0
Node 69		5.72351	2.8636000000000004	5.06548	5.54809	6.4084900000000005	9.21573	3.9140300000000003	7.97616	7.076849999999999	9.66626	7.1411	6.58386	6.77574	3.41122	7.4527399999999995	4.53481	5.55223	5.00817	6.2215	0.8099999999999999	0.0	0.0	0.0
Node 73		6.5102400000000005	10.26459	4.23025	5.11673	7.65579	2.3506	8.373800000000001	5.82719	8.23962	6.21979	10.34877	8.34482	6.4004	2.20173	7.00007	4.20407	8.1123	6.54406	2.84777	1.74085	0.0	0.0	0.0
Node 130		8.92716	7.2667399999999995	6.79006	3.1401900000000005	11.11598	4.05517	5.40186	5.425	4.160620000000001	4.89189	6.0604	9.29288	3.47701	8.57203	5.493180000000001	7.2471	6.807670000000001	8.99514	6.55231	2.64978	0.0	0.0	0.0
Node 52		4.43515	6.59746	8.41122	7.4988399999999995	4.53206	4.58735	3.67274	5.35345	8.83828	6.6928	4.106669999999999	6.8926799999999995	7.21289	3.3362000000000003	5.552639999999999	9.09827	8.11118	5.854030000000001	5.397819999999999	0.7885700000000001	0.0	0.0	0.0
Node 37		5.8438799999999995	6.3439700000000006	5.28866	4.6375	6.15223	4.13397	7.813489999999999	7.36111	7.94495	6.252689999999999	7.887039999999999	5.24885	8.35405	6.97058	5.37774	8.1729	8.63527	8.115020000000001	4.82336	0.7885700000000001	0.0	0.0	0.0
Node 172		5.79315	5.46285	6.57386	8.0002	5.32198	4.61397	8.83799	4.48775	6.2917000000000005	4.33172	6.3811599999999995	6.27677	7.78702	4.89668	5.71507	6.85161	4.74959	6.10108	3.6836800000000003	1.7403600000000001	0.0	0.0	0.0
Node 91		5.3527499999999995	5.04143	6.216200000000001	5.76089	3.8295999999999997	6.21979	8.73975	4.84169	3.56989	3.66851	5.6352199999999995	6.18	5.99815	5.72388	4.76035	8.82986	8.15154	6.5905000000000005	1.2648700000000002	0.9308500000000001	0.0	0.0	0.0
Node 107		6.12506	10.73589	4.70983	7.22107	9.23784	7.007230000000001	3.50017	4.969939999999999	4.36152	4.72246	6.17937	5.45805	9.54999	5.92908	7.49293	7.00875	1.8724399999999999	7.6697299999999995	4.39515	2.64978	0.0	0.0	0.0
Node 82		5.362970000000001	3.02999	7.08695	5.88782	5.3681	5.29279	6.62907	5.44733	4.6698900000000005	5.94345	5.0381599999999995	9.4595	7.43182	4.780609999999999	5.11054	8.46849	6.66939	5.479500000000001	1.10753	1.46344	0.0	0.0	0.0
Node 94		7.1923200000000005	4.84098	5.0694	2.71408	8.05616	7.98928	5.21212	7.767150000000001	4.69809	6.22126	3.9844299999999997	7.55401	6.18229	7.290870000000001	7.65444	8.77407	2.12683	4.42187	5.99812	3.25793	0.0	0.0	0.0
Node 155		2.11363	6.27789	8.85326	6.84533	4.02503	8.28705	4.21889	5.21482	6.565060000000001	8.803709999999999	8.641119999999999	9.23444	4.58582	4.81778	4.81182	4.183549999999999	8.76331	4.62559	2.18159	2.27344	0.0	0.0	0.0
Node 104		4.37723	5.47445	4.37061	5.23451	8.57564	4.73046	5.5497	4.03008	5.35426	5.64391	10.01151	6.45534	6.48653	7.04303	6.80793	4.9149400000000005	10.63424	3.3852100000000003	6.36052	2.30565	0.0	0.0	0.0
Node 105		8.05954	8.804739999999999	4.71775	6.59859	7.34935	7.949580000000001	6.338979999999999	4.52979	4.49839	8.380360000000001	8.192720000000001	10.0848	8.137129999999999	8.64799	3.6237600000000003	8.27589	7.74187	6.11922	5.50474	1.7403600000000001	0.0	0.0	0.0
Node 90		10.66438	12.509020000000001	3.26165	7.695730000000001	6.935130000000001	5.57619	9.896149999999999	9.716750000000001	4.92702	4.16585	8.424760000000001	4.073659999999999	5.40261	6.368119999999999	3.29766	9.08488	10.44588	2.85482	2.62603	0.8099999999999999	0.0	0.0	0.0
Node 128		7.42671	6.7047099999999995	3.20728	5.56301	6.8908499999999995	6.24021	7.63804	4.94915	4.38462	7.101979999999999	7.34264	5.16758	7.65677	3.68739	7.016590000000001	6.01996	6.768409999999999	4.05466	5.75255	3.25793	0.0	0.0	0.0
Node 129		4.25568	5.23851	5.65487	6.0783	6.20594	6.546780000000001	9.791229999999999	8.0142	4.676290000000001	7.915850000000001	7.83804	5.47389	7.1701500000000005	5.7704699999999995	7.350560000000001	8.05051	6.26554	9.57131	4.25839	0.0	0.0	0.0	0.0
Node 124		9.0113	8.02495	8.9597	7.545	8.119079999999999	9.64925	4.92777	5.86469	3.42125	7.74609	7.888240000000001	6.47245	6.44584	4.0922600000000005	4.66643	3.78833	4.3488	4.41406	2.80925	0.9303600000000001	0.0	0.0	0.0
Node 163		9.10734	5.13666	5.93166	8.72706	5.7375799999999995	7.566109999999999	6.148420000000001	9.27076	7.508470000000001	8.33676	5.472980000000001	4.95428	6.856039999999999	7.49939	6.14573	8.97954	10.96523	6.93088	3.37685	2.05065	0.0	0.0	0.0
Node 189		8.57277	6.289540000000001	4.42832	2.29602	7.0449399999999995	6.3910599999999995	10.38081	7.17025	5.24484	4.65267	7.3592	6.86852	8.40316	3.68039	7.2405800000000005	5.89816	6.08695	5.471369999999999	4.50657	1.71893	0.0	0.0	0.0
Node 101		5.80652	7.219939999999999	5.094259999999999	4.37043	7.86742	5.483020000000001	4.21819	4.68793	8.49996	8.45091	5.4206900000000005	6.8533	5.61414	5.44475	4.3356699999999995	8.697420000000001	9.39639	7.57666	7.794370000000001	2.67121	0.0	0.0	0.0
Node 138		7.93868	11.01108	1.85936	5.64937	9.55172	6.87015	4.48742	8.07008	4.9017100000000005	6.94507	12.17902	7.011570000000001	5.145219999999999	6.8548100000000005	8.184149999999999	3.94536	5.241210000000001	7.70893	3.77413	0.0	0.0	0.0	0.0
Node 20		3.9786200000000003	10.092220000000001	5.4456	7.83996	5.92426	6.82719	4.83924	8.016869999999999	5.08593	6.43702	6.96517	9.53145	6.82373	5.446759999999999	6.770020000000001	5.80382	4.15251	2.06614	6.699059999999999	0.8099999999999999	0.0	0.0	0.0
Node 9		3.69189	5.26566	6.54917	5.73255	6.0649500000000005	8.108360000000001	4.67838	5.45199	6.0281	7.141369999999999	7.30464	5.72968	6.0457	4.484380000000001	3.25589	11.33766	7.30079	7.07484	1.58618	1.46393	0.0	0.0	0.0
Node 14		7.96154	8.94	3.24862	6.14593	9.63841	5.74998	7.7678899999999995	8.71402	8.01443	7.678069999999999	9.28309	8.55075	7.74547	3.0311399999999997	7.86308	8.80926	7.81501	6.419020000000001	6.9386	1.7403600000000001	0.0	0.0	0.0
Node 118		6.93934	8.600570000000001	6.793430000000001	7.01949	4.06954	8.07095	5.18485	4.75391	8.779349999999999	2.635	4.59256	7.9477400000000005	3.3005600000000004	5.6150899999999995	7.17797	5.7895	10.98653	6.0724	4.00916	0.8099999999999999	0.0	0.0	0.0
Node 184		4.22968	6.94436	7.39682	6.4195199999999994	4.37092	7.80571	3.20748	8.75477	3.38627	4.65267	3.38483	9.766210000000001	5.80958	6.72092	5.98498	7.24274	7.624709999999999	8.08156	1.80142	0.0	0.0	0.0	0.0
Node 173		7.2905999999999995	6.18129	6.86334	6.3147400000000005	5.00168	7.3418600000000005	6.0146999999999995	6.11765	6.7216700000000005	7.30547	7.42299	8.93347	9.413409999999999	4.295319999999999	4.0402000000000005	1.1576	6.81906	4.05474	3.2532400000000004	1.71942	0.0	0.0	0.0
Node 3		6.439590000000001	5.14358	4.88373	4.24412	2.09232	2.5657099999999997	2.2419700000000002	6.913270000000001	6.964230000000001	4.65927	8.9819	5.9856	3.76312	5.211679999999999	2.85804	6.19183	6.15075	6.91108	6.23197	0.0	0.0	0.0	0.0
Node 86		5.53198	4.69226	5.27998	9.0871	4.83834	7.384250000000001	6.17269	7.13037	5.77856	9.52555	5.51478	7.34394	5.99857	3.81202	7.9111899999999995	5.39719	2.0197599999999998	7.537629999999999	6.05484	0.53308	0.0	0.0	0.0
Node 100		8.90915	5.09663	8.63809	6.97188	7.943989999999999	6.6847900000000005	4.43629	8.79936	8.43898	5.86072	5.11561	4.82648	10.755090000000001	7.647710000000001	6.48525	5.425549999999999	4.11669	8.07026	4.495480000000001	1.46344	0.0	0.0	0.0
Node 36		6.024850000000001	9.55807	10.462639999999999	8.90592	4.43468	7.974870000000001	4.31694	3.5053099999999997	5.23046	9.919989999999999	6.74302	3.88234	7.47879	5.53687	10.47368	9.11388	7.36928	5.62709	4.25177	2.67121	0.0	0.0	0.0
Node 49		6.01984	3.7984700000000005	11.66405	3.7948000000000004	7.743110000000001	4.52222	4.77258	4.10706	7.88087	5.753	9.400360000000001	6.5296400000000006	7.939699999999999	4.59074	7.1372599999999995	8.13676	6.888229999999999	8.19736	3.32149	0.0	0.0	0.0	0.0
Node 136		10.391060000000001	6.01659	3.68372	7.106419999999999	7.80484	5.92902	3.6587099999999997	3.3873699999999998	4.99922	4.98779	8.50101	7.857119999999999	8.66662	4.3193	9.96085	6.809329999999999	3.9240200000000005	3.4663600000000003	6.10825	0.0	0.0	0.0	0.0
Node 76		6.45894	3.48305	2.85029	4.19226	6.84482	4.85516	5.93446	5.514539999999999	5.831440000000001	6.2965800000000005	6.90611	5.73752	5.9548499999999995	8.45995	6.27243	9.929219999999999	6.58822	6.00675	1.90837	2.52942	0.0	0.0	0.0
Node 116		10.071620000000001	3.8024799999999996	9.06258	6.9494	4.5174199999999995	4.49091	7.06148	5.987760000000001	6.882639999999999	8.86366	6.59218	7.75946	8.94967	2.58226	7.49481	6.523950000000001	7.72002	6.89252	5.09982	0.8099999999999999	0.0	0.0	0.0
Node 187		6.41721	4.5955200000000005	6.48682	5.33535	6.0236	6.49111	6.09029	6.83318	4.10045	6.39445	9.4691	5.793559999999999	5.79287	6.56548	8.087900000000001	10.45628	4.86458	4.31846	3.75619	0.9308500000000001	0.0	0.0	0.0
Node 67		8.19516	3.52052	5.98712	5.35835	8.253499999999999	4.5219700000000005	6.6748899999999995	9.07955	3.9298	6.17415	8.368879999999999	8.28056	4.919309999999999	6.473909999999999	7.934769999999999	8.91084	2.62927	6.44282	6.14051	0.9308500000000001	0.0	0.0	0.0
Node 109		3.4826900000000003	4.71634	6.30347	6.12863	11.27827	5.59529	6.703860000000001	8.43381	5.874639999999999	6.0117400000000005	7.42257	5.58063	7.1188199999999995	4.48312	6.1019499999999995	9.56319	7.2373400000000006	4.0280000000000005	7.30087	2.30614	0.0	0.0	0.0
Node 119		4.414280000000001	1.3134	9.71223	9.23318	5.62354	6.57692	6.38899	5.89116	4.62429	4.801480000000001	6.599019999999999	6.9905800000000005	6.55771	6.91353	3.4977899999999997	7.320930000000001	8.27964	5.29611	5.78217	0.0	0.0	0.0	0.0
Node 152		7.2727200000000005	5.89316	4.2818000000000005	6.7582699999999996	7.93248	5.31297	8.62019	8.22555	7.048699999999999	5.57299	6.76438	5.25531	8.953800000000001	4.95021	9.555679999999999	5.69006	4.97579	3.99497	4.14805	0.8099999999999999	0.0	0.0	0.0
Node 8		9.04422	8.13778	3.6494999999999997	9.07147	4.55422	7.4296500000000005	3.55615	7.485410000000001	5.1787399999999995	4.37871	7.061539999999999	7.26999	5.8633299999999995	5.07435	6.96244	4.09555	5.6344199999999995	4.7674	4.13755	2.39429	0.0	0.0	0.0
Node 156		7.471659999999999	6.35309	3.80954	6.3573900000000005	5.49316	6.87985	5.89074	4.85751	2.24265	6.6303	6.50721	6.75355	5.91898	5.7359599999999995	5.79469	8.71682	10.125919999999999	6.259589999999999	4.96208	0.53308	0.0	0.0	0.0
Node 39		6.293419999999999	6.16788	5.21429	7.59051	4.76115	7.28725	6.80504	7.01608	6.565269999999999	6.14966	5.56964	4.63889	6.411490000000001	9.49113	6.4019	7.2038	5.29811	4.72232	4.32095	1.46344	0.0	0.0	0.0
Node 106		5.228809999999999	7.61337	4.0178	7.73039	7.66399	6.61252	4.962	4.13399	5.89554	5.80298	7.793310000000001	9.53412	8.13594	4.43299	5.25794	7.6028899999999995	7.69666	2.9491799999999997	2.84377	3.11565	0.0	0.0	0.0
Node 120		5.66705	8.72277	4.34467	9.59291	10.09745	4.76598	5.83983	8.89779	7.41033	4.68929	7.25923	10.96707	10.93874	4.22093	3.8616200000000003	9.49423	4.53462	2.6091699999999998	5.4375800000000005	0.0	0.0	0.0	0.0
Node 183		7.8672	4.57711	8.09545	10.63938	5.26641	7.10032	4.65231	4.32853	6.28731	4.13059	4.80902	4.69928	7.51574	3.51438	3.11804	7.752090000000001	9.09188	5.52044	4.3400099999999995	0.9303600000000001	0.0	0.0	0.0
Node 192		7.532	8.51045	3.39811	9.01587	7.05381	4.00416	6.144030000000001	8.33507	4.3362	7.226349999999999	10.39219	6.09537	6.51601	4.283	3.8447799999999996	5.97877	6.03812	3.3042000000000002	2.0897200000000002	1.34308	0.0	0.0	0.0
Node 117		8.71666	10.55281	7.50564	5.21379	8.98239	6.16979	4.27682	7.71199	2.32731	4.16301	6.39707	6.26559	8.62895	4.382359999999999	2.70034	7.69223	8.39439	6.50434	2.67556	2.39429	0.0	0.0	0.0
Node 176		7.8627	8.0917	6.894260000000001	8.04299	5.98408	3.7815300000000005	3.98014	4.6105599999999995	4.78754	2.49057	7.61447	9.97363	5.51817	6.63666	6.0309	8.345790000000001	3.68987	4.9032800000000005	5.65128	1.71942	0.0	0.0	0.0
Node 199		3.43124	3.84322	4.31313	7.0469599999999994	8.112020000000001	5.006200000000001	6.0447	5.9902299999999995	6.7675600000000005	7.669420000000001	4.67859	5.1406	5.05845	4.48312	5.1922299999999995	6.3178	7.871440000000001	9.837909999999999	7.02377	2.52942	0.0	0.0	0.0
Node 133		5.30806	4.41439	3.4379600000000003	7.560490000000001	7.086290000000001	7.1669	3.1123600000000002	5.09309	3.15454	7.2416599999999995	5.59253	6.38885	6.75672	7.27531	7.88073	8.572330000000001	6.2982700000000005	5.68344	5.15252	1.7403600000000001	0.0	0.0	0.0
Node 179		4.99438	4.10027	6.366860000000001	7.40091	8.58492	5.7978000000000005	3.59279	9.91038	6.28405	4.72677	8.12899	6.663349999999999	6.604889999999999	7.213260000000001	8.19756	8.67386	5.14689	6.30005	5.02529	0.9303600000000001	0.0	0.0	0.0
Node 171		3.1764	6.70087	6.52189	6.64043	5.29579	8.6282	5.64081	5.665	8.358740000000001	6.18019	3.8886999999999996	5.94876	5.42186	9.534479999999999	4.8039	6.00868	3.01078	9.88871	6.24208	2.13165	0.0	0.0	0.0
Node 34		5.45362	6.40323	6.56757	6.39662	10.928	4.09332	8.48516	7.5713	4.07437	4.22549	6.57783	6.943720000000001	6.41063	6.73127	6.671209999999999	7.57611	10.24158	6.299009999999999	5.1667	1.7403600000000001	0.0	0.0	0.0
Node 126		8.62375	7.107080000000001	6.72785	6.97639	4.87215	2.31188	6.79865	8.92078	6.59588	4.8483600000000004	8.18435	7.11374	4.19537	10.12844	7.64301	1.65741	8.443299999999999	4.7374600000000004	5.48832	2.27393	0.0	0.0	0.0
Node 158		4.79042	8.117920000000002	6.555420000000001	8.91526	4.19351	2.3168	7.47911	9.4118	7.611809999999999	5.338	7.49857	5.05534	4.94297	5.01833	8.96891	7.22066	9.33098	5.23466	8.00187	0.7885700000000001	0.0	0.0	0.0
Node 87		3.40372	8.02825	5.49648	6.05917	3.7699999999999996	6.79829	1.63816	9.600100000000001	6.15398	7.87012	6.26377	5.73501	6.9813	9.19833	5.492	7.11858	5.70512	7.23488	3.31645	0.8099999999999999	0.0	0.0	0.0
Node 102		7.27375	7.97708	7.51314	5.419849999999999	5.55479	4.69972	5.1071100000000005	5.6310199999999995	4.18847	7.11219	10.13822	7.320450000000001	8.99764	8.49497	4.38058	6.40183	7.8948	1.30269	3.6708200000000004	0.9303600000000001	0.0	0.0	0.0
Node 170		5.69599	5.17908	7.46519	7.881340000000001	7.78138	5.50018	3.9543300000000006	5.59056	5.8356900000000005	6.9522200000000005	9.48954	7.11427	7.2541400000000005	6.52046	6.43829	6.82702	6.90317	5.34624	4.88669	2.52942	0.0	0.0	0.0
Node 27		7.23005	6.7733799999999995	1.40051	4.01081	6.91369	4.99259	6.72234	8.97355	5.82096	9.403509999999999	7.241980000000001	6.92741	6.23846	8.1504	5.38284	3.35973	3.91236	3.56026	4.14756	2.13165	0.0	0.0	0.0
Node 114		6.90499	7.206029999999999	7.61348	7.19138	5.56488	7.96999	5.07321	5.35251	2.92374	7.2232400000000005	3.4146900000000002	5.21129	7.114520000000001	3.8634099999999996	5.81463	5.9057699999999995	3.83739	3.54787	5.637840000000001	0.7885700000000001	0.0	0.0	0.0
Node 71		7.691770000000001	7.9332	7.367450000000001	6.5938	6.70959	4.77295	3.5024800000000003	9.8257	6.30844	4.97903	5.8498399999999995	6.06199	6.9917300000000004	5.702730000000001	3.55209	6.59491	3.7767000000000004	8.39315	6.9983699999999995	0.7885700000000001	0.0	0.0	0.0
Node 160		7.2035100000000005	5.76027	5.33875	8.43069	8.31428	10.788440000000001	4.31123	8.476989999999999	9.1444	6.086749999999999	5.32612	5.81727	6.216950000000001	4.3408	3.1724	6.929539999999999	7.773529999999999	6.09835	4.865329999999999	0.53308	0.0	0.0	0.0
Node 5		7.07946	6.31053	4.7389	9.18795	6.18989	6.02963	6.138380000000001	5.6613	5.43688	9.819709999999999	7.7997700000000005	7.92051	4.9320900000000005	8.28724	7.8622499999999995	7.93609	8.68368	6.89411	2.8082800000000003	2.52942	0.0	0.0	0.0
Node 44		3.44567	4.8610500000000005	8.29346	5.5196700000000005	5.2791999999999994	5.19318	6.575880000000001	3.1988700000000003	8.330540000000001	7.4917	6.19248	6.13289	7.120360000000001	7.53717	8.86174	5.62559	4.54773	5.1212	3.8958399999999997	1.5985699999999998	0.0	0.0	0.0
Node 13		7.51412	4.62664	1.8309499999999999	6.24148	8.703199999999999	4.91662	6.08363	4.7692	8.89617	4.77973	2.34538	7.86286	10.60562	4.69114	4.36469	4.63817	7.33597	1.46279	8.18632	1.74085	0.0	0.0	0.0
Node 154		5.50998	6.03765	4.68981	5.712219999999999	8.629430000000001	4.766220000000001	8.569989999999999	6.25477	5.69881	6.23649	9.210930000000001	7.77425	7.048780000000001	2.71331	4.07827	5.6350299999999995	7.270630000000001	6.85283	4.23311	0.8099999999999999	0.0	0.0	0.0
Node 84		5.49381	7.770689999999999	6.825480000000001	8.11026	8.416830000000001	6.54245	6.49242	7.70007	6.03526	7.84706	8.76365	8.316080000000001	10.99588	2.26708	5.54729	8.97391	7.34967	4.805630000000001	8.09713	3.0625	0.0	0.0	0.0
Node 97		4.8366	5.764480000000001	5.06336	6.75	7.826560000000001	7.43172	4.45046	3.5744100000000003	7.032030000000001	4.30858	8.60099	3.97365	4.86229	6.6227599999999995	2.3638	5.60823	3.7363100000000005	4.5293	9.67184	0.9303600000000001	0.0	0.0	0.0
Node 19		3.02701	9.3765	8.44629	6.75926	4.8556799999999996	4.28146	4.54288	6.12824	8.80819	5.16699	5.23917	7.11324	5.39287	4.48724	9.77815	7.8498399999999995	10.26924	4.6790400000000005	4.79173	0.0	0.0	0.0	0.0
Node 75		7.127650000000001	7.714269999999999	3.68326	4.51542	7.9166799999999995	3.14273	6.1586099999999995	10.2897	4.67476	6.130850000000001	6.5114	3.79767	10.76692	4.89688	7.504859999999999	8.68349	3.99017	9.39869	8.08855	1.5985699999999998	0.0	0.0	0.0
Node 30		6.01765	5.68313	4.83843	2.95648	5.11101	7.79161	7.683860000000001	5.52104	6.599480000000001	6.14862	7.150430000000001	4.11365	8.6501	7.29561	8.19756	8.67326	5.69053	6.28011	5.876060000000001	0.0	0.0	0.0	0.0
Node 165		7.9922699999999995	5.51234	4.4828	3.01309	6.88975	7.67359	4.3874	6.50197	7.798579999999999	8.54017	8.129309999999998	7.68264	3.15842	4.55337	6.70848	6.03658	8.09088	8.21144	2.7711	0.9308500000000001	0.0	0.0	0.0
Node 62		8.37405	9.93305	2.30878	7.77602	6.698569999999999	7.338260000000001	8.6655	10.274610000000001	6.57672	7.23965	8.035200000000001	4.69602	5.1353	6.20906	3.56593	7.17898	6.67335	7.07301	6.54511	2.67121	0.0	0.0	0.0
Node 122		5.48428	3.4577299999999997	5.64938	5.77597	6.49715	7.7285	3.8975000000000004	7.14761	2.8951700000000002	2.9843	7.46106	6.49706	5.27574	2.56493	6.38256	8.459859999999999	8.51064	4.642530000000001	4.07714	0.9303600000000001	0.0	0.0	0.0
Node 35		0.68834	6.15931	3.72293	5.12591	7.10355	4.87309	6.2793399999999995	7.396229999999999	8.87945	3.1306399999999996	10.22954	3.5533	6.64162	3.5494	6.61518	9.15408	9.379850000000001	3.9232000000000005	5.15384	3.06201	0.0	0.0	0.0
Node 43		4.0908	5.92539	7.830710000000001	4.46632	6.240939999999999	6.69796	4.545190000000001	7.6346300000000005	5.42286	5.863700000000001	2.92602	7.34946	8.17998	8.83268	11.39835	6.62672	5.47511	3.03993	6.29352	2.67121	0.0	0.0	0.0
Node 134		5.88753	7.519629999999999	8.338940000000001	6.3727800000000006	5.23024	7.75354	5.81604	2.46366	7.78561	7.517060000000001	7.610740000000001	8.22986	5.57488	6.18275	4.2336	4.35172	10.30548	7.19327	5.5367	3.06201	0.0	0.0	0.0
Node 166		9.63782	5.11447	7.5571399999999995	7.866339999999999	3.4420399999999995	5.52111	3.48307	5.20454	3.44516	8.69645	9.99057	5.8479	6.927759999999999	5.236940000000001	6.16137	7.883769999999999	6.36747	3.81034	2.94978	1.71893	0.0	0.0	0.0
Node 115		6.42913	8.84181	3.6639600000000003	7.8706700000000005	5.04551	5.94625	5.52575	7.086829999999999	3.94619	4.02859	7.07107	7.9000699999999995	7.662190000000001	7.402100000000001	6.489599999999999	6.936730000000001	8.746279999999999	4.06438	3.57218	3.64873	0.0	0.0	0.0
Node 15		9.22346	4.8038	5.6190299999999995	8.36885	4.56201	5.50456	6.8702	8.42285	7.40963	7.80285	10.22695	8.12401	7.9372300000000005	4.5179	4.5040700000000005	8.08873	3.04101	6.649380000000001	5.0466999999999995	1.86121	0.0	0.0	0.0
Node 149		5.64316	7.95291	6.75626	4.08173	9.61842	8.48659	7.98401	3.50366	4.01185	5.73711	6.70008	6.16583	6.104480000000001	8.59342	9.199010000000001	8.012220000000001	6.55629	10.23178	2.96967	1.74085	0.0	0.0	0.0
Node 29		8.10603	4.399970000000001	5.64794	8.986320000000001	5.23498	3.7629	9.69673	7.52197	5.04445	7.4693499999999995	5.28977	4.47373	4.70036	5.41157	8.385539999999999	4.20175	9.75983	6.16666	9.51999	1.5985699999999998	0.0	0.0	0.0
Node 81		6.822019999999999	6.574720000000001	6.10998	6.70494	7.34601	6.6776100000000005	3.4972299999999996	10.73798	7.51737	1.90685	5.74541	4.58146	5.20368	5.4451600000000004	12.12696	7.3050500000000005	7.324319999999999	4.11648	6.94801	2.13165	0.0	0.0	0.0
Node 197		6.824579999999999	9.34498	5.92409	7.06388	9.13987	5.95214	10.272929999999999	10.07472	10.64141	6.92489	9.609919999999999	8.669640000000001	6.82435	6.11839	7.00228	8.02636	2.91105	7.65785	4.2473	3.18286	0.0	0.0	0.0
Node 51		5.032430000000001	3.87542	5.44853	9.082139999999999	4.3386700000000005	4.71006	7.718940000000001	5.31349	8.53046	6.474870000000001	7.11531	3.4040500000000002	4.163469999999999	7.832179999999999	8.923169999999999	5.47625	4.1117099999999995	7.45596	3.21404	3.20429	0.0	0.0	0.0
Node 80		9.924090000000001	6.91907	5.461110000000001	5.29836	8.62289	4.49976	6.01446	4.59425	9.625160000000001	4.23359	3.82145	8.65142	6.325419999999999	7.00506	2.88683	7.70048	4.6807799999999995	4.58639	4.6031200000000005	1.71893	0.0	0.0	0.0
Node 68		5.7346	6.787990000000001	2.16053	7.207139999999999	2.9553599999999998	6.93502	5.43809	5.19182	6.48204	7.41064	3.77792	6.4875	7.5269699999999995	7.0808800000000005	6.987970000000001	5.86584	8.13483	5.54983	4.21588	0.0	0.0	0.0	0.0
Node 141		7.41015	7.65043	2.50711	5.72354	6.334579999999999	7.22363	5.39532	5.1145700000000005	9.73079	4.11387	8.04759	6.3432699999999995	9.32263	7.13584	6.338760000000001	2.71659	5.69419	8.60618	7.2117	0.0	0.0	0.0	0.0
Node 40		5.27034	6.5513699999999995	5.30954	7.117519999999999	6.150110000000001	6.22418	3.46184	2.57846	3.48522	8.118649999999999	5.92258	8.77149	6.2462	7.949680000000001	8.511470000000001	5.294709999999999	3.75825	8.82005	6.23459	1.51757	0.0	0.0	0.0
Node 45		6.965739999999999	6.89012	4.25821	8.93044	5.7746699999999995	7.36307	3.97799	6.351179999999999	4.58021	3.96609	10.14104	4.902	4.54233	2.26622	3.1817900000000003	10.0573	6.48958	6.970289999999999	4.47114	2.67121	0.0	0.0	0.0
Node 111		5.142250000000001	7.99337	6.6418099999999995	5.7167900000000005	4.7209	4.43261	5.46213	2.99181	5.88293	6.63714	9.80859	4.94185	11.315840000000001	5.70627	10.53726	5.92605	5.997870000000001	6.69082	3.63498	0.9308500000000001	0.0	0.0	0.0
Node 148		8.47267	7.86723	7.52567	7.37224	5.30185	7.0555699999999995	4.20299	5.14867	10.9243	6.4962599999999995	7.410229999999999	6.25642	5.46387	4.76377	3.4782100000000002	6.92734	5.847709999999999	5.6801699999999995	5.83871	0.8099999999999999	0.0	0.0	0.0
