Node 177		3.40462	3.61806	4.22039	3.2433799999999997	9.053740000000001	2.4544900000000003	1.26838	5.60217	3.08087	3.6768500000000004	3.4948600000000005	0.0	5.5732	3.1818600000000004	6.80373	4.9936300000000005	5.66575	4.76054	4.94161	0.0	0.0	0.0	0.0
Node 164		1.8560299999999998	6.70607	1.5675100000000002	4.28331	4.17349	5.80431	6.04001	3.12365	8.22826	1.6396600000000001	3.3926199999999995	7.31726	1.48583	5.31946	5.32419	0.0	4.35409	3.29012	4.824	0.7885700000000001	0.0	0.0	0.0
Node 47		4.03681	5.826309999999999	4.26429	5.2335199999999995	4.6346	3.1783699999999997	2.89347	2.77502	5.08303	1.37388	4.29826	4.83505	1.68204	3.46114	4.622260000000001	4.6203199999999995	6.84371	2.46858	2.33744	0.0	0.0	0.0	0.0
Node 158		4.104710000000001	2.77768	4.32017	4.63436	5.2574700000000005	5.49111	5.64756	6.6944799999999995	3.78938	5.61827	2.24455	3.9476700000000005	7.3354	6.47794	0.0	5.31669	6.75999	2.5092	6.01157	1.46393	0.0	0.0	0.0
Node 97		1.70102	4.57786	1.66799	4.25282	5.21906	6.551659999999999	3.7596	3.68203	5.33644	2.2038599999999997	2.19679	8.277149999999999	3.77297	4.00511	6.942189999999999	6.37104	6.21846	5.21523	6.15052	3.64922	0.0	0.0	0.0
Node 141		1.5698400000000001	3.57789	4.18034	5.52452	7.667050000000001	3.8584599999999996	3.20212	6.590450000000001	5.9359399999999996	6.5711699999999995	4.3816500000000005	7.54084	3.12864	5.56169	11.16816	6.824420000000001	7.69624	4.39088	3.8976499999999996	3.18286	0.0	0.0	0.0
Node 142		3.9450100000000003	5.13616	4.94178	5.8239399999999995	5.903980000000001	5.99095	1.56284	2.53899	4.01639	3.0458499999999997	4.85275	3.5827	4.63138	5.332739999999999	3.22075	5.64768	6.656280000000001	4.63159	3.35802	1.34308	0.0	0.0	0.0
Node 153		9.048549999999999	5.40561	9.015460000000001	5.630509999999999	3.8527400000000003	9.76303	3.2390799999999995	3.9226400000000003	1.6687299999999998	3.8557300000000003	7.698969999999999	4.28371	5.52276	3.86204	4.66317	4.8842099999999995	4.96842	4.1932	3.93367	0.7885700000000001	0.0	0.0	0.0
Node 152		2.5024	2.60739	0.98641	5.14207	4.39666	3.90545	2.32709	4.48709	6.01964	4.14147	6.87417	4.94524	2.67086	6.2413799999999995	5.6216099999999996	1.46892	6.89905	3.4669899999999996	4.91435	1.46393	0.0	0.0	0.0
Node 199		2.06427	7.09737	2.63049	3.7381499999999996	5.01794	1.37275	5.61714	3.92895	6.87262	7.17679	1.7589899999999998	5.66696	5.69095	5.73173	5.37774	5.2153	7.1364399999999995	3.6521900000000005	5.65423	3.9928600000000003	0.0	0.0	0.0
Node 109		3.23546	4.51943	3.9867100000000004	0.72441	8.46503	5.4850900000000005	4.23829	3.7507699999999997	6.0427599999999995	3.7632	4.7315700000000005	6.99283	4.80558	5.61329	4.095689999999999	4.78295	9.48812	1.18518	2.9309700000000003	0.0	0.0	0.0	0.0
Node 60		4.01827	5.05711	7.58325	4.43873	4.43565	3.3085700000000005	5.16211	2.2620999999999998	3.59016	4.83687	1.6358899999999998	7.1144799999999995	2.00651	2.8454900000000003	7.3994599999999995	7.941879999999999	5.9798	5.31868	5.87699	0.7885700000000001	0.0	0.0	0.0
Node 44		1.79083	4.36705	4.034	4.97196	5.83624	3.8633300000000004	3.74329	4.9318	7.90465	5.76324	5.79245	5.4729	4.09867	3.8531299999999997	1.73566	3.90153	3.1580999999999997	3.8112399999999997	5.40792	1.34308	0.0	0.0	0.0
Node 119		2.6311299999999997	6.31549	4.3689800000000005	4.19274	3.5667699999999996	8.22721	3.5309	5.2260599999999995	4.68851	2.85896	4.45735	6.27258	7.23559	6.65569	5.22451	3.5273600000000003	6.90093	4.12347	3.46143	2.13165	0.0	0.0	0.0
Node 81		4.46659	6.75013	9.68406	4.41131	3.72606	2.6099	3.7217800000000003	4.57212	7.6915700000000005	5.1609799999999995	6.884129999999999	5.25954	4.28148	2.8419	4.51937	4.45868	5.74959	4.93466	5.18386	1.71942	0.0	0.0	0.0
Node 90		4.44866	2.7128900000000002	5.89579	5.85103	7.51357	5.10003	4.44316	0.5466799999999999	3.10663	5.59328	5.10906	3.07795	5.9532	2.69728	3.58686	4.47344	4.4659699999999996	7.71285	6.441479999999999	0.7885700000000001	0.0	0.0	0.0
Node 136		4.39661	1.8719599999999998	4.71812	5.50098	2.17789	4.9325	3.9195	4.41317	7.2818	5.10865	4.81332	5.33475	3.9783899999999996	4.88324	3.98643	4.80707	4.0902	4.25562	2.33744	0.0	0.0	0.0	0.0
Node 91		2.98731	6.15541	4.38628	6.12544	6.546399999999999	1.63524	2.23377	5.44071	2.33358	4.936100000000001	4.1165	4.00948	4.82728	4.23893	8.55952	4.00779	8.456389999999999	4.86083	8.523909999999999	4.0465	0.0	0.0	0.0
Node 61		3.82461	5.15599	5.88454	8.397649999999999	4.94766	3.9223099999999995	2.30525	1.6208	7.9136999999999995	7.01903	2.06195	9.5996	5.80804	1.95537	6.59746	5.34496	5.32149	0.6872600000000001	7.75398	1.71942	0.0	0.0	0.0
Node 135		2.48045	4.22562	6.7885	4.92953	5.20291	4.305400000000001	5.905	4.66796	6.47534	5.46587	4.05235	4.69551	4.64164	4.618860000000001	4.90164	2.97398	5.19023	2.29623	5.37409	0.7885700000000001	0.0	0.0	0.0
Node 192		4.7965	5.04558	3.4831000000000003	2.28424	9.72606	3.99243	2.86894	4.04725	4.8121	1.28241	7.85402	4.16129	2.85543	6.202789999999999	5.24669	3.8975999999999997	6.255470000000001	6.335590000000001	5.04128	0.0	0.0	0.0	0.0
Node 106		6.86227	3.30773	6.529749999999999	6.999950000000001	4.20628	6.9189799999999995	1.87763	3.07278	4.47222	2.2105099999999998	3.13289	3.7268000000000003	5.77837	7.4535599999999995	7.67872	7.82832	7.197430000000001	6.02464	3.84435	0.7885700000000001	0.0	0.0	0.0
Node 73		3.02738	5.28322	3.3834299999999997	4.33092	3.79767	7.22609	1.56284	5.14452	3.8394	4.30837	1.6549	3.2639799999999997	5.04711	1.47023	6.128150000000001	4.43142	6.20997	3.3107200000000003	4.93849	0.53308	0.0	0.0	0.0
Node 114		5.21526	2.5149999999999997	6.12261	4.20306	3.17828	5.0596000000000005	2.71897	3.4178699999999997	4.3926	8.19717	7.35975	2.89409	3.4018100000000002	7.28849	2.0068900000000003	2.2160200000000003	4.34543	4.99654	2.9529199999999998	0.9308500000000001	0.0	0.0	0.0
Node 50		5.41235	3.24974	6.84577	3.59347	7.476789999999999	9.45906	3.2850900000000003	1.47675	2.52693	3.33359	2.10434	7.75859	5.5189	2.74681	4.705	5.81308	6.96689	4.04031	2.5796699999999997	0.0	0.0	0.0	0.0
Node 59		1.62331	6.79699	5.52186	5.26815	4.804209999999999	8.00236	2.66459	6.7832799999999995	4.47241	4.98446	3.6935599999999997	3.69962	1.9834	4.3499799999999995	5.72458	2.9385600000000003	4.988709999999999	3.2727899999999996	6.00605	1.5985699999999998	0.0	0.0	0.0
Node 178		2.39277	5.07243	4.38958	6.09995	3.2676200000000004	4.9730799999999995	3.9715599999999998	3.4176400000000005	3.321	3.9081900000000003	4.53188	5.1943	6.92704	2.50537	4.59194	5.95727	6.08614	7.452590000000001	2.6374999999999997	0.7885700000000001	0.0	0.0	0.0
Node 107		5.23135	2.07022	2.39892	4.35415	9.16949	1.6876700000000002	1.9938799999999999	4.7749500000000005	6.36147	4.56191	6.17838	3.03503	4.73477	3.9923	5.55065	5.8673	2.57061	4.13929	9.07112	2.52942	0.0	0.0	0.0
Node 27		3.0087900000000003	6.26051	5.59435	1.83821	3.87328	3.48717	2.93139	5.83355	5.2064699999999995	4.23782	4.50561	8.116769999999999	4.93215	7.70815	7.32005	2.9405400000000004	0.98206	5.3309299999999995	2.87152	0.0	0.0	0.0	0.0
Node 96		4.6916	5.82762	2.45071	4.75403	6.3776	4.17836	4.379580000000001	4.252800000000001	5.67244	3.31758	0.7832399999999999	7.260179999999999	3.0941	5.38985	3.29929	7.20721	6.2324	4.95716	2.05078	0.0	0.0	0.0	0.0
Node 36		3.35201	2.30286	1.8214700000000001	4.16908	1.48001	2.62127	2.1005	2.96635	2.52693	6.82629	3.9433599999999998	5.86634	4.85619	5.20165	2.74014	3.0120999999999998	1.92913	2.63051	2.01971	0.8099999999999999	0.0	0.0	0.0
Node 117		0.70934	5.61462	2.50914	5.122249999999999	4.3162	2.7631200000000002	3.6198599999999996	3.3830600000000004	3.9773500000000004	1.9990299999999999	4.75389	6.32756	4.8776399999999995	3.59417	7.003900000000001	4.40798	4.26138	8.12838	3.6916900000000004	0.9308500000000001	0.0	0.0	0.0
Node 74		5.13445	5.6946900000000005	9.11381	4.35262	3.9719499999999996	4.7109499999999995	5.26023	4.91042	3.52858	4.51524	5.450279999999999	2.2633	3.1978600000000004	2.35491	2.85804	5.27858	5.18843	9.28215	6.735180000000001	1.5985699999999998	0.0	0.0	0.0
Node 19		5.0577	2.7362	6.579079999999999	5.84314	6.1221499999999995	5.7526399999999995	4.31668	3.9572000000000003	7.6814800000000005	0.93385	4.78295	0.7427600000000001	3.4261899999999996	6.689240000000001	5.1130700000000004	3.71229	4.07521	3.7832999999999997	4.79908	0.0	0.0	0.0	0.0
Node 3		4.2992	7.67534	3.85387	6.01649	2.2210799999999997	1.6876700000000002	6.22329	4.00037	4.77985	4.30935	4.40565	4.67161	4.50922	3.70794	3.6405	6.469129999999999	4.65495	5.30963	6.175619999999999	0.9303600000000001	0.0	0.0	0.0
Node 82		3.25277	4.69453	6.51724	6.00609	7.411969999999999	5.05123	5.22605	4.61628	4.24662	2.7468	6.11824	6.15411	5.46959	4.6156999999999995	3.9175500000000003	1.1908	8.53269	4.18729	6.91154	2.52942	0.0	0.0	0.0
Node 78		3.2178699999999996	6.76469	8.70333	5.69119	1.5944500000000001	3.79078	1.28337	2.99851	4.90993	4.40247	5.6504199999999996	4.896190000000001	2.11391	2.7862299999999998	2.00276	6.402900000000001	8.07663	2.7283600000000003	2.91783	1.71893	0.0	0.0	0.0
Node 123		5.18608	6.294619999999999	3.06655	6.1718399999999995	7.2373199999999995	6.4127600000000005	2.84275	3.62566	5.36972	3.76156	6.691999999999999	5.2229600000000005	2.09639	5.56296	1.51221	4.10839	2.38777	4.7145600000000005	6.76456	0.9308500000000001	0.0	0.0	0.0
Node 143		6.5302299999999995	4.27987	6.3905	3.5676300000000003	7.03826	6.6727	4.06593	6.374199999999999	5.99097	2.4223000000000003	3.06309	3.05411	6.05621	7.97137	6.979240000000001	6.15742	5.15869	4.10609	7.5729500000000005	0.0	0.0	0.0	0.0
Node 113		3.22531	6.971430000000001	5.74494	3.31215	6.9165	6.3831299999999995	3.89631	2.6281100000000004	2.9255199999999997	3.1604	6.204	3.61034	9.23071	4.90301	5.4789200000000005	6.91039	9.05855	5.36465	7.5157	1.71893	0.0	0.0	0.0
Node 72		2.0484	5.32275	4.47871	6.93584	2.76071	4.887090000000001	2.19909	5.48624	9.596870000000001	3.60224	3.5462399999999996	2.40184	3.4090599999999998	3.9276	5.9218399999999995	4.67063	6.98466	6.11398	5.5059	0.8099999999999999	0.0	0.0	0.0
Node 139		2.46551	2.3952299999999997	1.5675100000000002	8.36694	4.8971	5.0878	3.5466699999999998	4.45147	5.57489	4.33599	3.2136199999999997	0.53589	4.74561	2.2405600000000003	1.8474899999999999	5.34706	5.85489	4.22963	5.45397	0.7885700000000001	0.0	0.0	0.0
Node 46		4.508	2.56497	5.46928	2.5518099999999997	3.33076	7.16	6.08889	3.21836	6.865069999999999	3.9081699999999997	6.412850000000001	4.40774	4.82254	4.51059	6.29408	6.0758600000000005	5.59391	6.0125	6.78755	0.53308	0.0	0.0	0.0
Node 185		5.57705	5.55997	4.42103	8.26492	7.67234	7.173	3.61168	2.59601	8.37631	7.91453	3.96921	3.2779000000000003	6.877800000000001	4.23555	3.2502999999999997	7.73426	4.40946	6.044560000000001	3.54357	1.51757	0.0	0.0	0.0
Node 86		4.67078	6.17769	6.04339	6.5660300000000005	6.7600999999999996	9.643419999999999	0.63625	8.70585	8.08966	0.93385	5.20377	3.3814200000000003	7.34173	6.02317	4.46137	4.22335	5.962540000000001	3.22257	4.85473	2.71837	0.0	0.0	0.0
Node 42		4.21225	1.6376499999999998	2.34981	0.76458	4.0313300000000005	6.20583	2.60993	4.53652	3.36832	4.62495	8.3752	5.1244	4.594	5.79147	8.473120000000002	5.76352	4.75507	4.90472	7.43259	3.9928600000000003	0.0	0.0	0.0
Node 40		3.41957	3.3200399999999997	4.32212	4.77963	3.61227	4.65095	4.4325	3.5780100000000004	8.14641	2.35077	7.18196	4.1020199999999996	5.53503	4.291650000000001	5.38049	4.54516	4.4109	5.16582	5.6691400000000005	1.32165	0.0	0.0	0.0
Node 26		2.5693	4.91023	5.00319	3.06479	4.70739	4.06223	3.45547	0.77479	3.3730200000000004	3.09367	1.36388	4.10987	3.3276	4.85203	3.03059	5.54267	6.76045	5.2178700000000005	1.20166	0.8099999999999999	0.0	0.0	0.0
Node 69		3.6270700000000002	4.48855	8.55307	4.30966	6.968870000000001	5.00491	5.74381	4.325629999999999	4.31128	2.65258	2.64846	5.83448	3.70617	7.88168	5.44115	5.95562	9.88577	7.06972	4.51354	0.0	0.0	0.0	0.0
Node 118		3.94443	0.8004000000000001	2.65524	7.660119999999999	2.80149	5.30973	2.93527	2.57421	6.09391	3.7557899999999997	1.9144	4.16194	4.35072	4.71917	2.86409	5.71359	8.32367	3.90768	5.68487	1.71942	0.0	0.0	0.0
Node 20		2.16985	6.044560000000001	5.19871	4.43312	3.70673	4.0907800000000005	4.24024	2.6983099999999998	6.59429	3.26311	7.45102	7.16942	3.81948	5.84307	4.40555	5.5938300000000005	3.09691	6.447120000000001	5.52734	3.1161399999999997	0.0	0.0	0.0
Node 174		4.60329	6.51684	5.11399	5.8214500000000005	8.959480000000001	4.0174	2.65192	5.3317499999999995	7.31541	3.90332	10.0613	4.42904	4.635949999999999	7.03529	2.59425	5.97556	5.79957	1.44036	4.59417	1.71942	0.0	0.0	0.0
Node 130		6.71466	4.39536	5.22283	6.66525	6.38552	3.13631	2.1356300000000004	3.37907	5.36333	5.4296	5.6194500000000005	4.50461	4.6852	6.01121	4.6142900000000004	4.07518	5.90741	3.4489699999999996	5.26718	0.8099999999999999	0.0	0.0	0.0
Node 108		6.24516	3.94218	4.0340300000000004	2.80532	2.78016	5.07831	3.50762	3.59958	2.80305	3.4960199999999997	4.99237	5.6944099999999995	7.69336	2.94088	6.13682	3.3970599999999997	2.55282	3.48181	2.23241	0.8099999999999999	0.0	0.0	0.0
Node 7		7.52335	3.98437	4.90435	3.5556699999999997	8.15503	3.11969	3.46626	3.38358	4.00715	2.3611199999999997	6.04598	3.37443	6.00198	8.708390000000001	7.20784	3.5336899999999996	5.4358900000000006	4.20518	6.682580000000001	0.9308500000000001	0.0	0.0	0.0
Node 187		4.82675	2.68822	2.50914	3.59316	4.70502	5.55862	6.2328	6.79656	3.0342700000000002	5.7477599999999995	5.47135	2.03495	5.84816	7.01233	5.7333099999999995	3.8780200000000002	5.30307	4.89539	4.17393	2.2525	0.0	0.0	0.0
Node 128		8.42075	9.9629	3.2012	3.5556699999999997	2.55785	3.3310600000000004	3.5909000000000004	3.62292	4.59872	4.50577	5.63846	5.64487	5.96075	3.96187	6.359330000000001	2.9406000000000003	5.17862	4.21774	5.40315	0.8099999999999999	0.0	0.0	0.0
Node 159		5.66455	3.35156	5.79343	3.55715	4.38157	4.97948	2.82187	2.04827	6.98612	2.38617	3.78178	3.9280000000000004	4.69726	6.32747	5.39893	2.4194199999999997	8.82367	7.575	8.47269	2.30614	0.0	0.0	0.0
Node 14		4.50005	4.3442099999999995	6.72355	5.122249999999999	6.957199999999999	2.9325	3.25269	5.6456800000000005	5.23568	4.41222	5.1484000000000005	5.91398	3.04048	6.7774399999999995	4.53787	3.03774	4.96419	2.84398	4.70289	0.7885700000000001	0.0	0.0	0.0
Node 63		3.93498	2.2796	7.40713	1.7408799999999998	2.47778	2.7631200000000002	5.45336	2.15163	6.920659999999999	3.0345400000000002	6.17134	6.05874	7.592359999999999	4.5696	4.0595300000000005	6.763529999999999	3.4225199999999996	3.71509	4.45024	0.7885700000000001	0.0	0.0	0.0
Node 112		4.4751199999999995	6.22772	4.992859999999999	6.68581	3.07144	4.91221	2.0215400000000003	5.41008	5.419029999999999	3.52445	4.60009	4.73806	7.9868	6.910410000000001	4.34021	3.25164	1.70632	3.5636099999999997	5.621700000000001	2.52893	0.0	0.0	0.0
Node 51		6.07552	8.41208	3.3732900000000003	1.75276	4.90589	3.19132	3.5717100000000004	8.40823	4.9314	3.09367	2.2819599999999998	3.6954300000000004	4.97024	4.98638	2.35425	3.6180999999999996	2.6274599999999997	4.83354	6.752	0.0	0.0	0.0	0.0
Node 29		3.84715	2.5428200000000003	7.875939999999999	4.24842	2.94926	2.25845	1.9982300000000002	6.01709	3.79163	3.92367	6.293010000000001	2.89531	3.22938	3.1621799999999998	6.30055	5.48446	2.86304	3.7749400000000004	4.94491	0.0	0.0	0.0	0.0
Node 8		4.0109699999999995	1.80739	4.36893	5.37151	3.7302500000000003	4.25422	3.2670999999999997	3.0519600000000002	4.33353	2.54014	4.3345	7.29116	3.2240499999999996	4.6700800000000005	1.29675	6.57656	7.99026	3.7181800000000003	3.9619099999999996	0.8099999999999999	0.0	0.0	0.0
Node 68		3.7572099999999997	2.11321	4.69748	8.98179	7.80334	3.2306099999999995	4.79852	0.0	7.293049999999999	3.09367	3.40327	4.17064	1.05848	4.291650000000001	4.71488	10.35291	4.65034	2.39332	3.11174	0.0	0.0	0.0	0.0
Node 193		5.97235	2.8205	0.94772	3.5887000000000002	6.6433800000000005	7.76688	4.299250000000001	4.7865	7.280499999999999	7.04195	3.76297	5.54453	3.6685299999999996	8.3665	3.79523	2.3617	3.50808	2.79506	6.11825	0.0	0.0	0.0	0.0
Node 168		1.86483	5.75748	5.83962	4.4494	5.6775	4.01194	4.27766	2.22707	3.34169	2.36695	2.57703	1.9152900000000002	0.97955	4.9835400000000005	3.34973	7.7537400000000005	10.12599	3.96523	8.07373	1.46393	0.0	0.0	0.0
Node 22		1.8161900000000002	7.52853	5.99885	2.68597	2.1670499999999997	3.29678	3.7647899999999996	5.584829999999999	5.09468	4.38356	4.20427	4.0521	4.63811	4.14241	6.35081	4.89904	2.6726	4.9475	6.69101	2.64978	0.0	0.0	0.0
Node 85		3.2427200000000003	2.344	3.45042	6.73694	4.4995199999999995	4.00646	1.2858100000000001	3.5808199999999997	2.18375	3.5499	2.0225400000000002	5.39136	3.69983	6.63328	2.90696	6.40705	6.753299999999999	3.59887	3.07213	0.7885700000000001	0.0	0.0	0.0
Node 99		4.01267	2.06239	6.513869999999999	5.51914	5.2749	4.04048	3.60814	3.53392	6.09945	6.24758	1.8497400000000002	4.51344	4.52839	8.74361	4.43534	4.84729	3.4258499999999996	5.46151	2.53761	0.7885700000000001	0.0	0.0	0.0
Node 120		2.90827	4.99764	5.33511	3.37132	5.16709	6.14238	3.76983	2.6850099999999997	6.316960000000001	5.09612	2.8564599999999998	3.3187599999999997	3.18409	4.18803	4.74481	4.62298	6.959410000000001	1.1371600000000002	4.29092	1.74085	0.0	0.0	0.0
Node 175		2.98006	4.7443	9.91707	6.901	5.38164	3.91142	8.82917	4.85754	3.9820800000000003	3.2856000000000005	5.60537	5.8306700000000005	4.1801699999999995	3.9269499999999997	2.36551	5.29919	3.54132	6.442	0.6154299999999999	0.7885700000000001	0.0	0.0	0.0
Node 67		10.38104	3.76409	6.39942	4.57915	2.31998	3.29678	2.7237299999999998	3.30832	5.8550699999999996	2.66115	3.9431000000000003	2.99089	7.34697	5.9858	4.41829	4.79705	4.10803	4.42828	5.50479	0.0	0.0	0.0	0.0
Node 121		2.5024	3.50141	3.1233299999999997	5.34373	5.158	4.0948199999999995	1.95624	4.4883	7.5763300000000005	2.27418	7.02677	3.20406	2.66532	4.98085	5.96202	6.7492	6.662419999999999	3.5272400000000004	7.21153	2.39429	0.0	0.0	0.0
Node 124		3.01324	6.7207	3.38062	0.84863	4.2799700000000005	3.60797	6.900589999999999	3.93492	3.4724699999999995	6.585050000000001	2.3518399999999997	4.7222800000000005	3.9320500000000003	5.38442	2.30288	3.56878	5.97987	3.9354600000000004	1.78915	1.71942	0.0	0.0	0.0
Node 55		3.99467	7.54691	4.828609999999999	6.495190000000001	3.7393500000000004	7.82051	9.082519999999999	4.29515	2.79469	8.14104	3.87362	4.91865	2.11867	4.74023	6.4697000000000005	6.679930000000001	4.11708	4.64657	4.25969	1.71893	0.0	0.0	0.0
Node 71		1.8332899999999999	8.52199	3.2953900000000003	4.9671	5.3046500000000005	4.86763	2.3645099999999997	5.61695	2.85979	5.38938	7.815130000000001	4.6859	4.38018	2.63467	4.3537	6.372859999999999	9.5453	2.71318	2.23667	0.0	0.0	0.0	0.0
Node 65		3.2557500000000004	2.76361	3.20972	2.5837700000000003	6.554010000000001	4.9386	2.9934499999999997	5.56379	3.92688	4.76826	4.87695	4.28037	3.0739099999999997	3.2572799999999997	6.477919999999999	4.63727	7.98792	3.48637	7.12637	0.58672	0.0	0.0	0.0
Node 77		6.2593	3.5071600000000003	4.12781	3.11409	3.4091000000000005	4.88804	2.63021	2.51164	3.74274	6.26897	1.8592199999999999	4.32592	6.2118899999999995	4.61668	2.8313800000000002	7.89944	5.99565	2.7039400000000002	4.35086	1.7403600000000001	0.0	0.0	0.0
Node 169		3.38199	3.784	4.69804	5.08462	7.20228	5.31889	6.0105699999999995	1.33111	3.1542399999999997	4.3462	2.87074	4.89835	3.16998	5.39556	4.70986	4.1060300000000005	7.742509999999999	6.75386	3.7889899999999996	1.86121	0.0	0.0	0.0
Node 148		7.213229999999999	5.96443	3.5965999999999996	2.47591	3.67893	4.22295	7.213500000000001	5.22583	2.21686	1.7527500000000003	4.93318	3.14727	4.5155199999999995	3.42063	4.859249999999999	4.0392	3.4115399999999996	2.37665	4.51074	1.71942	0.0	0.0	0.0
Node 111		2.10254	4.73963	2.75772	3.57822	5.29738	4.06792	6.10414	3.8061200000000004	6.07233	3.81755	6.29416	2.3567	3.13782	2.11878	3.9903399999999998	3.2125399999999997	5.2988599999999995	3.8987800000000004	5.23191	0.7885700000000001	0.0	0.0	0.0
Node 126		3.1054	6.8861099999999995	2.56592	2.2042800000000002	3.51249	4.09503	6.0766800000000005	5.24547	5.00215	3.8159899999999998	4.75702	3.3758000000000004	8.53457	2.07759	6.06713	3.82247	5.82191	3.47994	3.9734499999999997	0.0	0.0	0.0	0.0
Node 45		3.3096	3.3106299999999997	8.54415	4.437329999999999	1.74945	3.70584	5.74716	2.98198	2.10934	4.00016	5.38379	3.4423299999999997	4.39818	6.48893	5.14082	8.282440000000001	7.78919	5.57219	6.0856	0.9308500000000001	0.0	0.0	0.0
Node 41		4.68271	4.41479	5.78284	5.14426	5.45617	3.4140499999999996	4.10193	3.94122	6.33708	3.60912	6.88897	6.37032	5.42715	3.11544	6.81253	4.61095	4.5162	3.2908100000000005	5.9611600000000005	1.74085	0.0	0.0	0.0
Node 147		7.38127	5.38177	4.74195	2.45569	2.3773	4.65911	4.12273	6.39581	3.01878	6.2937	3.56176	4.6707600000000005	6.87637	5.81593	1.75464	5.20939	5.09981	4.5920700000000005	4.63539	0.0	0.0	0.0	0.0
Node 80		3.4160000000000004	5.10225	3.2457399999999996	3.21833	4.67591	2.99398	6.02129	3.72696	2.48014	4.12068	3.41546	8.10066	5.328	9.10552	3.44727	6.2786599999999995	5.84434	2.52145	9.01981	0.0	0.0	0.0	0.0
Node 79		1.88491	7.19399	0.7728999999999999	8.47403	3.92776	4.82297	3.1816400000000002	2.27811	6.02581	5.51638	6.60487	4.93641	1.68173	8.76013	6.877	3.9612300000000005	6.79347	6.80755	8.06893	0.0	0.0	0.0	0.0
Node 150		3.6524300000000003	3.35202	6.694749999999999	1.84869	7.69522	4.06126	4.44736	2.65636	6.4509300000000005	6.60075	6.1323	3.26344	3.8152199999999996	2.59078	6.9094299999999995	3.8837200000000003	7.06483	5.5972	5.2632699999999994	1.34308	0.0	0.0	0.0
Node 131		4.48118	3.0792	6.7307500000000005	6.68011	2.3813	4.13404	5.544169999999999	3.83861	5.64233	5.37203	6.13796	5.59621	4.82972	5.57494	5.78995	2.77061	5.10892	2.37665	3.7209499999999998	0.0	0.0	0.0	0.0
Node 38		1.9456600000000002	4.60766	6.09821	1.6739600000000001	6.896710000000001	3.16482	3.86136	4.03776	5.6795	3.78661	2.9145999999999996	3.7361	3.35907	1.73122	6.287420000000001	6.6606	3.5082099999999996	6.32408	8.19512	3.06201	0.0	0.0	0.0
Node 179		5.49655	6.50098	3.3767199999999997	4.09108	4.5783	7.2670200000000005	4.38884	6.98634	10.25262	4.054139999999999	4.16964	3.5414000000000003	9.34793	3.48787	5.8840900000000005	4.34176	6.16866	4.16374	3.43974	0.9308500000000001	0.0	0.0	0.0
Node 137		3.8899299999999997	4.240399999999999	8.28538	10.11886	9.06984	5.53604	4.83343	5.07927	4.33799	3.7604100000000003	3.5046399999999998	5.89919	8.69818	7.050339999999999	3.82971	2.14452	5.49826	4.03672	2.4699999999999998	2.52942	0.0	0.0	0.0
Node 33		3.81866	4.91648	7.74001	6.19001	3.3049799999999996	4.74582	5.8581199999999995	2.52012	1.77592	6.831289999999999	5.67538	3.4491300000000003	6.5705100000000005	2.93	5.16536	5.56248	3.45754	2.80638	3.3659399999999997	3.0625	0.0	0.0	0.0
Node 66		5.06677	6.7340800000000005	4.384049999999999	5.87493	3.02991	4.49864	3.6852000000000005	3.2483999999999997	7.19038	5.365679999999999	6.797359999999999	4.2655400000000006	4.8449	6.30773	5.797490000000001	4.37122	6.00272	1.21259	6.26366	0.8099999999999999	0.0	0.0	0.0
Node 154		4.00159	6.416180000000001	5.91985	4.1625700000000005	3.7365000000000004	5.49709	4.3819799999999995	4.443840000000001	3.6401999999999997	4.96291	4.68591	6.11225	3.66829	3.8264	4.79246	6.33206	4.81299	4.918489999999999	7.917490000000001	2.71837	0.0	0.0	0.0
Node 23		4.057580000000001	3.58713	4.97958	6.88825	8.36301	3.96525	2.4126600000000002	4.89052	3.78658	3.77257	2.3518399999999997	2.8942699999999997	5.54122	3.7217800000000003	5.5085299999999995	5.09379	5.2099	4.19085	4.8525	3.0625	0.0	0.0	0.0
Node 161		2.83685	4.2819	6.32088	0.72441	4.00295	4.860040000000001	4.86458	2.5009900000000003	3.51329	4.49118	2.07764	6.11696	3.73603	7.44687	3.36981	4.34306	1.7100899999999999	6.502280000000001	3.9216599999999997	1.71942	0.0	0.0	0.0
Node 116		8.0412	3.7823599999999997	2.9860100000000003	6.02225	4.90833	2.4891	2.36695	3.3405299999999998	6.06001	4.5983	5.68222	6.68743	4.24876	2.03075	3.53929	6.48533	5.34363	3.39261	4.3669899999999995	0.9308500000000001	0.0	0.0	0.0
Node 138		2.67253	4.9471099999999995	7.563540000000001	4.92747	5.151660000000001	3.87256	2.37067	1.91022	2.36664	7.33095	4.91749	4.67917	8.40496	4.68988	3.96901	3.4933199999999998	5.99769	3.0043	3.39503	0.8099999999999999	0.0	0.0	0.0
Node 9		6.61747	5.17059	5.0809	6.644220000000001	3.96377	6.137709999999999	2.42226	1.84752	4.10889	5.914549999999999	4.87206	5.40653	5.40144	5.28911	3.37432	5.56833	2.3944199999999998	5.453539999999999	2.9170499999999997	1.5985699999999998	0.0	0.0	0.0
Node 49		1.5664799999999999	5.95555	5.498419999999999	5.03088	6.2076	4.63832	0.0	3.9133500000000003	3.99476	4.11485	3.35583	7.03971	6.91634	7.674830000000001	2.6801	2.51153	3.9546400000000004	8.23014	7.456899999999999	0.7885700000000001	0.0	0.0	0.0
Node 1		4.4490300000000005	3.46188	8.04738	4.33073	5.75073	3.1802900000000003	2.1459099999999998	4.9418999999999995	6.457450000000001	5.60711	3.14974	5.80842	3.29867	3.58394	1.28094	5.09792	3.8222199999999997	4.87201	6.66045	4.57958	0.0	0.0	0.0
Node 156		5.37334	3.7223800000000002	4.036490000000001	4.19403	4.90293	6.586060000000001	3.2772500000000004	3.6527900000000004	4.83545	3.25104	3.9433599999999998	8.36209	5.6481	3.72179	3.8364599999999998	4.27218	3.216	6.837260000000001	3.89332	0.8099999999999999	0.0	0.0	0.0
Node 6		4.4078800000000005	6.64081	10.00309	6.39049	1.0846099999999999	4.647740000000001	3.6455599999999997	3.91281	8.2593	6.73588	3.5823099999999997	5.16381	5.1102	5.12043	6.3451900000000006	3.5931699999999998	6.04462	5.58753	5.91488	1.46393	0.0	0.0	0.0
Node 21		1.5515400000000001	4.67523	5.89471	1.75276	0.6987	3.8777199999999996	3.7217800000000003	3.46724	8.262640000000001	5.5330200000000005	6.31775	2.69563	5.44098	6.0735	3.30405	5.2914900000000005	4.50915	2.3856100000000002	6.87242	0.0	0.0	0.0	0.0
Node 95		4.1782	2.36599	4.9487499999999995	2.34491	3.73237	0.99807	1.9808	8.319329999999999	4.6014800000000005	2.78892	6.35831	1.91914	7.8692899999999995	3.4545199999999996	1.38901	4.83413	5.11615	2.44043	4.45129	0.53308	0.0	0.0	0.0
Node 115		3.9448	5.16494	5.84214	4.967429999999999	5.33584	3.21964	2.7784	3.90531	4.1961699999999995	0.57078	6.28358	3.51591	4.89149	4.23293	5.63825	6.10862	2.67225	4.20636	4.19778	3.9928600000000003	0.0	0.0	0.0
Node 102		4.25923	6.23868	8.67136	5.91254	3.8603899999999998	5.67142	3.3677400000000004	3.71806	8.037270000000001	2.14201	5.810309999999999	4.76604	3.58679	5.04315	6.787940000000001	5.80096	2.70124	4.1748199999999995	2.34096	0.9308500000000001	0.0	0.0	0.0
Node 35		7.452699999999999	0.59729	4.98714	4.75746	7.681649999999999	5.71028	6.959210000000001	5.2151000000000005	4.29695	1.33554	6.72648	0.9219099999999999	3.12186	4.2198199999999995	5.46407	5.361	4.10975	4.03686	4.7321599999999995	0.0	0.0	0.0	0.0
Node 92		3.2859399999999996	2.9135	2.6564	5.7351600000000005	0.79024	3.02454	2.78491	6.38846	2.27281	3.39776	4.78615	3.31447	3.69726	4.51023	4.2001	1.81237	4.0752299999999995	0.68174	3.24669	0.0	0.0	0.0	0.0
Node 2		3.67276	4.9977100000000005	0.8605099999999999	5.04938	4.46292	3.28834	6.57944	3.9313000000000002	9.02277	2.4701	9.05525	4.97318	5.70383	5.30924	5.48808	4.90096	3.4115399999999996	3.8149299999999995	4.30039	3.45978	0.0	0.0	0.0
Node 88		4.294230000000001	4.83229	3.12271	5.29168	6.80159	6.19611	1.94973	1.8340100000000001	2.24788	4.4749	5.94582	6.3505	7.39445	4.835529999999999	6.16322	6.92027	6.693359999999999	1.42609	4.30384	0.0	0.0	0.0	0.0
Node 56		7.1242	2.9263999999999997	3.97307	4.818709999999999	3.85094	3.04127	3.23217	3.05978	9.93209	3.9750599999999996	4.09332	2.8666	5.06635	3.4962899999999997	6.01651	9.87058	8.169	3.14097	4.90788	1.3752900000000001	0.0	0.0	0.0
Node 196		3.53532	3.7251	5.76949	2.38533	2.88211	6.23237	4.20409	8.18536	5.13243	6.982729999999999	3.18352	3.23152	2.4773799999999997	9.74293	3.3830199999999997	5.5398700000000005	2.78182	2.48005	8.88232	0.8099999999999999	0.0	0.0	0.0
Node 110		1.5862	4.5639199999999995	7.72367	4.9258299999999995	3.8225700000000002	3.5025100000000005	7.0527999999999995	5.54689	4.62447	3.3795100000000002	0.60562	7.76483	3.25176	2.67991	5.44008	3.8837200000000003	5.69125	3.63056	3.7880900000000004	1.71942	0.0	0.0	0.0
Node 165		4.01467	6.8051	7.06131	3.37243	3.62171	4.65911	2.22304	4.0296199999999995	5.53243	2.87147	4.35182	3.59054	6.98316	3.2014899999999997	2.39599	4.679259999999999	5.12296	4.80557	3.54504	2.2525	0.0	0.0	0.0
Node 58		2.3217000000000003	4.52458	6.0084800000000005	3.08378	4.000179999999999	7.27086	4.48947	3.8425399999999996	1.53021	5.35258	3.76009	0.0	5.9577100000000005	6.3880300000000005	5.833279999999999	5.49957	5.86161	3.8987300000000005	0.0	1.74085	0.0	0.0	0.0
Node 31		3.12064	7.948180000000001	4.95842	6.8013699999999995	5.9084699999999994	5.59848	4.88873	1.8963700000000001	3.9953299999999996	4.60089	4.81618	3.58572	4.5591800000000005	8.24325	5.19938	2.06603	3.51671	3.53	5.36284	0.9308500000000001	0.0	0.0	0.0
Node 84		2.2587200000000003	5.15081	4.2621899999999995	4.8625300000000005	7.535450000000001	4.98445	3.69943	4.84897	4.71562	5.27622	5.3504000000000005	7.06205	3.7568799999999998	3.6576200000000005	5.5585	2.41405	8.3157	2.04589	4.1677100000000005	0.7885700000000001	0.0	0.0	0.0
Node 149		4.43886	5.4658999999999995	5.47731	4.11684	4.2881	3.18634	2.70658	1.57939	6.93783	3.07488	6.03292	4.95205	3.75162	4.22126	7.799	3.9573400000000003	9.148050000000001	3.03895	4.265300000000001	1.5985699999999998	0.0	0.0	0.0
Node 0		5.18446	3.8491999999999997	5.764480000000001	1.85928	3.6141	8.31039	2.65192	5.46309	2.78876	8.9999	6.9367	6.76491	4.94279	5.349559999999999	5.897419999999999	7.28317	2.53594	4.99293	5.77572	1.5985699999999998	0.0	0.0	0.0
Node 183		5.99123	2.2003000000000004	3.2953900000000003	3.5450799999999996	4.800009999999999	2.7274	2.74048	4.45735	3.34169	2.40939	7.9281299999999995	2.20247	3.16145	3.84159	5.79695	3.99033	3.28484	5.13464	4.22344	0.9308500000000001	0.0	0.0	0.0
Node 105		3.1748499999999997	2.44639	1.66999	7.77947	3.0243800000000003	6.1853	5.19603	7.08753	8.97607	6.282500000000001	7.05747	4.77388	3.02192	2.62534	3.1266000000000003	2.0021299999999997	6.93148	7.06972	2.23919	0.7885700000000001	0.0	0.0	0.0
Node 155		4.51347	1.27593	3.55544	4.17184	5.64299	2.55615	3.67363	5.16471	2.35993	5.11245	2.9471399999999996	5.88759	6.0331	6.77538	7.10925	5.79617	5.86655	6.42548	5.13157	1.5985699999999998	0.0	0.0	0.0
Node 157		7.2925699999999996	5.47546	4.29157	7.6904200000000005	3.6820899999999996	2.37686	2.93139	1.5132400000000001	4.64492	6.04841	2.2901000000000002	4.5286100000000005	6.01511	1.68675	4.16796	8.72687	6.39762	3.49347	5.8026800000000005	1.74085	0.0	0.0	0.0
Node 30		2.71874	5.75253	3.33487	4.57915	8.617519999999999	2.81411	3.94361	6.044560000000001	2.73028	4.190230000000001	3.7385099999999998	5.55723	6.41457	2.78715	7.99256	2.3532	8.74178	5.52812	6.5415	0.0	0.0	0.0	0.0
Node 195		2.2349799999999997	5.3073500000000005	3.8528	5.0954	3.91921	5.70361	1.4722199999999999	6.44539	5.39412	5.69721	5.97855	8.12279	6.339599999999999	3.47608	6.13738	7.42337	4.83031	4.974399999999999	5.22535	1.5985699999999998	0.0	0.0	0.0
Node 180		2.23203	7.87388	6.15536	4.06485	3.68125	5.44855	7.41242	4.3118	2.78974	5.36783	5.62226	3.74885	5.57036	3.1569800000000003	2.0082	6.27551	2.4948	1.09511	7.6035900000000005	0.9308500000000001	0.0	0.0	0.0
Node 186		3.1990600000000002	4.38401	8.449710000000001	5.61163	2.87233	4.89846	2.7429200000000002	6.329369999999999	4.94459	0.0	4.52201	7.00233	2.94792	5.15879	4.90436	4.437329999999999	8.69958	6.069850000000001	1.7497800000000001	2.2525	0.0	0.0	0.0
Node 189		3.43205	5.09959	3.1283900000000004	4.99606	7.610409999999999	2.39406	3.71243	2.53889	4.73944	7.167419999999999	4.9887500000000005	3.7079800000000005	6.70227	3.27544	2.0068900000000003	3.8961999999999994	8.47087	0.0	6.44242	1.51708	0.0	0.0	0.0
Node 163		2.74726	1.93288	3.13675	4.52278	4.96659	4.03364	6.04014	3.46003	5.76664	1.8797000000000001	6.01862	4.176620000000001	2.35589	7.85056	7.807939999999999	7.96209	0.9756	6.865889999999999	4.94491	3.0625	0.0	0.0	0.0
Node 134		3.35731	5.818700000000001	4.11564	7.76453	1.4572800000000001	1.32877	2.66459	2.10968	6.57647	5.34227	5.0866	4.32888	7.06649	4.47457	7.3666599999999995	2.7876600000000002	3.85442	5.24005	7.2078299999999995	2.52942	0.0	0.0	0.0
Node 182		4.33066	1.52189	4.99042	6.93571	2.5396900000000002	6.4368099999999995	2.89649	4.59672	9.25983	5.01929	6.871910000000001	2.77771	6.4495	7.098590000000001	6.24133	5.59873	2.53123	7.342849999999999	5.83573	1.46393	0.0	0.0	0.0
Node 160		4.88088	6.31704	6.223929999999999	6.9295800000000005	2.69749	2.07584	6.0062999999999995	0.76284	7.469399999999999	4.54069	4.6802	7.01126	2.38196	3.19907	6.87629	6.919989999999999	4.04289	3.04318	3.1876599999999997	0.53308	0.0	0.0	0.0
Node 98		0.61032	2.5026699999999997	5.40813	7.2603100000000005	3.1568300000000002	4.3343300000000005	2.02096	5.0182400000000005	5.67464	4.83184	3.7137900000000004	3.58257	2.3771	4.36763	2.4003799999999997	4.51116	1.74224	3.50594	4.62806	2.52942	0.0	0.0	0.0
Node 4		3.79397	5.3515500000000005	7.04088	2.47717	8.72465	4.01135	1.42077	4.13659	5.86671	4.57576	6.309729999999999	4.16233	4.83172	7.7789399999999995	8.59023	7.76176	6.716279999999999	5.08611	6.22328	0.8099999999999999	0.0	0.0	0.0
Node 133		3.47425	4.58579	2.6439500000000002	4.9103	7.723579999999999	3.9230099999999997	5.23628	2.06211	3.6014200000000005	2.54014	7.558249999999999	5.34646	8.023109999999999	2.20173	7.9883999999999995	4.07487	2.78182	4.99911	3.40496	0.53308	0.0	0.0	0.0
Node 100		4.85806	3.31358	4.8007	4.21324	5.60883	7.966189999999999	3.4122500000000002	4.1588899999999995	3.27256	4.55866	5.9226	5.79543	5.24504	5.3104	3.3265000000000002	3.84633	3.69429	6.759379999999999	3.6711899999999997	0.8099999999999999	0.0	0.0	0.0
Node 28		2.24378	2.86279	3.3767199999999997	5.42691	3.10706	6.48655	1.23115	1.05634	8.91494	5.28882	1.46617	5.781689999999999	3.6295	3.64938	4.24907	2.73213	5.0467699999999995	8.009170000000001	5.8151	1.71942	0.0	0.0	0.0
Node 48		3.1460000000000004	6.1931	5.39063	5.866	1.0846099999999999	4.76058	5.55992	4.4921299999999995	6.920310000000001	5.90981	5.501	3.81752	4.55548	5.8224	9.02202	3.56143	6.93135	4.663740000000001	4.40742	0.7885700000000001	0.0	0.0	0.0
Node 144		3.5153200000000004	6.9332199999999995	6.36073	2.59004	3.7706000000000004	5.37864	4.72629	3.2421699999999998	5.27182	2.8071599999999997	2.54773	5.8386000000000005	2.40713	2.85256	4.03578	6.961449999999999	5.18236	9.38245	5.05739	0.0	0.0	0.0	0.0
Node 87		8.32668	1.7868100000000002	6.74581	10.440570000000001	5.62656	1.52619	3.81069	4.33022	6.45434	2.39387	4.8074699999999995	4.05819	9.236030000000001	5.130330000000001	7.12881	6.98359	0.73449	3.3674799999999996	5.09299	1.51757	0.0	0.0	0.0
Node 170		7.1332	4.70029	5.251539999999999	5.68966	4.60843	5.08173	4.30332	2.73446	6.39387	4.7079	2.93029	3.71145	3.7622000000000004	5.601310000000001	4.4276	5.24008	4.87929	3.2111	6.56877	0.0	0.0	0.0	0.0
Node 62		3.1748499999999997	4.781359999999999	4.36765	2.50459	6.5571	4.9077	3.6118699999999997	4.86377	5.46245	5.34486	4.07403	4.77927	3.34824	3.03651	7.24079	6.57719	2.33202	3.19983	4.8395399999999995	0.7885700000000001	0.0	0.0	0.0
Node 70		3.4314299999999998	3.62992	4.451370000000001	8.52402	3.2068600000000003	1.98477	2.67562	5.35886	8.35379	4.711449999999999	3.55499	2.99423	5.68151	2.08642	7.39889	3.4632799999999997	4.10975	2.3856100000000002	3.40867	0.7885700000000001	0.0	0.0	0.0
Node 197		0.70934	2.7432499999999997	3.76784	2.83706	1.9369100000000001	6.375119999999999	3.45127	1.4906300000000001	3.9679800000000003	3.1386900000000004	4.36616	6.807670000000001	4.28896	4.61644	3.3146	6.08921	2.48536	4.90796	4.93057	0.9308500000000001	0.0	0.0	0.0
Node 16		8.11078	5.02518	6.379020000000001	1.485	4.718640000000001	3.5203900000000004	3.63966	3.6003100000000003	3.9863299999999997	6.90107	0.7832399999999999	5.930210000000001	6.90732	5.92376	4.32899	4.91638	4.34699	3.8733700000000004	3.31636	2.32757	0.0	0.0	0.0
Node 39		0.0	3.5901099999999997	3.14894	5.83719	6.50911	7.44491	1.6232	4.345750000000001	4.45306	0.8031	4.26701	3.9742800000000003	4.806010000000001	2.8502799999999997	3.18131	5.59081	2.46939	5.48116	1.2021499999999998	0.0	0.0	0.0	0.0
Node 127		3.19194	5.35809	5.91081	2.71987	4.340249999999999	5.98909	2.614	3.2998	5.765639999999999	3.3434199999999996	4.5222	5.06868	4.92905	5.82684	5.4670700000000005	4.8633500000000005	6.10119	5.34182	4.05401	1.34308	0.0	0.0	0.0
Node 181		6.13532	6.00022	7.8036900000000005	2.54015	5.19299	5.69752	1.5739800000000002	1.30819	4.75227	5.40317	7.269620000000001	2.62349	8.669880000000001	4.60741	4.09054	2.0390200000000003	4.4675899999999995	6.343369999999999	3.95847	1.34308	0.0	0.0	0.0
Node 194		5.52319	3.99397	5.358700000000001	0.96711	9.89365	4.92946	3.7518200000000004	4.79657	5.77844	4.75572	4.77225	4.83528	5.35123	3.5023199999999997	5.492	5.77367	3.73811	4.44861	5.248060000000001	0.0	0.0	0.0	0.0
Node 167		3.5196699999999996	4.15489	6.244940000000001	5.30546	4.19298	2.84651	3.64381	4.81783	3.20998	6.287850000000001	8.071150000000001	2.82925	2.20454	1.70942	4.5547200000000005	2.8463	3.5082099999999996	4.24038	2.92873	1.71942	0.0	0.0	0.0
Node 122		5.89553	5.01208	6.342639999999999	4.53466	5.94513	6.01707	2.5555499999999998	3.3294799999999998	5.1989	4.39689	1.65385	2.28215	4.27034	7.6898800000000005	3.28332	3.03858	4.33958	5.22288	2.11384	0.58672	0.0	0.0	0.0
Node 15		6.03467	4.06561	5.23263	4.42528	4.412	4.83262	2.67208	3.08349	6.75134	5.31773	6.13855	3.11015	2.55695	5.78982	3.38409	6.15188	4.6446000000000005	4.7280299999999995	2.173	3.20429	0.0	0.0	0.0
Node 75		4.74372	7.49486	6.852379999999999	2.3239699999999996	6.18726	3.5864399999999996	4.27002	5.48966	4.01255	3.31175	5.06532	5.30384	4.40483	2.8277	5.226109999999999	4.33283	7.92638	2.04293	1.2839	2.52942	0.0	0.0	0.0
Node 129		5.59094	3.64221	4.53545	2.46529	2.83005	3.84458	2.65226	1.9831999999999999	4.46988	3.57272	3.49511	4.36097	3.7081000000000004	5.83216	8.42482	5.49791	5.09929	0.50939	8.97359	0.7885700000000001	0.0	0.0	0.0
Node 13		5.103400000000001	3.31358	5.94851	5.88413	7.746930000000001	3.79999	2.03188	4.95641	2.19119	4.0761899999999995	4.21486	4.59852	6.00948	1.3301500000000002	5.90198	5.35222	8.01895	0.58572	3.08926	0.0	0.0	0.0	0.0
Node 34		1.23079	4.69177	4.32114	5.0150500000000005	3.728	6.35082	6.69379	3.8970499999999997	7.12908	4.56191	6.656370000000001	5.33429	3.7152600000000002	6.1777	3.16207	2.7982400000000003	5.63054	3.8149299999999995	7.147240000000001	3.0625	0.0	0.0	0.0
Node 53		1.88193	3.67702	4.89411	5.78618	3.92256	6.7467299999999994	0.6602	5.77616	3.62976	3.9512699999999996	3.92738	4.68042	7.8153500000000005	4.04778	3.90771	5.9735700000000005	4.83002	4.1242	3.5678599999999996	1.71942	0.0	0.0	0.0
Node 64		3.92522	3.69428	5.18406	3.65308	7.0524000000000004	8.78163	4.87797	5.85302	2.41256	6.412139999999999	3.9057399999999998	3.71577	4.33341	4.0513	1.64989	2.22534	7.3897699999999995	6.67094	5.5714500000000005	0.0	0.0	0.0	0.0
Node 145		3.2356700000000003	6.82817	6.01106	5.07063	6.4703800000000005	8.65342	5.1349100000000005	4.24683	6.76332	4.70321	6.61992	5.24186	2.98606	7.568840000000001	5.38607	2.6484199999999998	6.96193	2.14704	6.20132	1.46393	0.0	0.0	0.0
Node 52		3.61512	3.46314	7.350560000000001	2.57945	2.2965	3.94053	3.0681	5.7334499999999995	2.99501	5.72114	3.72167	5.524649999999999	3.3944	5.3898399999999995	3.63143	2.47655	5.43169	8.96643	3.9619099999999996	1.71942	0.0	0.0	0.0
Node 103		3.7919300000000002	4.06821	6.89362	5.1736200000000006	7.79444	3.2917	2.62215	3.56162	5.72718	6.282500000000001	4.55943	3.80707	4.76146	4.78737	9.18104	4.442200000000001	4.45292	8.16172	4.08375	3.18286	0.0	0.0	0.0
Node 125		4.89949	3.73647	3.21184	5.10828	7.551239999999999	6.48552	1.34574	3.90531	5.95995	1.8477199999999998	5.42013	1.6425100000000001	2.58254	7.7067	4.7677499999999995	9.07678	5.04806	7.483339999999999	7.40628	1.34308	0.0	0.0	0.0
Node 176		4.032970000000001	4.22695	4.38368	5.05654	5.893079999999999	2.56698	2.27119	4.97976	5.14407	4.16183	0.0	2.63772	5.68998	1.9990899999999998	6.13682	7.98639	3.24963	1.86289	5.6779	3.45978	0.0	0.0	0.0
Node 184		1.53444	4.1480999999999995	4.96619	4.0313	5.87251	3.5653200000000003	3.2186	4.804250000000001	4.58475	5.24948	3.29298	5.83471	7.915719999999999	4.5770800000000005	7.23103	2.76888	3.0687699999999998	3.25586	4.38042	1.5985699999999998	0.0	0.0	0.0
Node 43		3.5538800000000004	4.41533	1.5997899999999998	4.80808	5.772	6.45158	4.21506	5.36351	8.5059	7.2525699999999995	7.889500000000001	6.393210000000001	2.41243	4.87731	4.0942300000000005	1.2631	6.01199	3.74937	5.52219	2.52942	0.0	0.0	0.0
Node 25		4.2199599999999995	6.777660000000001	2.54556	0.78171	6.50911	1.4184999999999999	5.37669	4.88398	4.68689	4.70544	3.05026	2.47553	3.04555	4.84797	4.766249999999999	3.4632799999999997	8.11219	2.11615	6.56641	1.74085	0.0	0.0	0.0
Node 101		5.71894	4.88393	3.2962	2.64107	5.1453	9.63968	3.03719	2.95668	7.28163	2.76379	5.57275	4.70955	2.8003400000000003	6.54022	5.810980000000001	7.19043	7.12058	4.46079	3.6958900000000003	2.71837	0.0	0.0	0.0
Node 173		8.89107	2.0907	4.97144	3.39107	4.3126	2.32117	5.347919999999999	5.09457	3.7465400000000004	7.917440000000001	6.620819999999999	4.8275	5.95937	7.2813799999999995	6.7813300000000005	4.83413	5.39642	4.747599999999999	6.36485	0.7885700000000001	0.0	0.0	0.0
Node 190		4.76819	3.26821	5.97987	4.353280000000001	4.85412	5.5067900000000005	5.35017	6.37689	4.864240000000001	1.73695	9.34266	3.6175400000000004	4.782369999999999	1.5179500000000001	3.21344	5.25497	7.8265199999999995	4.94654	6.7153	0.9308500000000001	0.0	0.0	0.0
Node 104		3.77435	5.18736	2.37269	5.12114	7.405340000000001	4.50364	3.56143	3.58225	6.307250000000001	1.4331	4.1773299999999995	3.83075	6.06051	5.82146	7.3670100000000005	5.525589999999999	4.18557	4.85743	3.7089600000000003	2.52942	0.0	0.0	0.0
Node 191		1.4595	4.38458	1.42222	5.383290000000001	4.8720300000000005	2.09401	5.71016	4.2738499999999995	3.1980099999999996	4.52237	7.69587	3.50062	10.006260000000001	4.91378	6.521109999999999	2.00566	4.90088	3.7069400000000003	3.4372399999999996	1.5985699999999998	0.0	0.0	0.0
Node 166		3.84715	11.54525	4.43069	3.4338	6.3603000000000005	4.40175	4.227729999999999	2.53108	3.83023	2.9476999999999998	3.35622	6.6464	1.16986	4.00726	4.508920000000001	5.16562	10.92721	4.88338	3.5581799999999997	0.7885700000000001	0.0	0.0	0.0
Node 11		4.69151	2.8422099999999997	4.70245	4.074599999999999	1.61508	3.5194	4.69806	4.33641	3.9111399999999996	5.3993899999999995	4.598590000000001	7.24562	4.01253	3.161	3.8386400000000003	4.469469999999999	3.13415	3.8927799999999997	7.60768	1.9298	0.0	0.0	0.0
Node 89		3.75705	6.7146	4.42581	4.38109	5.134799999999999	4.06877	3.3941600000000003	2.88493	8.61121	6.77687	3.1404099999999997	4.02191	7.44194	6.897889999999999	6.50254	5.67135	5.4493	5.22852	3.99227	0.9308500000000001	0.0	0.0	0.0
Node 162		6.3596	3.3008	5.10205	5.013	6.629029999999999	0.66484	1.9538	4.63424	2.0025999999999997	4.9180399999999995	5.49817	5.3633	6.916709999999999	1.22144	5.4062399999999995	8.49011	7.383330000000001	6.720810000000001	4.86071	2.32757	0.0	0.0	0.0
Node 94		4.45123	4.98677	1.8263999999999998	5.78031	3.4282600000000003	4.86763	3.77803	2.4011299999999998	2.45292	6.26541	4.89007	3.42656	7.30325	4.29793	3.36981	7.44885	3.97602	4.160959999999999	3.29985	2.2525	0.0	0.0	0.0
Node 93		2.95345	2.67542	6.962079999999999	1.73169	9.09682	5.2379500000000005	2.04305	3.2239299999999997	2.4719	5.91831	5.63127	7.96723	3.2440200000000003	2.26539	5.67694	5.43098	8.02353	2.46858	5.528779999999999	0.9308500000000001	0.0	0.0	0.0
Node 132		2.2806699999999998	4.93042	3.27992	5.01603	4.23498	1.61278	0.6086699999999999	3.52648	3.61475	4.35309	1.65385	3.22497	7.0109	4.95449	5.52236	6.282179999999999	6.50068	4.5630999999999995	1.43144	2.64978	0.0	0.0	0.0
Node 171		6.5528699999999995	3.75609	4.41715	6.98386	4.73981	8.62719	1.9938799999999999	4.35027	7.04292	2.89809	7.259740000000001	5.1178099999999995	5.98144	4.4856300000000005	7.124429999999999	6.1898599999999995	8.56101	6.2016599999999995	5.23913	3.18286	0.0	0.0	0.0
Node 37		2.9199200000000003	2.99172	6.0540400000000005	5.08794	6.7238500000000005	3.6118200000000003	1.99172	7.75536	2.5667	3.33457	2.36986	4.50875	1.6594600000000002	8.54079	1.82734	4.838010000000001	4.24979	5.31868	4.92969	0.7885700000000001	0.0	0.0	0.0
Node 54		4.9635	3.35269	6.14248	4.42072	5.22671	8.58934	4.7763	3.66777	5.30563	3.7347699999999997	7.407719999999999	4.4292	4.53716	5.97813	4.3924199999999995	4.07693	8.09241	2.2968200000000003	4.2599	2.52942	0.0	0.0	0.0
Node 12		3.6468599999999998	1.6376499999999998	6.2184	5.17468	2.9088800000000004	6.67084	7.02789	1.9293999999999998	4.49977	3.3107699999999998	3.3337899999999996	4.32546	7.18459	4.64698	4.5931	5.72666	5.13114	3.33901	4.4440599999999995	1.32165	0.0	0.0	0.0
Node 76		1.8332899999999999	4.9081399999999995	4.33305	4.3428	3.86928	5.65212	5.01587	2.74353	3.6393799999999996	4.92387	8.65005	3.52419	3.67144	4.02185	7.23743	1.27569	5.49916	4.91711	6.41838	0.8099999999999999	0.0	0.0	0.0
Node 146		4.254589999999999	2.79782	5.78677	5.86589	3.8722100000000004	2.2318700000000002	4.3689	5.0843300000000005	3.4715000000000003	1.07724	5.280329999999999	3.14018	5.82955	6.76007	3.12453	2.46649	5.7860700000000005	4.72682	7.5820799999999995	2.2525	0.0	0.0	0.0
Node 198		0.0	3.3812300000000004	4.40767	6.3669	5.8024	4.88804	4.09418	4.83157	7.19129	2.82292	3.5823099999999997	3.3814200000000003	5.28061	1.01908	5.605729999999999	2.20343	5.84792	6.89997	5.82083	0.0	0.0	0.0	0.0
Node 188		3.23004	3.4262599999999996	3.8773	6.6695199999999994	2.17906	6.625870000000001	2.6100000000000003	5.04899	3.2501599999999997	6.42133	6.13885	4.141100000000001	2.66532	4.30032	4.71602	3.90696	5.97887	4.91711	4.8207	3.0625	0.0	0.0	0.0
Node 24		6.8271	5.7979	3.9867100000000004	4.94004	0.80609	4.89314	4.47204	4.07348	2.64644	2.2644	4.874350000000001	6.382060000000001	5.93	3.8263100000000003	2.72286	4.2597000000000005	2.77705	4.5630999999999995	7.64871	0.0	0.0	0.0	0.0
Node 18		1.80739	8.94954	7.6582	5.42778	5.72778	4.2395000000000005	2.71653	3.8961200000000002	3.1976400000000003	3.75841	3.82618	3.56735	1.45544	2.01676	7.298590000000001	3.01775	6.00353	2.53058	3.64053	0.7885700000000001	0.0	0.0	0.0
Node 151		6.12805	2.66941	6.418559999999999	6.7020800000000005	3.7292899999999998	3.14734	5.48055	2.74991	5.74219	4.55866	4.10884	1.47853	3.46336	5.76121	3.71382	2.37461	0.97308	6.54039	2.8469700000000002	0.0	0.0	0.0	0.0
Node 10		6.50456	7.63151	7.49837	4.61973	3.0269999999999997	3.68737	4.217	1.47675	1.8033000000000001	2.42585	2.21985	4.65467	3.15287	3.8588699999999996	5.65979	4.93979	2.32856	8.18577	5.29945	1.86121	0.0	0.0	0.0
Node 57		3.7052500000000004	4.89072	1.40051	6.85739	4.84252	3.96952	4.41677	4.62618	3.3971	2.60025	6.1559	3.96245	4.16628	5.31834	6.22528	3.09255	4.53662	6.36013	5.69212	0.0	0.0	0.0	0.0
Node 172		3.3243300000000002	1.5981800000000002	3.3465700000000003	3.93323	3.63066	3.8388	1.96688	3.3596399999999997	7.0020299999999995	2.80472	5.8786499999999995	2.07232	3.1198300000000003	2.69536	5.14838	2.4376100000000003	2.56752	4.6077	2.60838	1.71893	0.0	0.0	0.0
Node 32		4.29697	3.4908300000000003	9.14137	1.82633	6.3355999999999995	8.44798	3.07937	6.163600000000001	4.9827900000000005	7.413930000000001	6.356190000000001	8.63899	3.40156	6.69373	3.7919300000000002	0.73599	8.87309	6.08291	5.764749999999999	0.0	0.0	0.0	0.0
Node 140		3.82057	2.65968	3.27565	0.72635	7.1059399999999995	2.69517	1.26838	5.5097	2.7513300000000003	4.23199	1.50467	3.70056	6.58659	4.44363	5.56086	3.90015	8.61856	6.00359	4.906619999999999	0.0	0.0	0.0	0.0
Node 83		4.33471	3.26311	4.776529999999999	4.74053	2.61701	3.45853	5.99861	3.60411	5.4764800000000005	3.36869	3.15789	3.8696	3.4762399999999998	2.08678	4.93736	4.52173	3.4877199999999995	5.54679	4.763450000000001	0.7885700000000001	0.0	0.0	0.0
Node 5		4.582109999999999	2.52023	6.826029999999999	4.4981800000000005	7.80334	3.92825	3.69412	3.54393	1.6687299999999998	4.8567800000000005	4.8688	3.51348	2.7326799999999998	6.24863	3.5403900000000004	3.52984	2.36514	3.53572	8.88527	0.0	0.0	0.0	0.0
Node 17		5.09777	4.76375	2.3421399999999997	1.85928	3.81342	4.69376	4.32538	3.2056800000000005	7.76898	6.6378	5.447769999999999	4.9025300000000005	3.6670599999999998	6.945110000000001	7.55242	4.1151100000000005	6.14527	2.5812	3.8575999999999997	2.52942	0.0	0.0	0.0
