Node 127		1.89428	7.75564	7.577979999999999	5.2212000000000005	5.81056	5.32708	7.873679999999999	5.875699999999999	5.90197	7.77886	6.73953	6.702859999999999	2.94068	6.73324	6.47543	8.64367	9.46406	9.28138	5.048500000000001	1.34308	0.0	0.0	0.0
Node 0		5.1404499999999995	5.8675999999999995	3.86223	7.03867	7.7883700000000005	9.02727	4.3966400000000005	4.8319	6.25033	7.3510599999999995	9.33634	4.38786	6.94381	5.55843	6.45429	4.93215	2.99053	8.03411	6.2545	0.53308	0.0	0.0	0.0
Node 159		6.67995	6.8488999999999995	7.8701300000000005	4.10112	5.85901	4.057510000000001	5.99871	4.8110800000000005	5.3740000000000006	6.5397	8.416	7.579420000000001	7.60696	8.80268	5.77919	6.08025	2.6151299999999997	7.3831999999999995	4.15784	2.2520100000000003	0.0	0.0	0.0
Node 188		6.22208	5.25797	9.16792	6.13855	6.79592	7.849349999999999	5.56364	4.78434	5.61606	6.04271	6.69662	3.9672399999999994	4.41303	7.644769999999999	5.44699	5.898210000000001	3.9402399999999997	3.68789	4.41053	2.30614	0.0	0.0	0.0
Node 106		6.15334	3.24917	4.5801300000000005	8.38486	5.85781	7.08844	6.70061	4.23887	6.11342	4.42161	8.160720000000001	6.381889999999999	8.01244	6.550739999999999	8.074	4.21948	8.80874	6.17544	9.285649999999999	1.32165	0.0	0.0	0.0
Node 156		5.35237	7.26541	7.63769	6.73306	7.06334	7.58503	3.9475700000000002	7.8209100000000005	4.87936	4.694920000000001	3.6281800000000004	5.11553	3.6116	6.3405000000000005	5.608090000000001	5.7554300000000005	7.86938	5.2227500000000004	8.55966	0.0	0.0	0.0	0.0
Node 162		6.25976	5.26878	5.57437	6.97155	10.59467	5.7683100000000005	5.57616	7.15121	4.26699	5.73888	6.9578	9.12632	7.783760000000001	3.42048	6.966940000000001	6.870850000000001	9.22738	5.04541	3.8028399999999998	1.3752900000000001	0.0	0.0	0.0
Node 176		6.56572	5.064	5.3593399999999995	5.66913	9.39528	6.50005	5.4103699999999995	4.38579	5.87051	11.37382	6.0153	7.741689999999999	6.3155	6.93852	7.32632	9.34771	7.34384	2.47317	1.34487	0.8099999999999999	0.0	0.0	0.0
Node 44		7.96369	7.5548	10.47498	4.10108	5.25585	4.651050000000001	6.9581	5.18754	7.284459999999999	6.11632	4.79165	5.96641	3.2740400000000003	9.047049999999999	6.94995	7.826420000000001	9.02642	8.89067	3.9465	0.0	0.0	0.0	0.0
Node 191		3.50807	6.387429999999999	4.73152	5.71082	5.22306	5.9867	7.17207	6.5591099999999996	6.338299999999999	4.05995	5.9203	7.90127	5.00286	5.84283	5.40991	7.43683	9.91957	5.54699	7.3664499999999995	2.30614	0.0	0.0	0.0
Node 33		4.587009999999999	5.67535	4.6766000000000005	4.54069	5.50541	4.91138	3.9610399999999997	8.40235	6.27505	4.46486	5.97743	8.70684	8.04942	3.54532	7.51168	3.9053699999999996	7.733750000000001	5.28169	4.1273	1.32165	0.0	0.0	0.0
Node 130		8.34889	5.27252	6.18388	5.54131	3.82691	4.26315	5.09656	7.777570000000001	6.11406	2.85775	3.41765	7.89304	4.65195	5.24627	5.425739999999999	7.25972	7.66496	4.28975	7.744860000000001	1.3752900000000001	0.0	0.0	0.0
Node 66		4.61758	8.00045	6.769070000000001	8.768320000000001	2.08364	9.21122	3.58259	6.42311	2.88219	4.1720500000000005	12.06488	5.98637	10.01972	2.39084	6.47057	8.81782	8.73134	6.544160000000001	3.21959	0.9303600000000001	0.0	0.0	0.0
Node 97		3.61404	2.5752	9.49735	4.9755	4.98078	4.89768	6.80654	5.01618	3.4283099999999997	5.0474	6.679549999999999	4.344329999999999	5.19726	5.50203	7.42993	8.283949999999999	7.7251	6.88323	7.61844	0.8099999999999999	0.0	0.0	0.0
Node 47		7.488770000000001	9.244489999999999	7.323259999999999	5.93824	5.59613	7.986219999999999	5.83537	3.31115	5.24045	9.51496	6.49864	9.15546	10.341000000000001	8.611870000000001	8.95139	4.3019799999999995	9.76333	7.785839999999999	7.414370000000001	2.86016	0.0	0.0	0.0
Node 116		6.7769200000000005	2.87748	5.06503	7.68254	10.89425	5.61916	2.74293	6.46907	1.80313	5.64198	7.718369999999999	10.99077	8.63624	6.359929999999999	8.282680000000001	8.95794	4.2311000000000005	5.45374	5.10488	1.34308	0.0	0.0	0.0
Node 45		5.2444299999999995	7.37821	6.94826	10.82042	4.8474	5.01425	5.43363	8.26098	5.84403	7.1757	6.1330599999999995	6.22848	8.30564	4.94098	5.9025099999999995	11.83893	5.56541	6.777420000000001	3.64827	0.7885700000000001	0.0	0.0	0.0
Node 134		7.30791	6.608029999999999	8.34379	3.12355	1.9434900000000002	4.39715	2.1005	4.503909999999999	6.87546	8.26189	9.19127	3.6956999999999995	6.8608	3.1521100000000004	6.974819999999999	8.61879	6.645339999999999	6.22121	7.03973	0.53308	0.0	0.0	0.0
Node 198		5.97212	6.01034	4.16444	5.4265	5.5326	8.644820000000001	3.7624400000000002	6.90263	4.96666	5.8505	3.24797	5.52963	6.90275	5.84597	5.98792	10.381179999999999	8.40577	7.78238	3.8236600000000003	2.2520100000000003	0.0	0.0	0.0
Node 26		6.14047	8.29822	10.00377	5.41955	7.56034	8.04792	3.4915300000000005	7.38479	2.9762299999999997	6.0922600000000005	7.4319	8.33653	4.69631	8.56012	8.876000000000001	5.28681	7.38692	6.17729	8.72331	1.90837	0.0	0.0	0.0
Node 199		8.21805	7.24667	8.96287	2.79484	7.387720000000001	5.50565	3.92809	5.15137	8.397739999999999	6.14435	7.023949999999999	10.162690000000001	10.2386	9.12133	8.63815	8.862929999999999	6.4342999999999995	8.07206	8.11341	0.0	0.0	0.0	0.0
Node 18		8.22591	7.713150000000001	10.12667	6.13851	8.17783	6.07149	4.9276100000000005	9.267290000000001	4.722790000000001	5.16876	8.83827	5.5448900000000005	9.05667	7.598439999999999	2.45648	7.623530000000001	6.3765600000000004	6.126	8.416	0.53308	0.0	0.0	0.0
Node 39		6.2724	6.288290000000001	6.65573	3.56784	10.01823	9.33728	6.73132	7.0414699999999995	6.66491	6.08039	3.89328	8.846400000000001	6.06795	5.7467999999999995	4.19088	3.8086599999999997	6.60089	5.90751	4.353540000000001	0.0	0.0	0.0	0.0
Node 183		4.41034	5.65936	9.63427	8.944280000000001	3.89003	6.463919999999999	4.15026	7.327889999999999	6.24814	6.96591	3.57387	8.60273	5.65007	6.1960500000000005	3.8156000000000003	8.64537	9.20352	7.02713	4.98403	3.9928600000000003	0.0	0.0	0.0
Node 86		3.7606599999999997	8.8822	7.147100000000001	6.23878	3.92481	5.73956	6.96171	4.5542300000000004	7.02596	2.65259	4.79218	8.13043	7.0824	3.92547	4.51282	6.85965	11.05207	4.9863100000000005	4.57864	0.0	0.0	0.0	0.0
Node 123		4.3874	5.66034	6.27008	5.2844500000000005	8.16973	7.455100000000001	6.49714	6.642720000000001	7.29599	6.504300000000001	4.79287	9.1668	5.4059099999999995	5.72478	2.80136	10.22791	9.00226	6.932290000000001	8.53731	1.51757	0.0	0.0	0.0
Node 89		5.93443	3.6993	11.71413	5.583670000000001	8.765789999999999	5.9747	7.74266	4.61008	3.02492	3.70661	6.494859999999999	7.1396	4.76166	2.9343	2.63802	7.169739999999999	9.86121	4.06998	8.54365	1.46344	0.0	0.0	0.0
Node 118		6.0066	6.85055	5.01315	7.253900000000001	4.59459	4.75596	5.250649999999999	6.59868	5.70492	6.39016	5.27223	8.786819999999999	2.8180400000000003	6.17663	6.403580000000001	8.37068	0.7311599999999999	3.55028	7.42265	1.46393	0.0	0.0	0.0
Node 190		6.75331	8.17557	8.49965	10.01412	5.5607299999999995	10.04318	8.14297	8.1456	6.01482	4.20876	6.71678	7.406980000000001	2.41133	5.47021	7.10166	5.30882	5.41925	8.3509	4.17478	0.53308	0.0	0.0	0.0
Node 120		6.66581	9.621680000000001	8.45171	7.15803	3.62386	7.20073	7.7618599999999995	5.19892	6.35621	5.51312	5.06276	10.514619999999999	6.0206	9.31054	7.0985000000000005	8.37073	9.16094	6.48849	5.67233	1.1198	0.0	0.0	0.0
Node 23		6.00349	5.63187	6.615310000000001	4.79757	3.1106000000000003	7.23457	3.9039499999999996	7.73742	6.67616	4.0328	5.31975	6.94863	4.456510000000001	7.59	7.59831	5.38835	8.73998	6.06123	5.19841	1.46393	0.0	0.0	0.0
Node 29		5.42319	3.99823	9.23836	6.83919	9.14885	5.12833	7.57651	6.35163	3.9226900000000002	4.01726	7.12696	6.27335	7.28279	6.25164	5.07365	5.80572	9.218679999999999	6.2518	8.19211	1.90837	0.0	0.0	0.0
Node 107		5.66843	6.55983	8.25428	7.63602	6.926839999999999	5.55595	5.39619	6.89027	10.38514	3.36879	7.75381	9.11204	6.29914	8.46115	6.49676	6.07021	9.64505	4.7149	4.52647	0.0	0.0	0.0	0.0
Node 152		3.57764	9.50311	6.82263	7.30952	4.66115	4.9842900000000006	8.14406	7.01257	8.33164	7.3529800000000005	7.2591	3.78801	7.670589999999999	8.39052	7.06469	3.2050099999999997	3.4438400000000002	6.57039	7.1574100000000005	0.9308500000000001	0.0	0.0	0.0
Node 186		4.66173	6.57699	6.73526	3.71997	7.485219999999999	8.82607	8.60018	6.45447	6.889539999999999	6.42054	2.08388	9.47967	5.52283	6.294039999999999	4.7756300000000005	3.9699600000000004	6.93299	5.82212	8.14532	0.0	0.0	0.0	0.0
Node 160		5.98901	6.496090000000001	6.81723	3.5675499999999998	7.711709999999999	7.80854	4.63978	6.86956	6.72999	5.33747	4.92206	9.2227	6.61157	2.71258	5.697830000000001	7.477010000000001	9.36994	6.732589999999999	5.587820000000001	2.64978	0.0	0.0	0.0
Node 80		8.23567	5.92713	6.594740000000001	5.9600800000000005	4.77138	8.94627	5.99981	6.580990000000001	5.60793	4.2546	4.39097	9.846639999999999	6.444370000000001	2.57636	5.17484	7.37559	5.90774	6.0090200000000005	8.87303	0.0	0.0	0.0	0.0
Node 60		1.49687	9.4014	6.803570000000001	6.50501	7.588069999999999	6.4883999999999995	4.64654	5.190510000000001	4.82413	8.52501	4.43334	7.758610000000001	8.35149	4.9479500000000005	3.3616800000000002	8.65813	7.79474	8.83368	5.89985	2.52942	0.0	0.0	0.0
Node 85		12.18334	5.39579	6.932049999999999	5.5235899999999996	7.36007	5.86291	7.106310000000001	5.7991	6.64628	7.741290000000001	7.284549999999999	8.91758	7.845059999999999	5.8277	4.852469999999999	6.91746	6.48328	4.47182	4.59962	1.32165	0.0	0.0	0.0
Node 197		9.97641	5.43981	7.5763	6.86416	7.9724699999999995	6.62572	6.3439	7.33216	6.584950000000001	10.611320000000001	8.831010000000001	7.906440000000001	6.16241	5.057989999999999	4.37137	5.0354	6.32484	5.15384	4.5980300000000005	1.32165	0.0	0.0	0.0
Node 35		5.2015	2.08467	6.20014	1.89949	3.84687	8.428370000000001	4.47966	6.47569	5.51216	5.46128	7.33239	5.56173	5.78407	6.83447	6.63486	5.19994	4.8929599999999995	5.31108	7.117089999999999	2.05016	0.0	0.0	0.0
Node 167		3.41601	7.630869999999999	6.95066	6.66443	6.02713	5.86748	6.29029	6.28694	6.43315	4.91698	7.718260000000001	6.67785	5.56771	6.09459	4.115690000000001	6.61871	6.53552	5.20534	6.942959999999999	0.53308	0.0	0.0	0.0
Node 94		6.7547	5.74779	6.8102	5.608210000000001	4.451639999999999	7.17787	5.70333	6.567159999999999	5.07497	5.66436	5.692889999999999	3.88516	5.77772	8.061409999999999	3.8669700000000002	2.32001	5.92803	9.04086	7.255350000000001	3.0625	0.0	0.0	0.0
Node 31		5.89096	5.60425	7.6178300000000005	9.25717	8.76907	4.28307	5.33311	7.4636700000000005	4.6282	3.8962999999999997	6.57738	3.2507	7.04949	5.91197	8.05242	8.69548	10.70799	4.59327	3.02114	2.98101	0.0	0.0	0.0
Node 182		8.07726	3.69871	7.936859999999999	6.29966	6.9529	9.200099999999999	7.3570899999999995	5.6937	5.72656	5.39897	8.40857	9.8817	7.31762	2.99237	3.0745999999999998	9.74647	7.016179999999999	4.4423900000000005	4.92731	0.0	0.0	0.0	0.0
Node 105		5.81579	4.57583	7.58403	7.66147	5.40474	7.12131	3.5651599999999997	4.0239400000000005	6.08633	4.45862	7.316190000000001	4.38032	6.62176	1.92178	4.63982	8.415849999999999	7.143389999999999	4.04669	5.84524	0.7885700000000001	0.0	0.0	0.0
Node 22		3.65249	2.58142	11.11316	5.52116	8.11898	4.98803	7.517930000000001	7.0141599999999995	6.1614	6.478770000000001	6.99156	7.8533800000000005	7.7327	10.58883	6.3143	3.3052400000000004	4.53531	10.4087	4.925	3.7695800000000004	0.0	0.0	0.0
Node 100		9.792760000000001	7.55931	10.46929	7.366770000000001	6.92865	5.76879	8.95739	3.99628	8.80794	6.29889	3.9318600000000004	9.85932	6.60859	6.10977	10.922279999999999	7.461460000000001	7.2322	5.6040600000000005	5.13011	1.3752900000000001	0.0	0.0	0.0
Node 2		7.51439	8.3317	9.42533	6.16981	4.6189599999999995	9.49721	5.448250000000001	7.7351600000000005	4.62716	4.8266	6.33037	9.417200000000001	9.94916	4.46598	3.9526600000000003	5.742450000000001	8.65154	5.30497	4.97326	2.64978	0.0	0.0	0.0
Node 53		6.7397	4.45749	6.48802	5.60529	5.22485	9.26417	6.91017	7.69132	7.98359	4.13289	7.05828	4.76081	8.04511	6.652819999999999	3.57754	7.497199999999999	6.0857399999999995	9.76592	3.98004	2.2525	0.0	0.0	0.0
Node 136		8.85928	6.35378	6.66516	7.61328	5.90193	10.78774	7.81231	4.65741	3.62375	7.03649	5.9548700000000006	6.691419999999999	6.50513	4.49774	3.2392200000000004	3.98518	7.79807	3.3157699999999997	4.64266	2.30614	0.0	0.0	0.0
Node 40		3.8552799999999996	7.66147	7.32023	7.79267	5.60492	4.6886600000000005	6.67024	3.66777	4.5973	6.401619999999999	3.74956	4.66547	9.81455	6.62832	5.7931099999999995	5.4331499999999995	10.58684	9.14781	4.31819	2.13165	0.0	0.0	0.0
Node 74		9.00191	7.19617	6.47017	7.39258	5.10202	6.27008	5.102720000000001	6.77311	6.58051	6.108890000000001	6.05955	7.42093	6.51774	2.85796	5.14792	6.53952	5.49461	4.47209	7.869279999999999	2.18529	0.0	0.0	0.0
Node 122		6.17773	4.1422300000000005	8.40981	6.39783	2.5354200000000002	5.65355	5.27675	4.79563	4.52992	7.69334	9.39812	7.00266	3.20237	6.9271	3.03613	5.66891	13.04321	6.33316	4.204	1.74085	0.0	0.0	0.0
Node 21		6.5043500000000005	3.20974	7.72029	4.50606	6.09086	4.94414	7.865410000000001	3.18678	5.78459	6.64885	1.33495	5.2308	6.92562	5.34664	7.2941400000000005	10.75609	4.61714	6.22158	2.4168499999999997	0.0	0.0	0.0	0.0
Node 165		6.82893	7.72163	8.15664	8.52441	7.7627500000000005	4.101719999999999	6.1757100000000005	5.74736	2.19768	5.70756	4.84775	8.257620000000001	5.85844	6.26601	6.6251500000000005	2.86362	9.65505	7.88364	4.32491	0.53308	0.0	0.0	0.0
Node 54		5.76665	7.75887	3.0941099999999997	5.239520000000001	2.108	8.60272	5.3772899999999995	7.03266	9.628	8.56925	4.82474	4.96732	5.604089999999999	5.89994	5.04132	4.340249999999999	10.12531	8.027769999999999	1.7403600000000001	0.53308	0.0	0.0	0.0
Node 181		5.8331	4.20651	6.60843	8.70283	6.3768199999999995	5.08691	6.08244	6.876010000000001	4.91216	4.47419	6.6574800000000005	3.99903	5.36536	2.9669999999999996	3.7114599999999998	7.87027	6.65838	6.509040000000001	7.2193499999999995	0.53308	0.0	0.0	0.0
Node 147		8.88718	5.57067	7.04929	8.88736	7.36934	6.24254	4.0465800000000005	7.0557	6.74371	3.82509	6.461849999999999	4.88176	7.44412	2.70988	5.03822	7.902380000000001	4.9139	7.84027	6.11074	1.1198	0.0	0.0	0.0
Node 174		6.851179999999999	7.25049	8.56751	6.993	5.22822	6.103879999999999	8.43385	8.66939	5.00397	4.04943	6.60981	6.02146	6.80039	8.27746	8.36821	5.3611699999999995	10.50028	9.465	5.11543	1.90837	0.0	0.0	0.0
Node 78		4.35655	9.780560000000001	9.12044	4.20542	7.773289999999999	7.62357	5.7401800000000005	1.41242	6.35377	4.5076600000000004	10.64047	5.63059	6.39438	5.52736	8.01139	4.23834	7.6837100000000005	3.71864	3.58191	1.32165	0.0	0.0	0.0
Node 157		7.20154	5.55606	8.73705	3.567	7.9234	5.60517	5.2287	6.15515	9.44666	6.268890000000001	5.77772	8.301300000000001	5.78598	6.724239999999999	5.73951	4.60842	8.16732	4.91904	3.58829	0.0	0.0	0.0	0.0
Node 30		5.98512	5.82381	6.28523	1.89689	9.93037	3.8021899999999995	6.8722199999999996	7.61252	4.91364	5.7771099999999995	5.72448	7.08356	7.677530000000001	3.85967	6.55138	6.75572	9.61018	4.71423	4.7065	2.83873	0.0	0.0	0.0
Node 92		3.9164200000000005	6.03056	4.26206	6.07006	6.49594	9.31312	3.26776	0.94646	10.279919999999999	4.59798	6.22407	9.177150000000001	5.5189	3.73112	5.81161	7.32259	10.39744	7.116790000000001	8.1718	0.9308500000000001	0.0	0.0	0.0
Node 63		6.73903	2.7753099999999997	4.02906	4.41563	6.704350000000001	7.2966500000000005	8.0758	6.94974	8.25647	3.7529600000000003	8.9904	10.69886	9.10809	7.66617	8.61814	8.965349999999999	8.12105	5.566730000000001	6.261089999999999	0.8099999999999999	0.0	0.0	0.0
Node 112		4.94834	5.27311	6.04656	7.50872	3.49372	6.06665	7.08211	5.62987	7.774159999999999	5.36507	8.211359999999999	8.67077	8.50122	5.03488	4.84746	7.282139999999999	7.74271	7.55996	8.36683	0.9308500000000001	0.0	0.0	0.0
Node 70		6.22365	5.51797	10.9691	12.48923	5.8036900000000005	1.91407	6.99248	1.72893	7.907830000000001	5.27599	7.385840000000001	7.51984	4.96929	5.7841700000000005	6.15979	5.15682	8.14698	7.291930000000001	4.443090000000001	3.06201	0.0	0.0	0.0
Node 121		9.33465	8.03252	6.417050000000001	5.057650000000001	7.287730000000001	8.49793	5.19604	5.2081	6.97625	4.44876	6.345530000000001	8.39659	6.47502	5.91507	7.78759	9.17467	9.151159999999999	4.182729999999999	5.65942	0.53308	0.0	0.0	0.0
Node 57		3.8705000000000003	8.58321	8.50545	9.34962	7.7007	5.6016200000000005	5.344539999999999	7.24197	8.06328	6.05603	6.80798	5.98112	5.91989	6.1018	3.7567700000000004	6.02518	8.47152	5.76017	6.23948	3.1161399999999997	0.0	0.0	0.0
Node 184		4.52674	10.81609	5.09314	3.5400599999999995	7.027089999999999	5.07997	1.8619199999999998	6.858060000000001	7.519869999999999	5.9946600000000005	2.8632	6.953679999999999	5.7501	2.59116	7.19848	3.1929899999999996	6.600789999999999	3.9707899999999996	4.05554	0.0	0.0	0.0	0.0
Node 76		3.8184500000000003	10.52564	6.621910000000001	4.53809	4.630129999999999	4.53953	3.00859	6.87869	8.684569999999999	5.77788	6.336880000000001	4.99878	4.39275	5.1073	4.70692	9.26671	10.80965	6.30235	4.03787	2.39429	0.0	0.0	0.0
Node 88		10.17702	2.88847	10.866430000000001	5.91673	4.66289	4.98049	5.2899899999999995	2.39385	7.49058	7.99275	9.20236	6.471839999999999	5.87615	4.560779999999999	5.71446	7.16539	8.071670000000001	5.39735	5.42251	2.32708	0.0	0.0	0.0
Node 87		3.75948	9.050759999999999	9.439169999999999	6.81972	6.113770000000001	5.4652899999999995	5.57084	8.55685	5.363359999999999	7.560169999999999	8.355509999999999	8.76618	6.65303	4.98205	7.73221	6.6151100000000005	7.75231	4.33542	5.61479	2.30565	0.0	0.0	0.0
Node 9		5.62816	7.20153	5.79172	4.0543700000000005	4.77024	8.69468	6.580550000000001	9.26789	3.86216	5.57332	7.361959999999999	8.85805	8.59248	7.0930800000000005	4.35701	6.78894	5.11149	7.484109999999999	4.47684	0.0	0.0	0.0	0.0
Node 138		5.143079999999999	4.43769	8.14041	5.12774	10.3126	7.356369999999999	5.0317	5.21371	2.04926	4.93287	3.95017	8.04384	6.08348	8.875570000000002	6.0659600000000005	6.84331	7.22458	5.71411	5.27215	0.0	0.0	0.0	0.0
Node 24		5.0181499999999994	4.47067	5.89638	4.6627	5.42017	6.86098	0.7785700000000001	6.4969600000000005	5.0264299999999995	3.28144	7.171869999999999	6.0446800000000005	5.9255	5.73987	7.2452000000000005	6.3352699999999995	3.99111	5.31654	5.0265200000000005	0.7885700000000001	0.0	0.0	0.0
Node 98		6.568709999999999	6.786169999999999	3.8904599999999996	4.0776699999999995	7.825169999999999	7.42838	5.51778	7.50471	4.91446	7.5626299999999995	9.35848	8.90091	4.69672	7.6798	2.71611	5.954820000000001	6.3412	6.23644	6.683260000000001	0.0	0.0	0.0	0.0
Node 163		5.0166200000000005	8.66164	5.88842	5.26574	6.59203	5.47739	5.2226	4.57095	6.679930000000001	9.73087	8.06408	10.413020000000001	6.89722	3.46473	5.89031	3.93048	10.45586	5.58929	6.476419999999999	0.9308500000000001	0.0	0.0	0.0
Node 102		5.61633	6.78526	6.97431	4.76459	8.79716	7.1506799999999995	4.7076899999999995	11.08483	5.8213099999999995	4.46553	8.81274	6.81171	7.2941	4.16685	5.88335	3.14434	8.25056	5.443	7.134119999999999	0.0	0.0	0.0	0.0
Node 168		6.2564400000000004	9.890500000000001	8.64878	5.31324	4.70259	8.2956	5.28963	8.76648	7.57757	2.79486	11.220979999999999	5.3848899999999995	8.55766	8.88814	7.349419999999999	7.48731	10.649790000000001	4.3053300000000005	7.69404	1.3752900000000001	0.0	0.0	0.0
Node 187		0.0	4.58724	7.610740000000001	5.26745	7.21371	4.2647900000000005	8.35123	6.01213	6.75597	5.16974	5.8235	6.31371	6.74342	3.3673	7.16026	6.7499	3.1001399999999997	5.82561	5.956779999999999	3.0625	0.0	0.0	0.0
Node 65		7.19589	4.4379599999999995	3.1472399999999996	5.36055	10.24987	6.541460000000001	5.97208	7.338699999999999	7.85609	3.72572	7.868690000000001	6.0718000000000005	5.3068	3.7166699999999997	4.89904	7.13071	7.75468	6.6093399999999995	6.91561	1.3967200000000002	0.0	0.0	0.0
Node 79		2.41491	7.322190000000001	9.38566	9.64231	10.4223	6.02042	4.89889	5.49529	4.85026	4.42225	5.41097	4.00863	9.65659	5.42436	5.639	8.26495	4.6482	3.48316	6.23435	1.9298	0.0	0.0	0.0
Node 49		5.34568	7.060239999999999	6.624969999999999	7.93287	8.28745	7.7712	6.56676	6.20048	2.07608	6.0919	5.15292	7.56175	7.07628	4.44639	3.8612800000000003	4.43347	7.1120600000000005	7.40667	7.44066	1.90837	0.0	0.0	0.0
Node 5		7.747719999999999	7.85953	6.5093	3.5333099999999997	8.474	5.53261	3.8496099999999998	2.86829	6.989439999999999	8.44901	10.871830000000001	8.58873	5.97119	3.3790899999999997	7.31913	7.88599	6.6659	5.472090000000001	7.92192	1.86121	0.0	0.0	0.0
Node 75		6.6509100000000005	7.365099999999999	9.0088	6.61568	8.33298	4.2748099999999996	3.8841	6.999	5.66196	5.4847399999999995	5.00896	8.13816	7.513870000000001	8.29163	5.866890000000001	8.9658	8.85869	3.9224099999999997	5.1906300000000005	0.7885700000000001	0.0	0.0	0.0
Node 93		6.3101	9.6116	8.29738	5.8076	9.14774	7.873429999999999	5.736680000000001	7.50622	3.5158799999999997	3.9097399999999998	6.432980000000001	8.89747	8.07665	3.98123	5.98805	6.717670000000001	9.32774	6.28975	5.9792	0.0	0.0	0.0	0.0
Node 133		8.29752	6.17811	4.8811	7.6753100000000005	3.1830600000000002	7.5901499999999995	5.48215	7.341689999999999	5.58957	5.779059999999999	8.93181	7.47414	7.268389999999999	3.25258	6.17532	9.30777	8.99856	6.06954	8.76268	1.34308	0.0	0.0	0.0
Node 28		5.63392	7.98241	10.036249999999999	7.35811	9.67527	6.4853499999999995	3.78772	3.54639	6.24714	7.3597399999999995	8.192969999999999	5.3913	5.57421	7.137060000000001	2.72518	7.76879	5.832409999999999	6.56413	8.12377	1.34308	0.0	0.0	0.0
Node 126		6.9358900000000006	8.098809999999999	8.62653	5.14004	6.2060900000000006	6.9563299999999995	9.583	5.40497	8.02643	6.34952	6.60191	7.8084	5.14779	5.4811499999999995	5.10117	9.77695	10.489840000000001	7.04571	3.9864900000000003	0.0	0.0	0.0	0.0
Node 161		4.66004	5.2532000000000005	3.2090899999999998	6.0448	7.84873	6.36936	6.235919999999999	6.05578	4.1911499999999995	4.15509	5.83547	3.07699	1.95732	5.74155	7.8180700000000005	5.16797	7.745730000000001	9.9324	5.67808	0.8099999999999999	0.0	0.0	0.0
Node 32		7.10384	4.48693	4.89571	5.86569	6.94933	9.43321	6.430149999999999	8.38126	8.16037	3.78625	4.849069999999999	7.9988	5.70113	6.14173	8.65484	9.04767	7.77551	8.41085	9.612070000000001	2.27344	0.0	0.0	0.0
Node 68		4.55921	7.926769999999999	8.19173	10.32952	6.1029800000000005	7.853980000000001	4.13141	5.729150000000001	8.01793	3.84859	5.90287	8.52214	7.63651	5.93481	5.14878	7.42723	9.78575	7.466340000000001	9.50383	0.7885700000000001	0.0	0.0	0.0
Node 38		9.49582	10.391390000000001	5.91742	4.2963700000000005	5.63918	3.84781	6.48181	7.229620000000001	6.96595	0.0	9.276860000000001	6.429880000000001	6.52202	3.63389	7.82491	5.654590000000001	5.42274	4.71248	4.7290600000000005	0.0	0.0	0.0	0.0
Node 177		7.8233999999999995	5.73712	7.52461	6.053109999999999	6.69449	5.72428	6.33613	11.61658	5.29259	6.03206	3.63115	5.87463	4.12533	5.3308599999999995	5.46932	7.7234300000000005	7.71921	3.3780699999999997	6.1857299999999995	0.7885700000000001	0.0	0.0	0.0
Node 7		7.46354	8.91879	5.66608	6.42567	5.89555	4.10774	3.88003	8.41142	5.58238	5.27955	7.27608	4.82188	7.26469	7.04978	6.0782099999999994	9.96791	7.201490000000001	6.36938	7.55393	0.0	0.0	0.0	0.0
Node 58		7.056940000000001	9.57764	9.00568	2.8779	7.77259	6.010610000000001	5.497260000000001	8.32224	6.599950000000001	1.8477199999999998	7.81896	9.354619999999999	7.016020000000001	4.81802	4.25607	9.914530000000001	7.71579	8.19865	4.53769	0.0	0.0	0.0	0.0
Node 3		4.52505	6.17811	6.7453	7.04219	5.41343	4.8456	4.746659999999999	9.00419	8.32406	5.92086	5.7459299999999995	8.33344	5.48121	6.709210000000001	4.27717	5.39409	4.80096	8.53696	5.81449	2.30614	0.0	0.0	0.0
Node 71		6.04317	5.74615	7.2100100000000005	6.3842	8.34711	4.40032	7.4638	4.4422999999999995	6.14443	5.03038	6.4806799999999996	3.60213	9.58667	6.1665600000000005	5.03971	10.218910000000001	12.21256	3.33602	4.778770000000001	2.13165	0.0	0.0	0.0
Node 111		5.174779999999999	7.465439999999999	6.332269999999999	3.89991	6.658110000000001	8.15232	7.288360000000001	8.90291	6.47687	4.2615300000000005	5.54377	8.71192	2.31086	6.645860000000001	5.583819999999999	5.37687	6.36733	6.35308	5.7642	0.0	0.0	0.0	0.0
Node 114		3.75031	7.6119900000000005	7.77419	3.7331000000000003	5.98691	4.52719	8.0267	8.95562	9.98411	4.20876	8.233319999999999	9.3223	1.56479	4.183859999999999	3.7320100000000003	5.07775	8.776290000000001	4.18164	4.159	0.0	0.0	0.0	0.0
Node 195		9.83966	7.528899999999999	1.5947200000000001	3.3865899999999995	8.1347	4.6641200000000005	2.53005	8.34206	6.23078	6.52309	4.67035	4.6647	8.85143	6.4899	6.622350000000001	7.09642	6.39801	4.19504	8.40992	0.0	0.0	0.0	0.0
Node 19		7.3417200000000005	10.24659	7.98948	6.1191	4.504	9.13953	6.7951999999999995	6.59154	6.5418	5.19698	8.15147	5.13702	5.90715	5.35744	8.24656	7.02776	6.92213	6.00075	4.87488	0.0	0.0	0.0	0.0
Node 91		7.6328	5.05281	3.99734	10.17001	2.15338	7.14444	1.3462699999999999	6.021710000000001	7.1673100000000005	7.1093	6.12538	5.4063	8.6311	3.63456	4.08622	7.02344	3.7684599999999997	3.20544	6.91375	0.9308500000000001	0.0	0.0	0.0
Node 113		2.8696200000000003	9.72512	4.22764	3.07259	6.42967	3.6574299999999997	4.47054	6.72051	3.52339	2.4599200000000003	7.63997	2.1784000000000003	8.33069	2.56503	5.9599	9.27562	7.39995	4.96874	6.5265	1.32165	0.0	0.0	0.0
Node 132		6.617789999999999	5.05304	6.84689	7.80363	6.64467	5.523560000000001	2.63865	5.88503	6.82478	3.9458100000000003	9.238019999999999	4.9563999999999995	7.7138	8.299479999999999	7.37355	8.12013	4.42307	7.02186	4.39872	2.30614	0.0	0.0	0.0
Node 151		8.05327	6.7207	6.90973	5.43803	6.55629	11.01032	3.8851700000000005	5.2878799999999995	5.75889	4.955699999999999	4.82796	6.857399999999999	3.63356	6.483569999999999	7.739210000000001	4.91408	2.68989	6.04937	7.295450000000001	0.58672	0.0	0.0	0.0
Node 155		10.68396	6.86089	8.09217	7.525329999999999	6.827089999999999	5.379840000000001	6.9932	5.0796	8.275689999999999	6.53585	6.47959	11.22518	3.28129	3.02372	3.80929	8.21752	10.55219	6.674720000000001	8.32032	1.3967200000000002	0.0	0.0	0.0
Node 82		10.04177	9.07939	3.1365499999999997	5.20799	6.658519999999999	4.82864	5.97236	11.027579999999999	5.49802	5.4702399999999995	5.5853	5.6395	6.36065	6.434429999999999	8.96107	7.78623	5.97029	9.47456	4.71414	0.0	0.0	0.0	0.0
Node 67		5.89694	8.71706	4.14087	9.08549	4.82424	3.7614099999999997	5.247269999999999	6.929889999999999	9.50062	6.819369999999999	8.11563	11.116389999999999	5.05004	8.06486	5.92054	6.15734	6.24846	3.1642099999999997	6.75271	0.9303600000000001	0.0	0.0	0.0
Node 131		6.9160200000000005	3.25854	8.60214	6.48271	5.26692	6.892760000000001	5.4425099999999995	6.668699999999999	5.42696	4.515899999999999	6.48726	7.1241	6.70264	10.039950000000001	4.4591899999999995	5.33904	10.23326	8.9368	5.45482	1.32165	0.0	0.0	0.0
Node 83		5.57787	3.27271	9.02366	5.83415	4.78939	7.959860000000001	4.21444	6.38079	4.88493	5.81674	7.534870000000001	11.21421	3.65244	7.739369999999999	4.7838199999999995	7.852620000000001	9.06682	2.71974	6.04631	0.0	0.0	0.0	0.0
Node 154		3.78455	5.0469	6.1323799999999995	9.0564	6.67359	7.53312	9.27482	6.7708900000000005	6.1018799999999995	4.20876	5.01167	1.74113	7.13434	3.2309900000000003	5.36873	11.37656	9.65309	3.8510000000000004	8.03793	0.0	0.0	0.0	0.0
Node 137		7.590040000000001	8.221770000000001	3.4446600000000003	10.99902	8.22508	5.70377	3.30702	4.518599999999999	8.98096	5.5563	5.05332	9.60687	4.45022	6.69762	8.19324	6.20637	6.41022	6.17869	6.84181	1.46393	0.0	0.0	0.0
Node 52		4.435639999999999	4.66609	6.30044	5.7273499999999995	6.90294	7.7364299999999995	7.36527	5.861829999999999	3.4313999999999996	3.7157999999999998	10.42748	3.2281700000000004	7.56405	3.12418	5.17484	8.49031	8.370379999999999	7.019019999999999	5.95731	2.32757	0.0	0.0	0.0
Node 173		6.367209999999999	4.33057	5.154319999999999	6.70124	6.30628	6.97789	5.49507	6.204330000000001	5.52637	9.44676	7.45518	10.84885	5.61677	5.6894800000000005	5.36197	9.63581	9.308869999999999	5.89757	5.6452	0.9308500000000001	0.0	0.0	0.0
Node 20		4.47538	7.06953	9.23711	8.45512	7.08391	6.668749999999999	3.1655599999999997	4.76795	7.96628	5.4507	9.57967	5.91676	8.23478	9.38688	5.57129	5.79338	7.71202	3.5756200000000002	6.29878	0.0	0.0	0.0	0.0
Node 141		5.08795	4.40629	5.03605	7.829369999999999	5.32786	8.92314	7.17306	10.07738	6.27204	7.38315	4.40651	6.13483	9.624	1.55121	4.77119	11.6756	9.85608	6.24116	7.07199	0.53308	0.0	0.0	0.0
Node 56		3.90883	4.795	8.013639999999999	6.3021400000000005	8.47129	6.04248	3.52882	6.0122	5.33157	5.55457	7.38118	4.47949	6.08387	6.7637100000000006	5.976299999999999	6.78948	6.27013	8.12507	5.86022	0.7885700000000001	0.0	0.0	0.0
Node 142		3.25764	8.292910000000001	6.16592	4.2173799999999995	6.9919400000000005	5.7637	4.87738	4.8227199999999995	5.348739999999999	6.629599999999999	5.67495	7.73199	8.7895	4.2781	4.76964	4.18638	5.93457	5.4747200000000005	3.74363	1.5985699999999998	0.0	0.0	0.0
Node 194		8.34621	9.73797	4.12745	4.74554	6.01426	6.340260000000001	6.63365	7.60841	4.84598	3.66828	5.2184	9.35796	6.024249999999999	6.14752	4.09994	8.126940000000001	7.75185	7.238519999999999	5.38863	1.71893	0.0	0.0	0.0
Node 193		8.0803	3.89358	10.61055	2.5518099999999997	9.244570000000001	6.707680000000001	2.59124	7.82882	7.478400000000001	3.514	6.19292	7.298449999999999	4.29537	6.3743	6.25725	5.27604	10.24049	6.08759	6.13001	0.53308	0.0	0.0	0.0
Node 43		8.31875	5.63668	9.157160000000001	6.84975	2.66623	5.775580000000001	4.816879999999999	9.25197	6.573710000000001	4.67312	6.6095	7.996250000000001	5.89431	5.681760000000001	5.076499999999999	6.73367	5.16633	6.4919400000000005	6.0554499999999996	1.90837	0.0	0.0	0.0
Node 8		5.5108999999999995	8.33625	6.8227899999999995	6.6776100000000005	8.78776	4.89372	5.02712	6.382160000000001	5.82307	3.7958600000000002	5.11201	6.5349699999999995	2.68908	5.32517	7.71442	8.62833	7.522080000000001	7.61697	7.1906300000000005	0.53308	0.0	0.0	0.0
Node 81		4.2256	1.65533	9.87183	5.02342	2.91881	4.97823	4.33434	5.01058	4.02015	9.57659	6.2543	4.2726	5.146	6.329269999999999	3.03105	6.11829	10.38391	6.02041	8.12066	0.0	0.0	0.0	0.0
Node 104		4.5293600000000005	8.38391	5.98686	7.857749999999999	6.91951	6.25756	3.9026699999999996	6.0306	6.37936	5.01015	8.5938	3.4730200000000004	6.0406	6.58835	9.0571	5.1650599999999995	9.820139999999999	5.610049999999999	5.7544699999999995	0.53308	0.0	0.0	0.0
Node 72		3.2974900000000003	3.04009	9.49502	8.02091	4.49012	6.72459	5.77513	8.80147	7.0172300000000005	7.83185	6.459	2.94267	5.35864	6.34098	5.973520000000001	7.86087	7.8639399999999995	5.84661	4.8554699999999995	0.0	0.0	0.0	0.0
Node 10		4.16769	10.6091	8.338700000000001	4.39129	7.62076	9.64449	5.321	4.57227	7.00591	7.984389999999999	2.99153	9.80494	5.81306	6.1367400000000005	9.488430000000001	7.65692	6.78921	7.92234	3.83331	1.5985699999999998	0.0	0.0	0.0
Node 175		5.90448	6.46972	6.00439	4.46461	2.45683	4.58244	6.562189999999999	7.818840000000001	3.63776	3.40036	9.35921	10.136660000000001	7.8141	5.762020000000001	5.00735	9.45235	5.67106	5.73382	6.43141	2.32708	0.0	0.0	0.0
Node 14		5.7721599999999995	7.92788	5.02343	6.23461	5.511089999999999	2.278	6.04418	8.15136	6.30262	6.074269999999999	5.084960000000001	5.16904	4.49538	2.75111	6.22093	5.445069999999999	7.49243	6.4464	5.88736	1.46393	0.0	0.0	0.0
Node 192		6.2906	11.42351	7.60598	6.496929999999999	6.95371	9.0589	4.96481	5.4109	8.35108	5.51312	4.49496	5.3274799999999995	7.71052	6.98226	4.033040000000001	8.33392	8.14698	8.34663	4.16601	2.2520100000000003	0.0	0.0	0.0
Node 11		4.612369999999999	3.91197	8.61648	5.95713	6.02746	3.8216300000000003	3.9218200000000003	6.945600000000001	8.89565	6.85978	5.43396	6.56709	3.9868	5.01546	4.41936	8.40926	10.89068	3.04483	5.9852799999999995	0.0	0.0	0.0	0.0
Node 139		7.9481399999999995	7.1593	5.73349	5.45847	8.30031	3.9912499999999995	2.70017	7.25152	9.33446	6.19565	6.07971	7.657500000000001	5.1286	6.6968	6.35748	8.113299999999999	6.47965	9.31034	5.60089	0.0	0.0	0.0	0.0
Node 170		7.459499999999999	4.32839	3.53189	4.8499	6.35593	3.07787	6.373959999999999	7.62756	5.173380000000001	4.43397	8.86516	9.66977	9.91222	3.0447800000000003	5.2237100000000005	8.561670000000001	9.28837	10.129620000000001	5.75325	1.9298	0.0	0.0	0.0
Node 101		5.59526	6.5338199999999995	8.52173	8.08346	8.82637	7.02381	2.8958	6.6542699999999995	5.84213	5.41242	7.61863	6.61294	5.54713	4.23959	2.80633	6.141039999999999	5.79119	9.77862	3.2979000000000003	1.32165	0.0	0.0	0.0
Node 48		5.991910000000001	5.1728000000000005	5.92183	8.117009999999999	4.68446	5.27079	6.66519	4.88309	7.68826	2.86103	4.59047	5.8323100000000005	10.81833	4.73634	5.98542	9.62136	5.28982	6.954689999999999	4.07929	0.9308500000000001	0.0	0.0	0.0
Node 50		7.61034	6.96708	8.88241	11.07307	10.34011	6.4458	6.9846699999999995	6.7602899999999995	9.60762	4.7070099999999995	6.58315	5.98663	4.5020999999999995	1.9763099999999998	4.06141	7.29348	10.492740000000001	10.63569	5.496779999999999	1.71893	0.0	0.0	0.0
Node 135		9.662460000000001	6.34203	6.863080000000001	6.27709	3.90551	6.362629999999999	4.3709999999999996	10.10487	2.48255	8.03585	6.73951	8.35483	5.56717	5.60849	4.5389100000000004	6.722219999999999	8.45432	9.46838	5.35993	1.46393	0.0	0.0	0.0
Node 110		8.63693	5.5307	5.005380000000001	8.49399	5.17161	6.82788	7.32067	4.70755	5.37792	5.5103	8.18394	3.70099	5.66776	6.86592	5.863	8.632439999999999	6.25681	6.698569999999999	3.8851400000000003	0.0	0.0	0.0	0.0
Node 13		5.30279	5.3032200000000005	8.961120000000001	6.463820000000001	9.73677	4.99422	2.94927	6.502149999999999	7.02934	3.4887599999999996	5.80086	7.4166	6.99865	4.35411	5.33512	8.31026	12.358080000000001	7.1615899999999995	4.94027	0.0	0.0	0.0	0.0
Node 25		6.17691	8.047070000000001	4.1268	5.10145	6.00774	5.15261	4.10097	4.29425	3.79429	7.3852899999999995	4.59076	8.412899999999999	2.51395	3.5031399999999997	4.6115200000000005	5.737430000000001	9.97096	3.26236	10.23707	0.8099999999999999	0.0	0.0	0.0
Node 164		10.35335	4.77679	6.31659	7.537960000000001	5.29451	6.651459999999999	7.208970000000001	4.17723	4.7299	8.01934	4.77649	6.651999999999999	3.68402	4.7411	7.00007	5.96994	4.7467299999999994	8.2896	6.31596	1.71893	0.0	0.0	0.0
Node 42		8.34887	5.03937	4.79197	5.91523	4.5506400000000005	8.02815	4.5073799999999995	8.5464	6.36028	4.88339	3.63049	8.13934	7.687190000000001	6.01033	6.871530000000001	8.01098	5.48287	3.8048400000000004	4.63255	0.0	0.0	0.0	0.0
Node 119		4.69914	4.44087	3.65956	8.73334	4.45656	8.41386	7.02028	6.17192	9.77913	2.05887	6.079330000000001	5.84315	7.41057	6.22896	7.08679	8.77004	4.20591	4.19794	7.00116	0.7885700000000001	0.0	0.0	0.0
Node 37		6.344460000000001	7.502269999999999	7.710839999999999	7.304760000000001	4.42914	7.0249500000000005	5.07694	4.535340000000001	10.30206	4.89801	7.51546	8.453149999999999	5.18632	5.52785	3.0399700000000003	9.92756	5.9778199999999995	4.26807	4.72365	0.0	0.0	0.0	0.0
Node 117		4.826020000000001	4.42055	10.320749999999999	5.99581	6.48079	4.722090000000001	6.7238999999999995	1.33111	4.66392	3.8900499999999996	5.87091	8.24414	8.341510000000001	5.22475	5.52947	9.5953	9.76756	5.3671999999999995	4.63578	0.58672	0.0	0.0	0.0
Node 34		7.27997	3.89403	13.436980000000002	4.73854	4.29425	7.353999999999999	3.86541	4.08861	4.44313	6.44458	6.5519099999999995	10.46159	7.30693	7.26098	6.08247	5.724060000000001	6.873279999999999	5.31073	2.67121	1.5985699999999998	0.0	0.0	0.0
Node 69		4.05471	8.53833	8.97287	4.17973	6.63152	7.2974499999999995	6.14372	5.1063600000000005	3.77799	5.82482	7.80952	6.437619999999999	8.94315	4.550549999999999	7.3935	5.68035	12.51512	6.17365	5.28442	0.0	0.0	0.0	0.0
Node 143		7.85391	3.95949	9.16493	6.77533	5.97002	5.95284	6.3696	8.66807	5.44496	2.37918	6.6644499999999995	6.15043	3.96168	5.80078	5.504309999999999	9.46936	6.85179	4.75475	5.6874899999999995	0.8099999999999999	0.0	0.0	0.0
Node 108		2.84235	2.98793	9.077580000000001	6.97768	5.4082	5.023210000000001	5.623530000000001	6.942520000000001	8.29672	4.2004	6.01201	7.07738	8.83061	5.7054100000000005	4.0728800000000005	8.12085	5.821140000000001	6.5878000000000005	5.47571	1.5985699999999998	0.0	0.0	0.0
Node 171		9.79782	6.4542600000000006	9.44471	4.93789	6.35006	6.36114	4.4865200000000005	5.73559	9.49802	5.0136899999999995	7.931649999999999	7.448589999999999	5.3793500000000005	3.34034	5.82349	4.70323	8.21437	7.2186	5.43448	1.51708	0.0	0.0	0.0
Node 166		6.805	6.712940000000001	5.04807	6.74589	2.0058800000000003	5.62045	6.408980000000001	10.49344	6.21153	8.1222	6.878869999999999	6.655519999999999	5.08558	6.558319999999999	9.336590000000001	5.24259	8.99249	9.53817	4.3631400000000005	0.0	0.0	0.0	0.0
Node 73		3.27086	5.08054	10.12059	7.40825	8.45993	5.1045	7.765180000000001	6.22987	6.22148	6.00006	4.0311699999999995	8.372300000000001	5.65007	4.56696	6.670579999999999	6.33228	3.02756	9.63969	4.46956	0.0	0.0	0.0	0.0
Node 148		7.22132	5.756950000000001	5.063680000000001	7.3772199999999994	5.76069	6.817049999999999	6.59216	6.92884	7.03076	5.94905	8.5409	7.45315	3.2491600000000003	4.79206	2.87479	5.37985	5.83687	7.076979999999999	4.19919	0.53308	0.0	0.0	0.0
Node 185		6.10326	5.31792	7.08562	7.26275	5.41765	7.033150000000001	7.943359999999999	7.01909	7.59847	9.402099999999999	8.69462	6.9578299999999995	3.70309	4.04374	8.642669999999999	6.620470000000001	8.64213	8.28275	5.5378	2.39429	0.0	0.0	0.0
Node 179		6.96493	12.70614	4.84206	6.013	5.8779699999999995	6.24634	8.233559999999999	7.080309999999999	5.46347	6.657209999999999	4.58228	6.40487	5.09266	5.88341	8.108600000000001	9.62142	5.33305	7.95404	4.71052	0.0	0.0	0.0	0.0
Node 12		6.38054	9.01375	4.18333	3.8721400000000004	6.38629	10.2583	8.09854	7.04443	5.72681	4.41885	4.53402	9.83994	8.51844	5.79147	5.24914	6.78989	9.68946	5.8905899999999995	4.51957	1.5985699999999998	0.0	0.0	0.0
Node 96		2.21103	7.19398	3.45486	7.4516	8.01215	7.1805900000000005	6.27354	6.858060000000001	11.23738	4.12765	10.45278	6.06754	7.78806	7.52124	6.8241499999999995	7.04729	7.74069	2.68037	6.51943	0.0	0.0	0.0	0.0
Node 84		7.34894	5.9063	6.09096	6.06362	8.49817	8.1146	7.09504	8.63424	5.99254	3.8475500000000005	7.52174	5.48603	3.17944	8.377519999999999	5.21406	10.426879999999999	8.68871	5.747739999999999	3.5440600000000004	0.9308500000000001	0.0	0.0	0.0
Node 1		7.55398	6.90331	5.746020000000001	4.90867	7.17832	4.99982	5.12667	5.48038	9.94905	5.5391200000000005	7.024030000000001	7.44128	7.894660000000001	6.20312	5.388310000000001	6.1875800000000005	3.09096	8.7826	5.29724	1.74085	0.0	0.0	0.0
Node 36		6.528989999999999	5.83193	8.82531	9.2813	6.678979999999999	5.16871	4.72121	2.8059000000000003	10.71284	6.92898	4.930969999999999	4.64286	2.6859100000000002	5.86757	2.55248	5.8378	10.97818	5.23106	6.949470000000001	0.7885700000000001	0.0	0.0	0.0
Node 109		4.67874	1.80852	5.85548	4.31635	7.207139999999999	8.86334	2.53005	5.59705	6.67927	7.79643	5.41725	4.5839	3.48439	10.09362	5.09601	7.34335	8.84183	6.466959999999999	5.838030000000001	0.7885700000000001	0.0	0.0	0.0
Node 62		8.055	7.75772	7.572039999999999	9.13131	6.58045	4.661	5.05457	7.28563	5.3052	8.35475	5.63667	4.51344	3.15445	3.45809	3.6348100000000003	10.35913	5.69379	3.2976199999999998	6.5778799999999995	0.58672	0.0	0.0	0.0
Node 145		5.25022	9.16661	5.5449600000000006	8.95167	5.34208	7.99943	7.69442	5.89905	7.69049	7.28805	7.392079999999999	9.175030000000001	6.24146	5.417000000000001	2.4461	3.9190099999999997	7.529800000000001	2.4125	4.84411	0.0	0.0	0.0	0.0
Node 64		5.11147	3.23706	8.69957	8.20523	5.23742	8.39921	6.35443	6.95587	7.27468	7.181800000000001	5.26075	7.79553	6.82406	9.79663	3.2319500000000003	6.52586	5.81574	5.38525	4.99409	1.51757	0.0	0.0	0.0
Node 99		5.22799	5.03967	7.03362	5.254020000000001	8.926359999999999	3.0011300000000003	5.93205	5.88029	4.33024	6.27332	7.24191	8.17277	4.44834	5.4159	3.88876	4.72998	7.77603	7.69792	3.45697	1.32165	0.0	0.0	0.0
Node 55		8.43557	7.25049	7.742730000000001	8.21847	4.2927	6.4458	4.91782	5.11322	6.58258	7.24819	6.22905	5.97223	7.60647	5.66354	6.6935400000000005	7.202310000000001	8.8063	5.25518	3.06336	0.7885700000000001	0.0	0.0	0.0
Node 144		4.050730000000001	5.23936	5.172829999999999	4.89147	7.47183	7.570069999999999	8.010720000000001	4.719460000000001	5.3872	6.69679	5.81541	5.25697	6.10123	4.8963	6.133360000000001	3.0212499999999998	6.50067	7.3741	7.594760000000001	0.53308	0.0	0.0	0.0
Node 189		7.46316	8.68228	7.97894	5.43172	5.195410000000001	6.87976	7.74509	5.9578	9.71065	7.043099999999999	7.622800000000001	5.59107	6.40863	4.87735	4.30989	2.28113	8.38739	5.60435	7.540280000000001	1.9298	0.0	0.0	0.0
Node 51		4.935090000000001	5.65947	7.39452	5.54152	7.31783	5.8415300000000006	6.0151900000000005	3.1281299999999996	3.1763600000000003	5.931290000000001	6.25753	6.8162	5.85215	9.78495	3.80384	8.76368	4.90763	6.61764	4.83011	0.8099999999999999	0.0	0.0	0.0
Node 27		7.367890000000001	5.68451	9.12627	5.52541	6.11634	7.290710000000001	3.57477	6.14319	3.77799	4.75335	8.39053	3.8243899999999997	7.15605	9.67214	4.84819	10.14348	6.871370000000001	4.93031	5.8799	0.0	0.0	0.0	0.0
Node 169		3.07563	5.21264	9.9729	8.70688	9.81994	5.45415	6.24707	4.57062	2.78698	6.25843	8.85615	9.64365	4.94859	2.07056	4.71982	8.022749999999998	8.41723	5.54632	6.14988	1.34308	0.0	0.0	0.0
Node 95		12.12184	4.87744	5.24556	8.09108	3.5741500000000004	5.23718	4.02436	5.8486400000000005	5.56185	5.3312800000000005	6.854639999999999	6.748600000000001	3.47984	6.579740000000001	7.55279	6.63257	8.44532	8.42393	4.59222	0.8099999999999999	0.0	0.0	0.0
Node 140		8.75015	8.21515	9.3055	6.79628	6.989850000000001	3.77879	3.9702300000000004	6.1090100000000005	7.11334	5.570139999999999	4.66084	5.19586	5.74118	7.53964	3.8481300000000003	7.714899999999999	8.99267	7.278900000000001	7.144	0.0	0.0	0.0	0.0
Node 178		7.0257	4.871770000000001	4.740740000000001	5.254020000000001	11.000119999999999	5.59797	7.868250000000001	5.78793	4.91263	3.70115	7.444520000000001	5.10738	7.66568	6.28809	8.19218	9.80849	9.31523	4.12925	6.772450000000001	0.0	0.0	0.0	0.0
Node 128		6.11291	3.8885500000000004	5.77069	5.75969	6.97668	2.7545900000000003	3.78208	8.11716	9.29363	5.81635	6.36744	5.48222	6.05593	2.9977	8.43389	7.62751	5.19023	6.2652600000000005	7.21063	2.44793	0.0	0.0	0.0
Node 196		5.33786	2.77367	9.50461	7.3815800000000005	6.90221	3.97724	3.17694	8.34906	8.51595	3.88381	6.5330200000000005	4.0127500000000005	7.59663	7.205509999999999	6.8370299999999995	7.71727	2.71675	4.7280299999999995	9.30094	1.32165	0.0	0.0	0.0
Node 90		7.269209999999999	10.09253	6.73694	4.4839400000000005	7.73783	5.55361	8.93514	9.412139999999999	3.4295600000000004	6.504300000000001	8.9796	7.43201	4.39286	5.5319	8.054070000000001	7.30138	3.9613	5.807840000000001	8.21778	0.0	0.0	0.0	0.0
Node 149		4.16397	2.90195	5.23719	6.35383	9.551400000000001	3.5929599999999997	4.01259	5.758039999999999	7.008509999999999	3.04852	2.2417800000000003	8.58396	4.39286	9.68194	5.20367	6.99917	6.26362	7.8875	6.276610000000001	1.46393	0.0	0.0	0.0
Node 17		7.88602	4.36525	4.80654	9.82339	5.71382	7.73321	4.6723099999999995	5.69741	5.4926200000000005	6.23014	4.8758799999999995	8.97683	4.47425	4.08495	6.29472	4.49751	4.9652899999999995	3.89797	4.8952599999999995	0.9308500000000001	0.0	0.0	0.0
Node 77		4.68489	3.9966500000000003	9.52842	8.209610000000001	7.10687	3.0818499999999998	6.235460000000001	3.3357699999999997	6.27398	6.41093	8.83813	6.846480000000001	5.40367	4.785550000000001	4.75651	8.618960000000001	6.33977	6.44211	1.68118	1.46344	0.0	0.0	0.0
Node 146		5.15726	4.970490000000001	6.31473	11.573260000000001	7.3939699999999995	5.06861	3.19025	7.6353599999999995	6.20246	3.3709500000000006	5.81561	5.70902	5.80339	4.25416	6.6125799999999995	7.11194	3.7525500000000003	3.96655	4.9256	1.9298	0.0	0.0	0.0
Node 172		2.8790799999999996	8.44213	6.610199999999999	3.57878	4.25947	4.48825	3.97893	5.80978	6.6713499999999994	8.5726	6.932829999999999	6.1417600000000006	6.07579	4.32557	4.7873	7.81608	4.61414	7.77437	8.06928	1.71942	0.0	0.0	0.0
Node 46		6.13593	6.0986199999999995	5.03192	4.05819	7.121969999999999	9.93597	4.86159	5.19413	3.66437	5.60287	5.42456	10.5636	6.16762	6.4808900000000005	7.03328	6.614820000000001	8.17508	8.07562	4.3890899999999995	0.53308	0.0	0.0	0.0
Node 16		5.18095	4.65902	7.95242	6.790369999999999	4.10174	5.02623	5.26846	3.7366499999999996	5.7054	4.59101	5.31696	7.879079999999999	7.9001	4.7569300000000005	5.87772	6.15091	10.08126	5.70355	9.34197	0.0	0.0	0.0	0.0
Node 4		6.006460000000001	8.223410000000001	4.84897	6.34069	4.06169	5.8373	4.20556	5.29339	6.317069999999999	6.21108	6.45643	8.80747	6.31075	7.28085	5.089230000000001	8.500539999999999	8.11105	4.87594	5.47848	1.71942	0.0	0.0	0.0
Node 103		4.58534	3.53817	9.65897	5.031499999999999	4.48844	6.37886	4.98019	9.43552	7.70919	5.21575	5.63231	8.08353	3.5180599999999997	5.88342	5.481450000000001	4.566520000000001	5.32561	7.97504	5.95087	0.58672	0.0	0.0	0.0
Node 124		6.14541	6.50394	8.46301	4.9762	6.9187899999999996	3.96542	8.06562	5.518350000000001	5.14718	4.44964	6.4775	8.65178	9.11712	8.53332	2.87005	8.95202	7.05747	6.48083	8.51794	0.7885700000000001	0.0	0.0	0.0
Node 153		5.9196	8.82183	7.43128	5.62746	9.30425	5.8554	6.94433	6.24994	4.79866	4.47069	2.42658	5.78301	5.48703	7.31178	2.60133	8.44501	6.32573	9.23612	7.424169999999999	0.0	0.0	0.0	0.0
Node 115		7.06377	6.5681	8.830440000000001	7.0569999999999995	6.334	9.60558	5.97343	4.1395800000000005	5.6598500000000005	3.47912	6.1470400000000005	8.12044	5.69125	6.837999999999999	6.877859999999999	10.64085	7.97118	3.49089	6.767289999999999	4.0465	0.0	0.0	0.0
Node 125		6.125789999999999	8.70851	7.71931	6.85788	2.2987	5.11603	2.8184	3.9989	7.91552	4.55465	4.89131	5.26769	4.26605	9.26758	5.839119999999999	6.324789999999999	7.5904	5.04982	6.177379999999999	0.0	0.0	0.0	0.0
Node 41		6.17211	7.79619	7.83746	9.35649	6.27494	6.94869	4.0917	6.07641	6.58466	4.17578	8.62079	9.399140000000001	5.13467	4.75221	2.7816199999999998	8.53888	8.98095	4.97604	4.94483	0.0	0.0	0.0	0.0
Node 59		4.801480000000001	4.49911	5.6465000000000005	6.23048	5.14622	7.846939999999999	6.36485	8.76888	5.69533	4.53218	6.76302	6.3747	3.06794	5.79844	8.53352	6.79515	10.42496	5.21136	2.8124	0.7885700000000001	0.0	0.0	0.0
Node 158		3.3803199999999998	8.87679	12.00661	5.97896	8.48163	7.1481699999999995	5.33145	5.89044	7.1418099999999995	4.52882	7.02652	7.0797799999999995	3.9868	5.08091	3.95418	7.51942	5.038469999999999	4.63466	2.86016	0.8099999999999999	0.0	0.0	0.0
Node 150		5.32222	4.46593	3.4490600000000002	7.625360000000001	5.40357	5.19778	6.709130000000001	1.82729	5.92322	8.09521	6.23507	2.69859	5.17409	5.13251	10.25726	4.89719	11.31006	4.6086599999999995	7.363790000000001	0.7885700000000001	0.0	0.0	0.0
Node 6		3.1207100000000003	2.6770300000000002	5.37353	9.84854	6.39349	8.59771	4.03846	4.9587	5.45996	5.08732	4.46927	7.5449	7.5998399999999995	7.89017	8.60311	7.1475	7.79283	9.68512	6.35972	1.32165	0.0	0.0	0.0
Node 180		5.87645	2.0719499999999997	3.18617	4.4677	9.94034	4.37287	7.21024	5.8844	6.351139999999999	4.9123600000000005	4.9206199999999995	4.54328	3.8251899999999996	3.45168	6.93424	5.7063299999999995	6.68309	6.17785	3.0091900000000003	0.9308500000000001	0.0	0.0	0.0
Node 129		6.81729	6.92328	5.01184	3.3325599999999995	5.755	8.73259	6.97415	8.17611	2.47175	5.46132	4.41366	5.85095	2.86897	6.533980000000001	4.439	4.50623	8.78202	6.833069999999999	4.7546800000000005	2.98101	0.0	0.0	0.0
Node 61		6.76297	5.505059999999999	6.5658900000000004	6.06015	7.396419999999999	3.8112600000000003	6.736159999999999	6.86181	5.95685	5.766	10.11301	6.7714	6.95041	6.4618400000000005	10.39866	6.37827	7.224329999999999	7.365049999999999	3.69867	0.7885700000000001	0.0	0.0	0.0
Node 15		6.773160000000001	5.437460000000001	4.5137599999999996	5.75473	7.91732	6.63377	5.36105	7.08908	5.45164	7.325660000000001	4.7051799999999995	11.72481	8.75824	7.47481	5.034940000000001	5.38567	7.311719999999999	7.73579	6.14339	2.83922	0.0	0.0	0.0
