Node 54		6.79041	4.51011	5.90741	6.24222	8.28811	4.25873	2.10943	3.52197	1.6208	0.71376	4.99627	1.31937	1.53175	6.50263	2.8613199999999996	5.705360000000001	2.49114	4.40624	2.87791	0.0	0.0	0.0	0.0
Node 21		6.712160000000001	5.41193	4.16334	5.08969	3.80063	6.57056	1.5628099999999998	3.71276	3.41872	1.82339	3.51534	2.26972	4.4573	1.8590099999999998	2.14928	4.61868	2.04096	0.68174	5.733429999999999	0.0	0.0	0.0	0.0
Node 124		7.29712	6.12506	4.2208000000000006	8.09809	5.1475800000000005	1.5478	3.77225	4.1807	4.786449999999999	3.47743	4.55034	1.3604	4.48511	8.301400000000001	2.91667	6.22195	5.2184099999999995	3.71688	4.1125799999999995	0.0	0.0	0.0	0.0
Node 28		4.63416	3.55009	4.6924	6.97527	4.31183	5.1263499999999995	2.54141	3.76564	3.76556	1.28495	2.5555600000000003	2.07176	1.9351699999999998	8.292539999999999	5.86609	2.11365	4.75019	5.45319	1.55669	0.58672	0.0	0.0	0.0
Node 127		5.34293	4.30839	4.8392100000000005	5.51419	4.67203	4.84687	1.56314	5.21734	2.79825	4.63265	6.74347	0.9219099999999999	5.406070000000001	6.52114	7.03985	4.18462	2.69992	5.24616	2.59694	0.0	0.0	0.0	0.0
Node 65		1.25924	5.77794	7.21578	5.82229	5.49949	4.24956	4.49875	4.247730000000001	1.60269	5.4643999999999995	4.5023100000000005	0.90674	2.45182	3.4013799999999996	5.38788	4.47701	0.75483	7.515	1.56658	0.0	0.0	0.0	0.0
Node 91		5.30407	4.3535699999999995	1.75696	7.47192	4.64501	4.087219999999999	0.0	4.82582	2.36477	3.20832	1.63472	4.40295	0.0	2.8569	2.38126	7.00023	4.2154	3.033	7.21319	0.0	0.0	0.0	0.0
Node 197		5.96776	8.29175	5.68073	5.57801	1.25274	7.014570000000001	3.09088	0.75032	4.17464	4.19897	3.89895	3.17312	2.62479	3.70408	4.74514	5.42279	4.47655	4.91378	3.50534	0.0	0.0	0.0	0.0
Node 169		9.04259	3.7015800000000003	6.5574900000000005	7.42469	3.93151	3.40425	3.01172	1.07697	2.72906	3.04935	5.67567	3.52179	2.12162	7.213	7.60266	4.51287	2.17871	4.88644	4.47305	0.53308	0.0	0.0	0.0
Node 115		8.529	1.97973	4.46529	6.01713	3.8092599999999996	8.21088	2.82495	0.7158399999999999	3.9273700000000002	3.78115	8.0536	0.0	3.3217000000000003	2.72284	0.8764700000000001	5.3122799999999994	2.01604	1.2032100000000001	4.3539	1.32165	0.0	0.0	0.0
Node 11		4.25008	5.83938	8.85331	7.7003	3.8288200000000003	7.18092	3.91474	3.79267	3.4183600000000003	0.9180799999999999	1.84788	3.15235	4.8344	3.7116700000000002	2.18712	6.57822	1.6663899999999998	0.0	3.52374	0.53308	0.0	0.0	0.0
Node 49		6.43246	3.5459699999999996	9.7309	7.831449999999999	4.62126	5.407789999999999	3.08777	3.03854	1.2597	4.31755	6.805890000000001	3.38279	4.71223	4.27349	1.74237	2.50956	4.83911	4.83716	2.5006	0.0	0.0	0.0	0.0
Node 175		9.21022	3.62364	6.20891	3.74524	1.69367	4.5461	4.0709	2.84881	4.70053	4.0113900000000005	5.95913	2.12054	0.0	7.215140000000001	1.8474899999999999	4.57036	5.91304	1.6217100000000002	3.11753	0.0	0.0	0.0	0.0
Node 87		3.9803900000000003	1.2335099999999999	5.80339	7.574	8.07554	5.90711	3.13916	4.99154	4.3395	0.86232	4.83808	1.86044	3.2954700000000003	0.6712199999999999	7.6903	4.17171	1.73689	2.49041	6.882829999999999	0.0	0.0	0.0	0.0
Node 149		4.57182	4.8282	10.02718	7.73402	0.0	5.9668600000000005	2.27149	1.5117800000000001	5.573659999999999	1.4830299999999998	6.05088	8.82227	0.0	4.36571	3.0956	7.11208	0.8283699999999999	2.47359	5.20215	0.0	0.0	0.0	0.0
Node 153		6.1806600000000005	0.70934	7.2331199999999995	6.416869999999999	2.02208	3.5251900000000003	3.27037	3.68647	0.67434	1.60727	3.66372	0.53589	1.74817	8.74699	1.68369	6.0432500000000005	3.28151	1.94846	1.89555	0.58672	0.0	0.0	0.0
Node 12		3.1113600000000003	5.80351	3.23355	7.77775	0.8626999999999999	7.95191	2.94833	3.8180699999999996	4.72524	4.54448	4.7528500000000005	2.10582	3.8389100000000003	3.8036	3.8258	3.73524	3.12541	7.67133	3.17566	0.0	0.0	0.0	0.0
Node 189		3.14579	4.663550000000001	3.3563500000000004	6.81383	5.31923	8.8466	2.13701	4.14609	1.84008	3.73072	2.4983999999999997	4.94425	2.16919	5.83838	5.13909	2.2668	6.4846699999999995	3.9688099999999995	4.4397199999999994	0.9303600000000001	0.0	0.0	0.0
Node 198		5.874680000000001	5.927849999999999	5.75923	5.46493	3.7669099999999998	4.75418	3.36312	0.7158399999999999	4.623349999999999	2.80322	3.3591	2.8485799999999997	5.39689	4.81694	2.8490499999999996	6.42716	4.56067	3.93038	6.5465	0.7885700000000001	0.0	0.0	0.0
Node 86		6.13495	6.53239	5.31085	5.8233500000000005	4.01973	1.66291	4.17362	5.28728	6.05469	3.2083899999999996	8.569939999999999	2.06244	0.60098	9.73794	0.61919	6.28536	2.55534	3.9074299999999997	5.723199999999999	0.0	0.0	0.0	0.0
Node 59		3.08031	2.56891	5.5444	8.51971	2.08364	4.85621	2.53963	2.22637	3.2403500000000003	4.47937	3.00674	0.81785	2.04854	4.57381	6.8655800000000005	4.87988	2.90284	3.3157699999999997	3.75039	0.53308	0.0	0.0	0.0
Node 8		8.6827	5.8171	3.6753	5.88978	1.2589899999999998	4.676679999999999	1.5395	2.33086	0.9997499999999999	5.43371	5.3174	3.14103	5.4026499999999995	3.5266400000000004	1.7557900000000002	6.9045499999999995	4.5448200000000005	1.76873	2.46105	2.30565	0.0	0.0	0.0
Node 76		1.43972	4.02398	4.11907	3.15914	2.41337	1.69677	0.0	5.00827	4.53026	4.80304	6.12285	4.62493	2.69463	3.68278	0.8591899999999999	5.42542	2.68989	1.20115	1.26649	0.0	0.0	0.0	0.0
Node 81		6.84429	5.69295	3.32468	4.82906	4.45465	3.84792	4.40918	2.95378	1.8801700000000001	8.09187	4.9399	3.6043400000000005	2.50748	5.5792399999999995	1.86328	3.01775	0.8055899999999999	0.6872600000000001	4.55073	0.7885700000000001	0.0	0.0	0.0
Node 55		5.04731	3.26192	3.9037	8.64509	4.73593	8.394029999999999	4.15207	1.90114	4.09691	2.21985	3.4330399999999996	2.2016999999999998	2.1	5.56843	4.72854	5.83933	2.62211	4.5267599999999995	3.4200500000000003	0.0	0.0	0.0	0.0
Node 94		3.7530099999999997	1.42844	7.8848199999999995	7.3588000000000005	2.42312	0.6987	2.31298	1.89871	6.49059	1.72562	1.58659	3.6702199999999996	1.6198899999999998	4.90851	3.07469	5.977119999999999	4.44557	3.13697	4.00232	0.0	0.0	0.0	0.0
Node 58		4.50334	3.68374	9.51047	3.60925	0.78836	5.42015	1.62724	2.2204800000000002	6.78709	4.42962	5.4975000000000005	2.2359899999999997	0.0	1.8462200000000002	0.61919	5.0307900000000005	3.7622799999999996	3.40812	3.5606	0.7885700000000001	0.0	0.0	0.0
Node 26		4.58343	2.96615	9.026720000000001	5.52894	4.69943	6.35378	1.91962	3.75724	5.25789	5.84931	8.46275	0.8541099999999999	2.93723	5.60501	5.20573	3.55869	3.5529100000000002	1.30269	3.82888	1.71893	0.0	0.0	0.0
Node 110		8.87946	2.18894	6.33102	11.07264	3.7795900000000002	5.81303	1.94235	2.78445	1.84008	0.0	7.6017	2.70878	4.7952	4.91222	2.76001	7.142950000000001	4.38582	4.519299999999999	7.09302	0.0	0.0	0.0	0.0
Node 3		5.9354499999999994	3.08276	3.48803	6.306150000000001	5.0631	7.343660000000001	3.53059	1.35846	4.4639999999999995	3.3420199999999998	4.83594	4.88397	1.80327	5.53134	2.3635900000000003	2.88551	4.28289	3.5763599999999998	3.1006	0.0	0.0	0.0	0.0
Node 140		7.19722	1.39949	4.47624	4.86992	0.80609	6.372700000000001	1.5007599999999999	2.244	2.6963	4.4065199999999995	7.76778	2.10316	2.35434	7.74628	2.3583	7.60817	2.56715	2.64622	3.3401	0.0	0.0	0.0	0.0
Node 19		4.90526	4.12733	4.9417599999999995	3.4624	3.8847	4.05467	0.69743	1.67865	2.55399	4.18172	4.0811	2.26232	2.89561	3.5889200000000003	3.02575	7.015029999999999	1.6339599999999999	5.10452	4.84717	0.58672	0.0	0.0	0.0
Node 42		4.63624	2.14577	6.674480000000001	5.08573	3.9244399999999997	3.58753	0.7124199999999999	1.54486	4.447290000000001	5.221279999999999	7.91063	2.6156200000000003	1.44756	4.41244	2.89981	5.79	3.10821	5.10257	3.3923	0.0	0.0	0.0	0.0
Node 171		6.48445	4.95174	5.16828	5.03046	6.30112	4.5798499999999995	3.27037	3.9215199999999997	3.74592	1.4163999999999999	8.71711	0.0	7.11236	5.96457	3.3381399999999997	7.81553	1.67588	0.80423	6.88434	0.9303600000000001	0.0	0.0	0.0
Node 75		6.1082	7.8165	6.961	3.90903	3.83415	3.1133	2.82495	2.22681	3.8152199999999996	2.69252	5.30087	3.88537	3.8977999999999997	2.32456	2.40685	6.79314	1.9953800000000002	3.46215	2.18643	0.0	0.0	0.0	0.0
Node 47		3.1948999999999996	3.3502799999999997	3.2352	6.61963	3.11405	5.494120000000001	3.6750900000000004	1.90114	3.63059	1.28277	2.4919000000000002	0.0	1.6198899999999998	1.437	1.85891	5.54344	2.41456	4.302770000000001	2.31469	0.9303600000000001	0.0	0.0	0.0
Node 89		6.48445	7.71086	8.00639	3.1338600000000003	0.9568200000000001	6.9835400000000005	2.87062	6.258579999999999	4.76589	7.242419999999999	5.91301	1.39446	2.67781	3.77312	0.0	7.37112	3.29389	2.80396	2.04787	0.0	0.0	0.0	0.0
Node 27		6.959129999999999	2.45347	6.8726400000000005	7.246130000000001	5.03538	4.808330000000001	1.44993	1.66284	3.00969	4.62418	3.09369	3.95241	3.6848899999999998	0.6712199999999999	2.37004	4.96532	4.89692	5.83614	1.92403	0.58672	0.0	0.0	0.0
Node 41		5.35265	6.394519999999999	10.04676	5.86446	5.3839	6.67269	3.59977	1.6665599999999998	1.4848999999999999	6.01143	1.5836800000000002	6.206160000000001	4.42666	3.4882400000000002	4.812609999999999	3.74815	4.1461	1.5187000000000002	3.25944	0.7885700000000001	0.0	0.0	0.0
Node 133		6.648700000000001	9.44874	6.57247	4.59437	3.69983	3.35442	3.9758	0.5466799999999999	4.09691	2.39289	2.95139	3.5891699999999997	0.79901	4.67394	3.0722	2.5896	2.85157	2.26573	4.306970000000001	0.0	0.0	0.0	0.0
Node 191		6.212079999999999	2.85647	6.5926100000000005	4.203139999999999	1.0846099999999999	3.3261100000000003	4.46133	2.66354	3.97306	4.2925699999999996	3.92727	2.21912	3.39198	4.57381	3.12475	7.801629999999999	0.9756	4.708629999999999	2.86466	0.7885700000000001	0.0	0.0	0.0
Node 181		5.89984	4.57803	9.59309	5.94521	3.09668	8.190100000000001	3.1292	2.63767	0.5907199999999999	2.12174	5.3042	2.50191	3.52656	3.24613	5.29942	4.24296	3.07568	6.23736	5.512779999999999	0.53308	0.0	0.0	0.0
Node 123		1.39768	1.7180399999999998	3.52872	8.32589	3.32758	6.77404	2.30891	3.49509	1.7682	1.60727	5.128089999999999	4.60472	0.9491599999999999	5.112570000000001	1.36832	0.69146	7.27951	2.0725000000000002	1.52798	0.0	0.0	0.0	0.0
Node 135		2.85275	6.422410000000001	3.0476199999999998	9.09546	3.86058	2.32298	2.94923	2.6011699999999998	5.56882	5.23448	5.1744699999999995	2.2304399999999998	2.62237	1.51567	2.79882	4.5039299999999995	3.5214299999999996	0.80423	5.24837	0.0	0.0	0.0	0.0
Node 57		7.94809	4.3950700000000005	5.44408	4.6442	2.20716	2.73094	3.52238	1.4906300000000001	2.06901	0.8633	4.88231	5.89521	2.1	7.82213	1.6256	2.53579	6.599349999999999	1.11105	4.15092	0.0	0.0	0.0	0.0
Node 104		4.8099099999999995	4.75974	5.72988	1.62509	3.7336800000000006	2.3001199999999997	3.6844599999999996	4.10016	2.13298	4.13947	4.40749	2.6630399999999996	0.0	4.42425	1.28533	1.86015	4.07417	1.7517399999999999	2.63654	0.0	0.0	0.0	0.0
Node 131		6.15833	7.59813	2.28356	4.9888200000000005	2.99097	4.6095999999999995	3.0890299999999997	2.0591600000000003	3.4103799999999995	0.5388000000000001	1.81698	1.4578	0.97955	4.050800000000001	3.8062300000000002	3.6134399999999998	5.679279999999999	0.67579	3.39118	0.0	0.0	0.0	0.0
Node 100		2.91907	5.31804	6.57549	7.56785	3.9788499999999996	7.12007	3.02133	0.5466799999999999	2.97436	4.76067	4.29545	7.65656	2.9929	5.6481900000000005	1.14624	3.50887	0.0	2.35398	4.15862	0.7885700000000001	0.0	0.0	0.0
Node 154		1.57133	4.16285	5.980110000000001	6.03049	0.0	3.36199	2.65471	3.01259	3.6427599999999996	1.42825	3.79283	3.0125599999999997	4.69239	8.59765	1.59021	6.9045499999999995	4.27688	2.39031	4.86748	1.3752900000000001	0.0	0.0	0.0
Node 62		3.74793	5.64475	4.20336	6.06429	4.90001	6.56682	0.92981	3.9991	1.84008	4.5882	4.04884	2.77717	1.80327	5.340199999999999	3.3506899999999997	3.3769100000000005	2.51212	3.12747	3.76283	0.53308	0.0	0.0	0.0
Node 180		3.52204	2.80006	5.56738	3.80996	3.08053	4.42551	0.6086699999999999	2.00678	4.678059999999999	1.1357300000000001	0.9180799999999999	4.29878	1.50136	5.59385	0.61919	2.30818	2.7714	2.79168	5.46469	0.9303600000000001	0.0	0.0	0.0
Node 160		8.08209	7.23665	4.26239	10.57773	3.7791900000000003	5.99842	2.01852	4.55178	3.7546700000000004	1.9158899999999999	6.28737	4.25413	2.19389	5.02154	4.01831	6.28536	1.95766	4.15217	2.6374999999999997	0.53308	0.0	0.0	0.0
Node 126		7.19722	2.81364	6.8002199999999995	5.60673	3.97374	7.15704	2.4126600000000002	2.9779400000000003	0.9997499999999999	3.2107799999999997	6.79193	2.78235	1.20075	6.78408	1.58914	7.11238	4.47907	2.23285	2.10155	1.32165	0.0	0.0	0.0
Node 24		0.87686	4.819459999999999	5.494870000000001	5.26378	4.68119	6.799919999999999	3.3253999999999997	4.09773	2.6963	2.9931	5.31263	1.4876800000000001	3.1928900000000002	5.7969100000000005	2.07469	4.1445799999999995	4.30441	3.9079999999999995	4.43157	0.9303600000000001	0.0	0.0	0.0
Node 196		2.2066700000000004	5.0336	5.17	6.51351	6.442259999999999	2.8380300000000003	0.70835	0.95414	5.25029	6.844029999999999	5.331770000000001	1.7057	3.8979600000000003	3.8710500000000003	2.98737	4.74566	3.11895	2.50021	3.8184000000000005	0.0	0.0	0.0	0.0
Node 114		8.07084	6.555950000000001	1.71082	5.89097	5.50084	8.36054	2.22434	2.4981400000000002	4.1921	2.30585	3.0523000000000002	4.92017	3.36806	1.6039700000000001	3.0166	8.396	4.34392	5.29415	5.73792	1.32165	0.0	0.0	0.0
Node 166		7.8356200000000005	4.2364	2.4421000000000004	8.4374	1.92416	8.524610000000001	2.13376	1.30508	6.64453	2.87751	4.53626	3.97157	0.97955	9.33715	1.05886	7.610469999999999	3.2031400000000003	1.7738299999999998	4.63828	0.7885700000000001	0.0	0.0	0.0
Node 77		0.82211	4.10532	6.845320000000001	3.6525299999999996	4.1422	2.6602799999999998	2.4286700000000003	4.22707	2.74335	6.992329999999999	3.60875	3.4548799999999997	5.09654	1.9681400000000002	3.1609900000000004	8.757950000000001	5.56126	4.4385	1.8759100000000002	0.9303600000000001	0.0	0.0	0.0
Node 176		8.03292	2.633	8.21048	9.33391	6.1445	7.4914	2.98683	2.20027	3.5660900000000004	5.02205	6.05093	5.43469	2.53519	3.9554199999999997	2.9723699999999997	5.49225	3.65794	6.41685	2.49398	0.0	0.0	0.0	0.0
Node 61		5.5226999999999995	2.75598	8.468729999999999	7.73799	2.29005	5.75144	3.20507	4.99337	4.78561	2.87751	2.41058	2.46735	4.74868	2.5121700000000002	2.14013	5.9109	0.0	6.847580000000001	1.69208	0.0	0.0	0.0	0.0
Node 155		6.9433300000000004	5.83904	4.24425	5.59627	4.83593	4.83152	0.63625	5.78553	2.5090600000000003	5.504	3.4959499999999997	4.19585	0.64855	8.09208	6.97216	5.77808	1.5367499999999998	2.77387	3.6186299999999996	0.0	0.0	0.0	0.0
Node 128		3.7424	7.329280000000001	7.92435	7.300940000000001	4.81207	3.50938	2.19819	3.5869199999999997	2.9220800000000002	1.28454	3.2799	3.4112700000000005	0.64855	9.05635	1.33186	1.26929	4.17466	5.46832	3.2233400000000003	0.58672	0.0	0.0	0.0
Node 150		5.67611	3.7746799999999996	5.16164	8.64378	3.99547	3.72366	2.2509	4.84859	2.83185	4.48843	3.72153	2.70878	4.06481	8.54529	2.51137	7.293080000000001	3.01922	2.221	2.45649	0.7885700000000001	0.0	0.0	0.0
Node 165		4.82152	4.60858	3.7440300000000004	5.48309	3.9589600000000003	4.08981	3.5038300000000002	4.93267	0.67434	4.42073	7.5978699999999995	3.34821	2.90265	5.61508	0.0	5.7688299999999995	1.43957	3.39553	1.89555	0.0	0.0	0.0	0.0
Node 112		4.895519999999999	6.39311	4.65237	7.110460000000001	2.17988	9.04958	0.5709500000000001	3.8761400000000004	6.45155	4.85914	5.5644	2.67008	0.0	8.22056	2.4939400000000003	9.62059	5.1688	0.50722	4.1836	0.7885700000000001	0.0	0.0	0.0
Node 182		3.11232	2.6845399999999997	10.20591	6.0358	2.17955	2.68763	2.74568	2.03731	3.11006	5.14646	6.5532	6.01462	2.45182	6.17281	4.62472	4.01934	2.22922	2.50119	7.20607	0.0	0.0	0.0	0.0
Node 122		6.00827	3.83183	7.2078299999999995	6.70549	2.2625699999999997	6.04415	3.94124	2.46024	1.47215	1.72562	7.19766	5.06221	2.95411	5.30341	3.9171699999999996	7.59209	1.5985699999999998	6.921819999999999	4.19264	0.53308	0.0	0.0	0.0
Node 158		5.42936	8.32555	5.122	4.7265500000000005	5.0570900000000005	6.48195	1.37177	2.30546	5.48657	2.70135	0.91472	2.1251800000000003	3.9329099999999997	6.770239999999999	5.4585	4.401879999999999	2.42657	3.56964	4.8354099999999995	1.90837	0.0	0.0	0.0
Node 179		5.24453	0.0	5.96608	4.26352	1.5890499999999999	4.07659	2.50381	2.70196	1.48526	1.1357300000000001	3.49198	1.7001	2.5690500000000003	6.66423	1.31067	5.47304	5.40514	3.9760400000000002	2.28468	0.0	0.0	0.0	0.0
Node 92		5.29893	0.89593	5.7042	8.36215	4.01635	1.41476	3.20507	2.3456799999999998	3.50692	0.0	5.62931	1.49323	2.96447	4.0377	4.7184	6.35561	0.97308	2.63184	4.06727	0.0	0.0	0.0	0.0
Node 190		4.8090399999999995	5.46859	1.96957	4.032	4.574949999999999	3.54931	4.805750000000001	4.11184	3.7094500000000004	5.61707	3.99344	0.0	2.41655	2.2189	5.08978	4.46255	2.32122	1.85816	2.68078	0.7885700000000001	0.0	0.0	0.0
Node 25		5.91958	4.135599999999999	5.87316	6.76981	3.37619	4.453180000000001	1.2793	3.3824300000000003	6.8549299999999995	1.70553	4.41478	4.32409	4.5189	8.245	1.151	5.31222	0.0	4.59868	3.54584	0.0	0.0	0.0	0.0
Node 23		3.61239	3.31215	5.41436	3.99431	5.82374	5.54286	2.30891	1.30508	5.71932	1.4331	4.40749	4.3544	2.4277300000000004	4.86864	0.0	3.7308	2.5427	2.17703	3.30406	0.0	0.0	0.0	0.0
Node 146		3.26344	2.86487	7.269780000000001	9.25946	3.00002	9.09273	3.02475	2.2945	4.17452	2.02892	9.077820000000001	0.53589	0.90709	4.94498	3.1479	6.461110000000001	2.03803	2.5158400000000003	3.9457199999999997	0.53308	0.0	0.0	0.0
Node 51		5.3038	3.8577399999999997	1.77693	5.972580000000001	3.2087200000000005	3.88096	0.5709500000000001	3.56866	4.1921	0.56495	4.19171	4.59225	2.36218	4.8330400000000004	4.34915	2.1478099999999998	0.75483	5.22443	2.22945	0.0	0.0	0.0	0.0
Node 172		6.588869999999999	6.373080000000001	5.36484	5.91577	0.9568200000000001	0.66484	3.1260999999999997	3.19814	6.8082199999999995	3.5928	2.65166	4.17061	3.0528	3.37871	1.47838	3.33523	3.63381	3.1519600000000003	4.53257	0.53308	0.0	0.0	0.0
Node 84		6.00437	2.12737	8.63132	9.01455	2.16297	0.9544699999999999	4.08784	3.35375	3.20591	2.59346	4.0624199999999995	2.49911	3.4315100000000003	5.14292	5.2296700000000005	2.17032	2.61325	0.50939	3.40593	0.0	0.0	0.0	0.0
Node 164		1.5580800000000001	9.06418	5.30333	8.58761	3.03388	6.523669999999999	0.9032500000000001	4.14609	0.66898	5.19719	6.57355	0.0	3.6019200000000002	7.0494699999999995	3.8777399999999997	6.28536	0.0	1.9381599999999999	0.0	2.05016	0.0	0.0	0.0
Node 17		6.7408399999999995	6.00958	4.3053	5.0113900000000005	3.85855	4.20157	0.92981	3.99591	2.01095	2.49661	5.29647	4.1264	0.5522	3.92162	6.56171	6.85643	6.83906	1.83596	5.29341	0.0	0.0	0.0	0.0
Node 161		8.03852	4.04932	3.9059299999999997	4.608750000000001	2.23596	4.41263	2.4926500000000003	0.7158399999999999	0.9997499999999999	1.6062900000000002	7.15007	1.3413899999999999	1.5977100000000002	7.70185	3.5815699999999997	5.32516	1.5985699999999998	3.1189999999999998	3.9199699999999997	0.0	0.0	0.0	0.0
Node 0		2.6288	10.142479999999999	5.92128	9.09423	3.20026	4.45734	2.21318	4.29467	6.504550000000001	6.421069999999999	2.17652	2.59261	4.28336	7.64147	1.8377000000000001	3.34816	3.75939	1.25024	3.4236000000000004	0.53308	0.0	0.0	0.0
Node 74		5.66444	2.99499	9.86158	4.18817	2.94829	5.69037	3.7759899999999997	0.947	4.11711	7.38653	4.1155100000000004	3.16464	3.15603	5.50306	5.46253	5.46006	3.67671	4.46746	7.79731	0.7885700000000001	0.0	0.0	0.0
Node 10		4.69806	7.538939999999999	11.136519999999999	7.308140000000001	3.11435	2.80139	0.9918899999999999	5.3180499999999995	2.6963	5.21773	4.89119	2.1784000000000003	3.98403	6.1875	1.27618	2.53162	6.07724	2.48486	6.70338	0.0	0.0	0.0	0.0
Node 66		5.30113	7.17459	8.55043	6.88844	4.01998	6.11846	3.11643	1.82729	3.7031300000000003	2.31256	5.060230000000001	3.61034	2.45489	9.425279999999999	0.0	6.86833	1.31498	2.51636	3.68445	0.0	0.0	0.0	0.0
Node 185		5.60396	2.14404	5.71282	1.33039	4.46743	5.079680000000001	0.0	1.90114	2.8738900000000003	4.28289	5.76941	2.29638	1.55014	3.6049900000000004	1.6167	1.3743	3.5699899999999998	5.1707	3.79556	0.53308	0.0	0.0	0.0
Node 156		6.66127	5.6648700000000005	7.1586	8.51483	3.3705899999999995	3.95923	0.5709500000000001	5.69719	4.002470000000001	3.0899699999999997	4.9399	4.556629999999999	1.50023	3.3371199999999996	2.97315	5.52911	3.1907900000000002	2.3247899999999997	4.1092200000000005	0.7885700000000001	0.0	0.0	0.0
Node 194		3.8133399999999997	5.89729	4.86203	4.02652	3.14295	5.84205	1.12859	4.09575	5.84861	1.8540899999999998	5.14203	1.33599	3.56084	4.92377	3.7865599999999997	4.37168	2.96381	1.42609	3.1789199999999997	0.7885700000000001	0.0	0.0	0.0
Node 145		8.76965	1.4733100000000001	8.955589999999999	5.28502	3.05483	8.13515	2.55795	3.03557	4.70481	2.4964	6.2614	3.56978	1.5805300000000002	3.08831	3.8570699999999998	1.46805	1.8963	2.2468	2.42049	0.7885700000000001	0.0	0.0	0.0
Node 63		7.081239999999999	2.22268	5.7621400000000005	7.3004	2.16485	4.58976	0.9032500000000001	4.5891399999999996	3.85579	0.93385	4.7458599999999995	1.50452	2.2313199999999997	3.4832	6.1164499999999995	7.10527	3.6150700000000002	4.55012	4.9413	0.7885700000000001	0.0	0.0	0.0
Node 159		2.76794	3.1647300000000005	9.68234	7.7347399999999995	1.5719500000000002	1.91407	2.13701	1.78939	7.12423	2.78334	4.24716	3.9049599999999995	3.3510699999999995	3.59807	2.1681700000000004	1.91243	1.8963	3.5977	2.25438	0.0	0.0	0.0	0.0
Node 199		3.09084	6.37861	5.74183	3.4434899999999997	3.1418	6.92097	2.66994	3.56798	2.9093299999999997	5.14431	3.95753	5.32802	4.683940000000001	1.2096799999999999	4.35062	5.89336	4.4118900000000005	3.25171	3.00091	1.32165	0.0	0.0	0.0
Node 120		5.12017	7.458620000000001	7.80099	3.24821	5.51041	6.822350000000001	3.72142	1.55739	5.111079999999999	3.8333600000000003	7.03976	2.05514	1.50807	2.27519	6.40215	5.62641	2.75272	2.9986800000000002	5.51901	1.3752900000000001	0.0	0.0	0.0
Node 67		5.03298	2.83592	6.62204	8.95262	3.4080899999999996	6.705909999999999	1.28337	2.7286799999999998	3.7293399999999997	2.71903	0.53589	1.2879699999999998	0.76578	8.254150000000001	3.4562299999999997	2.66961	5.17907	3.68917	3.57877	0.0	0.0	0.0	0.0
Node 111		3.57764	6.79231	4.17147	4.317950000000001	2.2799199999999997	2.5446	0.0	0.77479	1.53718	2.85367	5.8596200000000005	3.30694	1.80327	5.79091	1.64281	8.39254	3.45012	3.28304	3.5675600000000003	1.71893	0.0	0.0	0.0
Node 1		5.35051	6.487279999999999	9.04036	5.36464	2.24344	3.8043899999999997	0.0	3.99936	1.1291600000000002	5.23479	3.3965	2.78349	1.83366	6.075620000000001	1.75085	2.57352	0.0	5.34038	2.28124	0.0	0.0	0.0	0.0
Node 183		6.97856	3.41616	3.2050500000000004	1.94481	3.4322199999999996	4.5458	3.79875	5.2405	2.06901	0.57078	5.27984	1.31937	5.78121	3.20417	6.06462	6.615799999999999	6.0480100000000006	3.98831	2.86529	0.58672	0.0	0.0	0.0
Node 22		1.68629	4.65078	9.83151	5.1127899999999995	7.039860000000001	9.040479999999999	4.70308	5.40083	5.61791	1.9990299999999999	7.01745	2.32739	1.6281	8.95328	0.0	4.715450000000001	5.31992	2.33411	2.12186	0.53308	0.0	0.0	0.0
Node 18		6.18706	6.510109999999999	0.94772	5.9319999999999995	3.8711299999999995	6.790889999999999	0.7158399999999999	1.55114	4.72239	4.64241	8.09721	3.84949	1.75336	6.79978	5.1619	4.27803	5.95935	0.69382	4.36918	0.0	0.0	0.0	0.0
Node 109		4.4214	4.46835	4.06458	8.89028	4.10789	6.85588	2.31298	2.98066	5.04861	5.9633899999999995	2.3669200000000004	5.41528	2.77486	3.1787	3.7648300000000003	0.97308	3.10488	2.67563	3.1426700000000003	0.0	0.0	0.0	0.0
Node 148		5.53562	2.1865900000000003	9.26405	8.41859	2.91289	8.490739999999999	2.97269	1.464	2.29288	3.92832	0.8989	4.5031300000000005	0.95734	5.5405299999999995	4.62287	6.00097	3.40641	2.64755	2.3118	0.0	0.0	0.0	0.0
Node 167		3.85126	4.40967	4.79497	10.21756	2.4997599999999998	4.82069	2.7191199999999998	2.52486	5.323930000000001	2.33533	5.89686	3.70451	0.0	5.61352	4.2416599999999995	3.6248000000000005	6.73187	3.32348	2.24993	0.0	0.0	0.0	0.0
Node 43		6.897309999999999	5.41193	8.99809	7.61667	0.7201	3.02041	2.27556	1.2590999999999999	5.8075399999999995	3.90412	3.2769899999999996	2.0841499999999997	2.91851	4.5504999999999995	5.69236	4.110720000000001	4.5708899999999995	2.93885	2.42478	0.0	0.0	0.0	0.0
Node 44		5.9774	3.23972	9.14612	3.3608399999999996	2.48301	4.03055	3.9098	2.08275	2.77379	6.279750000000001	2.49451	4.2089799999999995	3.2087600000000003	8.08036	2.06456	2.81048	2.22261	3.36934	1.14851	0.53308	0.0	0.0	0.0
Node 187		3.94466	3.49386	8.3566	7.78989	6.401039999999999	5.03032	2.23784	1.47729	4.0516000000000005	3.1328	4.7085099999999995	3.50979	3.03441	6.81739	2.16756	4.707660000000001	2.66868	1.55298	4.75027	0.7885700000000001	0.0	0.0	0.0
Node 106		8.56856	5.0658	7.591970000000001	2.60717	2.36083	0.0	0.92981	3.2596	4.21711	4.90142	7.672320000000001	2.8115	4.290780000000001	5.13823	1.91028	3.1692	4.9606699999999995	2.59511	3.7414799999999997	0.0	0.0	0.0	0.0
Node 138		1.38893	7.15027	3.54135	4.58119	1.69367	5.739120000000001	2.65819	0.0	0.94646	2.01333	8.26816	0.0	4.18877	4.65486	3.3620900000000002	5.81441	8.09041	3.5001499999999997	2.84548	1.71893	0.0	0.0	0.0
Node 30		6.93937	2.14886	11.85215	5.42133	5.12339	4.73088	3.53059	2.27811	2.01095	1.93166	4.06233	3.18125	0.9491599999999999	2.71184	6.79564	6.517449999999999	2.69788	2.2347200000000003	2.45649	0.0	0.0	0.0	0.0
Node 157		6.21242	3.3418099999999997	6.0540400000000005	5.0413499999999996	2.34176	5.10161	1.95734	3.17462	3.62324	3.70661	4.28062	2.72755	3.8419000000000003	5.60276	1.36832	3.65524	2.72121	5.66163	3.08118	0.53308	0.0	0.0	0.0
Node 33		7.042610000000001	7.2274	8.58769	6.5471699999999995	6.242389999999999	2.3001899999999997	2.6037399999999997	2.1462700000000003	4.11115	3.93037	4.35926	0.90674	3.18931	3.72884	5.24311	3.9659899999999997	7.59228	0.5744499999999999	3.82382	0.0	0.0	0.0	0.0
Node 152		4.38636	2.8817	7.47309	4.31817	4.54307	1.91407	2.1747300000000003	4.98665	1.6687299999999998	3.5736700000000003	3.28559	3.82873	3.936	1.28027	1.63054	3.2763	1.3715899999999999	2.61924	3.68384	0.0	0.0	0.0	0.0
Node 9		10.45366	0.0	6.2375300000000005	5.6338	5.56775	4.69539	1.9217000000000002	1.47729	5.208349999999999	5.52856	5.7739400000000005	4.82372	3.2954700000000003	6.320639999999999	4.93778	6.858250000000001	3.3771500000000003	1.63311	1.85321	0.0	0.0	0.0	0.0
Node 177		6.91711	3.88502	8.46647	2.53153	5.7612	5.88784	2.88308	4.37675	5.16629	3.22339	3.27918	1.52753	1.9368900000000002	1.22574	3.71116	2.57764	6.19654	3.99291	6.232279999999999	0.9303600000000001	0.0	0.0	0.0
Node 2		2.95535	4.38464	6.779590000000001	7.093380000000001	4.09882	3.1273000000000004	3.02894	3.9912799999999997	3.0852	1.79617	3.4125900000000002	5.598920000000001	3.84897	8.47143	5.974200000000001	2.10229	5.82597	2.6122300000000003	3.3083500000000003	0.0	0.0	0.0	0.0
Node 97		4.50401	2.71011	2.7460999999999998	7.659009999999999	4.76192	1.69677	3.68104	3.5764299999999998	2.47667	6.21492	4.2997	3.10473	2.37732	5.11672	3.1477900000000005	7.03191	0.8283699999999999	1.8554899999999999	2.66911	0.7885700000000001	0.0	0.0	0.0
Node 143		8.17102	4.02757	7.8583799999999995	3.2338199999999997	4.07411	5.4726	0.7124199999999999	5.280519999999999	2.0237000000000003	1.85507	5.90204	2.97765	1.50136	5.6105	5.44496	7.06898	1.6454	3.7398300000000004	2.75007	0.9303600000000001	0.0	0.0	0.0
Node 32		4.28057	3.5073100000000004	10.95351	3.5766899999999997	5.69752	6.44195	0.9918899999999999	0.75032	4.16939	3.6897100000000003	2.69913	5.78805	2.43464	4.97631	2.28645	6.50486	6.5517199999999995	5.53068	3.94357	0.0	0.0	0.0	0.0
Node 147		5.8092999999999995	7.79101	6.346290000000001	3.7618600000000004	5.1589	5.1992400000000005	3.73757	3.3831100000000003	2.15109	4.97203	2.84323	3.04149	4.03823	2.80598	3.8867100000000003	3.97688	1.6599300000000001	1.1371600000000002	3.40752	0.53308	0.0	0.0	0.0
Node 119		7.578139999999999	2.1663200000000002	5.17315	5.83756	2.407	1.60788	2.2509	4.16338	4.2885100000000005	5.5734699999999995	0.5887800000000001	5.10886	3.2625599999999997	7.9478800000000005	3.3806299999999996	4.81169	5.969329999999999	2.55294	0.5744499999999999	0.9303600000000001	0.0	0.0	0.0
Node 6		6.933400000000001	4.80524	5.24282	6.4302600000000005	3.81591	3.10108	3.2012400000000003	4.022889999999999	2.41221	3.8684000000000003	4.91129	2.24128	5.66091	5.40247	2.53342	4.37772	2.87639	1.73612	5.86746	0.0	0.0	0.0	0.0
Node 142		3.9852899999999996	6.98182	5.37046	6.24247	5.3012999999999995	5.352069999999999	4.4746500000000005	5.8602799999999995	4.22808	4.08476	5.61491	4.377820000000001	2.10364	5.91348	4.24956	5.60011	7.8389500000000005	3.23998	1.2839	0.0	0.0	0.0	0.0
Node 151		5.0373399999999995	1.48255	11.39236	6.38483	3.7227499999999996	5.6449300000000004	3.8263	2.54969	4.72058	7.62544	3.4237200000000003	2.0841499999999997	3.54064	2.5226599999999997	3.19201	6.13818	2.62808	0.69382	4.50556	0.0	0.0	0.0	0.0
Node 193		3.0807700000000002	4.91462	7.12204	4.99026	2.83167	7.38615	1.56284	2.61698	5.03062	4.97544	7.94738	4.15179	2.34631	4.81607	1.8302100000000001	5.32615	2.41494	4.00178	4.24199	0.7885700000000001	0.0	0.0	0.0
Node 88		2.19143	3.55022	7.44232	4.524249999999999	3.60758	7.33753	3.22447	0.947	3.2234899999999995	3.86928	5.333489999999999	1.8842700000000001	6.5359	2.27954	1.52932	2.6436	4.40868	2.2225	3.30306	1.32165	0.0	0.0	0.0
Node 105		0.70934	5.90741	7.909910000000001	3.7029	6.23003	3.86661	1.89204	3.22261	5.1677800000000005	3.48691	4.3883600000000005	2.3852700000000002	4.17251	5.98491	1.66248	4.00155	4.51443	2.04293	2.2075	0.0	0.0	0.0	0.0
Node 178		6.264659999999999	2.74924	6.96533	4.47073	0.8368499999999999	2.7604	3.48276	3.70387	5.9386	3.4929500000000004	3.01744	2.69029	1.8484099999999999	5.46014	5.445259999999999	6.365	5.87193	0.96726	4.16101	0.7885700000000001	0.0	0.0	0.0
Node 85		5.67158	3.13889	10.620849999999999	5.69732	5.687939999999999	7.9986500000000005	0.5709500000000001	3.85032	7.03831	1.87541	7.32573	1.56061	3.62064	6.717529999999999	2.8619499999999998	5.85409	1.5975300000000001	5.4580400000000004	3.80273	0.7885700000000001	0.0	0.0	0.0
Node 69		3.6204600000000005	2.3978099999999998	8.95995	5.60398	4.07584	3.1884	1.5395	2.9555499999999997	3.10514	2.97895	4.09367	4.56587	3.7396899999999995	4.33602	3.9079	7.06856	4.52015	4.69648	2.69104	0.0	0.0	0.0	0.0
Node 38		6.7788	4.98085	7.297149999999999	7.084029999999999	3.2087200000000005	1.8035700000000001	4.21354	1.2625199999999999	3.44277	3.1328	3.27951	3.2707100000000002	0.95734	5.09837	1.76155	2.55012	2.1686400000000003	6.301189999999999	2.1762900000000003	0.0	0.0	0.0	0.0
Node 95		7.12586	3.0500599999999998	2.63317	5.06939	0.55197	7.18154	0.9918899999999999	2.59495	2.9093299999999997	0.5388000000000001	2.72864	3.02773	3.309	5.0644	4.98449	6.44984	3.08826	3.6866000000000003	9.03361	0.9303600000000001	0.0	0.0	0.0
Node 132		7.83599	7.3954699999999995	9.79299	5.5385	0.90531	6.18197	5.46666	2.3801099999999997	3.43665	6.71081	2.28092	2.17825	3.48297	2.62534	1.30316	6.82532	3.17	3.0646199999999997	5.50464	0.0	0.0	0.0	0.0
Node 163		3.6516399999999996	5.86939	8.17246	7.28374	1.86213	2.4067499999999997	0.69743	3.34445	5.66704	3.9683900000000003	6.36932	0.57661	2.41243	3.2271099999999997	2.2886	4.13664	5.2581500000000005	3.9211099999999997	3.8897800000000005	0.0	0.0	0.0	0.0
Node 73		7.5480599999999995	7.5655	10.94599	6.9338	2.17738	2.45179	2.26027	4.406560000000001	1.48526	3.2537000000000003	7.34588	1.85526	0.64855	5.9924800000000005	5.02034	8.516160000000001	3.51719	4.24029	3.68676	0.0	0.0	0.0	0.0
Node 56		5.1912199999999995	6.73787	3.1870299999999996	6.98923	5.70919	7.34707	5.21459	0.5466799999999999	3.859	3.57511	2.47793	4.70702	0.0	5.07993	0.61919	8.687019999999999	4.63625	7.2433499999999995	2.97234	2.2520100000000003	0.0	0.0	0.0
Node 7		3.1858400000000002	5.54067	6.954140000000001	8.22304	5.97691	4.86947	2.19909	5.27563	2.4308	6.5389	2.29744	4.64011	3.7686699999999997	4.20916	3.06692	5.8097900000000005	2.47377	5.88599	4.56638	0.58672	0.0	0.0	0.0
Node 186		2.23203	5.393	7.27729	6.397410000000001	1.4914800000000001	7.50734	1.56284	1.4874500000000002	2.27703	2.89943	6.63654	2.1251800000000003	0.8541099999999999	5.47271	5.2233	5.16558	5.7678899999999995	1.22723	4.29627	0.7885700000000001	0.0	0.0	0.0
Node 107		6.2435	3.5232399999999995	3.82828	4.31972	4.21369	5.367100000000001	5.15834	3.1645600000000003	1.33362	6.057740000000001	7.33909	1.2879699999999998	2.95597	6.7169099999999995	4.011640000000001	3.19271	5.452719999999999	3.07242	3.88393	1.1198	0.0	0.0	0.0
Node 46		6.89376	6.09756	4.62876	3.6224399999999997	1.50806	5.42831	2.27556	1.74782	2.12891	4.5882	2.11957	1.47853	0.8541099999999999	4.29571	4.62524	4.57448	3.1946000000000003	2.03146	3.8873100000000003	0.0	0.0	0.0	0.0
Node 70		5.17559	5.02833	5.2336599999999995	6.13581	5.71213	5.30703	2.81778	1.6231200000000001	3.27601	4.19584	5.1905399999999995	4.71266	3.8841300000000003	6.46423	1.46892	4.07912	2.6177200000000003	2.1491	4.78269	0.7885700000000001	0.0	0.0	0.0
Node 116		3.79742	3.45149	5.848409999999999	4.18117	3.2518499999999997	7.353179999999999	4.74457	3.7045500000000002	2.90857	5.50697	1.63808	4.63875	0.0	2.7928100000000002	5.41962	0.61919	3.23621	2.32017	2.06595	0.0	0.0	0.0	0.0
Node 15		4.52231	7.217020000000001	5.77748	8.580400000000001	3.85157	3.05397	2.6622	3.57511	1.6679599999999999	7.01639	5.291300000000001	1.7466	1.5805300000000002	5.64783	3.7310299999999996	6.01468	1.80145	2.52643	4.59607	0.7885700000000001	0.0	0.0	0.0
Node 192		5.9429	4.42402	6.08576	5.05654	4.12735	3.8601000000000005	2.52422	3.79227	2.63597	0.5388000000000001	6.99	2.27032	2.01531	7.3063400000000005	1.49807	7.738	2.33865	1.31145	4.49556	2.05016	0.0	0.0	0.0
Node 53		7.001580000000001	5.61503	3.1123000000000003	0.88158	4.69553	6.78113	1.59072	0.7124199999999999	5.10823	4.250629999999999	4.9399	3.50624	1.45145	4.40607	3.9233499999999997	1.92502	5.347049999999999	5.592210000000001	3.4515	1.32165	0.0	0.0	0.0
Node 82		6.746969999999999	2.98909	9.57431	6.700349999999999	5.50691	2.51289	3.4315400000000005	0.7158399999999999	0.0	3.6209	4.75961	6.1018	2.1445499999999997	7.125249999999999	2.99436	6.90589	5.80043	1.33619	5.06167	0.0	0.0	0.0	0.0
Node 99		7.215520000000001	1.7886099999999998	9.33213	4.1294900000000005	3.7858799999999997	3.90415	5.1852	2.98139	1.28241	2.34899	8.48608	2.40526	2.78282	5.5693399999999995	0.8764700000000001	3.84177	5.1828	4.523689999999999	4.72443	0.0	0.0	0.0	0.0
Node 20		6.00827	7.77949	5.8527000000000005	4.00899	4.6112	6.5682599999999995	3.6576999999999997	4.35951	3.39804	2.11586	7.81616	2.99289	1.24953	6.68937	4.4699599999999995	6.11996	0.95605	5.22527	3.5243900000000004	0.7885700000000001	0.0	0.0	0.0
Node 129		4.3321499999999995	3.17831	8.09729	6.32383	3.06828	4.34131	1.6893200000000002	3.26457	1.5220600000000002	1.7357399999999998	4.49711	3.9687600000000005	2.37727	4.6523	0.75828	7.8611200000000006	4.1403799999999995	0.65445	0.94555	0.0	0.0	0.0	0.0
Node 29		4.048100000000001	1.43643	10.02369	5.62442	7.89571	0.61599	5.53251	3.05578	1.8801700000000001	2.68669	2.33727	1.14151	3.7376199999999997	1.44756	4.08061	4.63777	3.68198	5.04305	5.0438600000000005	0.58672	0.0	0.0	0.0
Node 118		6.10648	5.49517	5.42862	7.67798	3.8025900000000004	7.9652	2.93424	2.32593	4.46701	1.6062900000000002	6.99262	4.17402	2.33059	3.2620000000000005	5.42618	6.749040000000001	5.33868	2.11348	2.20775	0.0	0.0	0.0	0.0
Node 16		4.1900699999999995	4.78778	9.81069	3.8750199999999997	1.40185	6.07522	1.53848	4.52917	4.42842	4.7761	6.2025999999999994	1.51956	1.7563499999999999	5.14122	4.131060000000001	5.9871099999999995	4.90986	4.55784	5.46793	0.0	0.0	0.0	0.0
Node 68		3.8438600000000003	5.41371	3.2212400000000003	3.94585	3.99517	7.63081	1.17962	2.61816	1.52443	0.9917699999999999	6.7177500000000006	1.3483800000000001	4.64068	5.9103	4.62016	1.1576	7.68242	4.51928	4.73494	0.58672	0.0	0.0	0.0
Node 72		3.15707	3.9823999999999997	2.49572	3.8655399999999998	4.35431	4.18323	1.6005599999999998	6.40076	0.9337099999999999	3.24553	4.87885	0.60562	1.62387	0.6712199999999999	7.54217	0.75483	2.46822	3.32357	3.0807	1.32165	0.0	0.0	0.0
Node 184		3.77329	2.3483400000000003	14.61442	2.51895	5.2786	5.72705	0.0	2.5226100000000002	3.65432	0.56495	9.38996	4.86995	3.2313799999999997	3.6869699999999996	3.6253599999999997	5.76506	2.00224	6.12091	4.71274	0.53308	0.0	0.0	0.0
Node 60		8.31934	5.381480000000001	9.1407	4.63012	1.0846099999999999	4.94347	4.21354	3.60331	6.05534	1.79617	7.39344	2.89898	2.40766	2.33443	1.81714	5.12776	0.52533	5.52074	5.45316	0.0	0.0	0.0	0.0
Node 108		3.9450600000000002	4.67985	10.159740000000001	8.2469	6.52906	5.73433	0.9032500000000001	3.08739	4.986079999999999	3.82468	2.28209	5.14916	3.5093699999999997	4.88322	3.75298	4.26229	3.51808	7.9425300000000005	4.2336	0.0	0.0	0.0	0.0
Node 31		5.68356	3.03773	2.6793299999999998	1.60094	1.86213	1.4816	1.53848	0.92981	4.72337	5.41677	6.56256	3.0736499999999998	3.21265	2.76409	3.66048	6.16917	6.5151	3.85679	1.35569	0.0	0.0	0.0	0.0
Node 80		6.78967	2.22347	1.49731	5.9689499999999995	2.26455	5.85088	0.9032500000000001	4.003629999999999	2.55451	3.70535	1.99271	2.82389	2.3546500000000004	5.85896	3.7117400000000003	3.03835	4.48449	4.18059	3.28903	0.53308	0.0	0.0	0.0
Node 71		2.84544	3.98684	6.87483	5.26449	2.25929	5.750170000000001	0.0	2.32593	0.9337099999999999	4.5868	4.00617	2.10582	3.07078	6.05266	4.62212	5.33047	5.19954	1.24526	4.28451	0.53308	0.0	0.0	0.0
Node 34		5.23135	6.42656	0.62761	8.12612	2.73185	3.8153300000000003	1.42077	3.9356299999999997	4.50953	0.0	4.996989999999999	3.19163	0.0	5.011609999999999	1.60832	6.951409999999999	6.05436	5.3501	4.71214	1.32165	0.0	0.0	0.0
Node 52		2.9821899999999997	5.95578	8.19155	4.86735	4.2852500000000004	2.91757	1.98422	3.2589699999999997	4.78415	1.27871	3.64761	4.73068	3.29597	2.51417	5.41962	6.81972	4.14231	4.91069	4.69556	0.0	0.0	0.0	0.0
Node 64		2.85213	2.9884299999999997	4.58644	4.63491	4.85953	3.88096	2.9364600000000003	3.54063	4.02737	3.1135099999999998	8.54574	2.88264	2.9386099999999997	7.46955	0.77135	6.16855	1.49285	4.80863	0.69042	2.05016	0.0	0.0	0.0
Node 79		3.9430300000000003	1.45103	5.9432	7.77076	2.97094	3.167	2.23693	2.25208	2.66771	5.69582	7.42265	2.6046	1.4143299999999999	7.97851	2.90203	3.5203699999999998	4.62611	1.33735	5.92048	0.58672	0.0	0.0	0.0
Node 144		5.6099499999999995	2.20874	11.01877	6.61437	2.76343	2.2798499999999997	3.70015	2.83193	2.13298	0.0	7.10568	2.93747	2.48221	4.80265	5.19656	5.75986	2.26794	7.26513	3.7060400000000002	0.0	0.0	0.0	0.0
Node 121		4.55811	4.30812	6.8701799999999995	6.609360000000001	2.85079	0.67551	3.9547100000000004	5.57652	2.91393	1.1357300000000001	4.27363	3.33537	0.8541099999999999	5.10279	4.44906	5.22141	3.5155600000000002	2.48543	2.68442	0.0	0.0	0.0	0.0
Node 125		6.17906	4.26436	6.63349	3.60256	2.37532	6.25714	1.99921	2.4354299999999998	4.46422	2.65166	3.23617	3.93447	0.8992500000000001	8.47852	4.89067	3.92423	3.97355	3.28825	6.39549	0.58672	0.0	0.0	0.0
Node 141		5.87572	0.5551	8.46696	7.1817	1.5786000000000002	6.21155	2.05702	2.76782	2.7237	3.45149	2.67371	2.4672300000000003	2.8832	4.4072	2.98014	4.93563	7.11486	1.2010399999999999	5.60183	0.0	0.0	0.0	0.0
Node 78		6.16193	5.3205	10.05833	4.3264499999999995	3.1233500000000003	6.60881	2.57014	4.41028	4.67681	1.45773	5.89686	3.5388	1.65312	2.78376	1.6347500000000001	5.70835	2.5770999999999997	3.04742	1.88328	0.0	0.0	0.0	0.0
Node 93		6.29916	6.05335	2.13653	4.7748800000000005	2.04143	0.67551	2.82495	4.98386	6.721050000000001	1.10375	8.37912	4.02085	0.76578	7.34657	3.95605	7.80421	2.9696	2.82542	3.8728100000000003	0.0	0.0	0.0	0.0
Node 35		7.512770000000001	4.23643	5.3148	6.53927	4.13414	5.5059499999999995	2.30314	1.6740899999999999	1.7377099999999999	5.00001	4.55189	0.7427600000000001	1.80327	4.14519	2.32621	3.84177	1.3502399999999999	4.11467	1.52	0.0	0.0	0.0	0.0
Node 113		3.11184	2.22347	10.931799999999999	4.71413	2.1837	7.6630400000000005	2.30314	3.69513	1.21278	4.9581800000000005	2.48084	3.79467	1.36676	1.72015	0.7126699999999999	5.5162	2.24127	4.91141	3.3418099999999997	0.0	0.0	0.0	0.0
Node 45		3.63768	2.3336099999999997	6.79086	3.7427599999999996	5.4381699999999995	5.87568	1.94636	3.1305600000000005	7.7424599999999995	3.66108	3.9893199999999998	3.83033	2.47978	6.42707	3.6090400000000002	2.35018	2.81914	3.10884	2.9495199999999997	0.9303600000000001	0.0	0.0	0.0
Node 98		0.7501599999999999	6.957389999999999	8.4991	7.503469999999999	1.51034	5.3183300000000004	2.4791	2.81366	4.3318	1.9868199999999998	3.6315399999999998	6.49117	2.22087	6.32225	4.58654	5.01607	2.899	4.26649	2.66559	0.0	0.0	0.0	0.0
Node 14		6.75743	2.86487	12.908949999999999	3.31357	3.2568699999999997	4.4693	2.88715	3.5371300000000003	2.33694	3.98487	3.46046	2.7039400000000002	2.22087	2.03328	4.83624	3.20772	4.480930000000001	3.01909	1.34487	0.53308	0.0	0.0	0.0
Node 162		6.15493	5.85398	7.01228	7.153180000000001	3.78951	3.95923	3.11643	5.41579	4.0316600000000005	6.906289999999999	5.29076	2.7297499999999997	4.88716	5.31159	3.1650699999999996	7.01652	3.53431	6.79535	4.204490000000001	1.46344	0.0	0.0	0.0
Node 170		3.95578	2.979	5.46637	5.7201	0.70977	4.59051	2.80447	2.70196	2.62055	1.44255	4.78116	5.86534	2.88351	6.4999199999999995	2.9636	5.55393	0.6872600000000001	5.24129	3.79588	0.0	0.0	0.0	0.0
Node 37		3.9295999999999998	0.69301	4.34816	6.03068	3.0408999999999997	7.36348	2.27848	1.66998	3.44277	2.2105099999999998	6.9558800000000005	2.5522799999999997	3.39828	3.9444800000000004	0.9975100000000001	2.57227	4.0645	1.48597	5.80406	0.7885700000000001	0.0	0.0	0.0
Node 137		7.547470000000001	2.17186	3.86812	5.06869	3.07016	5.49679	3.44712	2.53318	5.6419	5.80028	6.49114	2.95264	0.76578	4.6983	4.7641599999999995	4.4267	2.52915	3.0827299999999997	3.14425	0.0	0.0	0.0	0.0
Node 90		3.6436	5.6354	9.23825	6.71793	4.35192	9.16436	1.56284	2.25114	2.37089	2.85048	3.9521100000000002	3.41542	0.0	4.6853	0.0	5.24437	4.11092	4.47048	4.19079	0.0	0.0	0.0	0.0
Node 39		9.699530000000001	5.7156899999999995	7.8857099999999996	7.314959999999999	0.9568200000000001	3.56524	5.52654	6.2222800000000005	4.54199	0.56495	5.27375	2.902	3.80212	6.3022599999999995	0.53181	3.5047	7.227690000000001	2.1378500000000003	6.66415	0.0	0.0	0.0	0.0
Node 96		3.66615	2.75848	5.85862	8.91114	4.83612	3.8927000000000005	3.1747400000000003	3.6105400000000003	1.30128	1.40076	9.70263	2.8729899999999997	0.0	3.81569	2.09891	1.39797	5.0877	5.26818	2.81961	0.0	0.0	0.0	0.0
Node 168		4.92572	6.90905	6.91001	5.4524	3.06821	3.38233	0.5576399999999999	2.4478199999999997	3.00933	4.33115	4.79693	1.51236	2.10364	5.8493200000000005	2.75456	7.313210000000001	3.9777899999999997	6.34625	3.24999	0.0	0.0	0.0	0.0
Node 4		8.59687	3.07533	7.28575	6.584859999999999	1.50001	5.88871	3.9415	2.37166	5.59314	3.32508	3.61094	0.95734	2.57726	3.62854	1.21851	4.29249	1.48247	6.24937	3.56142	0.0	0.0	0.0	0.0
Node 195		2.99999	4.10107	9.23746	6.9996100000000006	0.79024	5.68981	5.89774	2.83575	4.8006899999999995	1.70553	4.5592	3.5232300000000003	3.04281	3.0992200000000003	0.0	4.93962	8.14581	4.15271	5.24951	0.9303600000000001	0.0	0.0	0.0
Node 48		5.86741	1.81089	9.11544	8.14955	2.22889	2.1386	2.93269	4.53545	2.52418	2.59806	8.1698	2.78649	5.4977	3.8094099999999997	0.97102	7.65671	3.03782	1.16167	1.51523	1.51708	0.0	0.0	0.0
Node 13		8.5132	5.05186	8.222999999999999	6.74641	1.8729699999999998	5.98109	2.6891499999999997	4.69841	2.2477400000000003	5.362979999999999	2.27442	4.70821	4.75924	5.91713	3.25721	5.38061	6.9556000000000004	5.43976	6.16904	0.0	0.0	0.0	0.0
Node 103		5.06649	4.94391	8.37095	5.853549999999999	3.9830200000000002	5.329409999999999	3.40707	3.2322499999999996	3.1332600000000004	2.76307	6.78961	5.147270000000001	3.20326	6.880590000000001	4.21605	3.74815	7.20004	4.769360000000001	4.34094	0.0	0.0	0.0	0.0
Node 101		0.0	6.7797	11.09844	4.2283	4.10965	5.87781	2.87062	2.79859	4.83552	1.4163999999999999	6.4668	3.30718	4.13952	2.16242	8.53781	4.39736	1.6339599999999999	1.81295	2.14101	1.90837	0.0	0.0	0.0
Node 173		4.594	2.1663200000000002	12.41222	6.523700000000001	2.4997599999999998	3.3525300000000002	0.9544699999999999	3.9346699999999997	3.01547	4.7471	5.48665	3.6279199999999996	1.74533	3.7064500000000002	1.57186	6.09255	4.38338	1.9333099999999999	5.84296	0.0	0.0	0.0	0.0
Node 83		2.95702	7.450569999999999	6.38745	6.360499999999999	2.4141	3.91552	2.79529	2.1462700000000003	0.5388000000000001	5.829829999999999	5.54967	5.54659	1.15318	6.76109	3.13104	5.62709	7.73391	4.07674	4.24099	0.53308	0.0	0.0	0.0
Node 139		8.524329999999999	4.288200000000001	9.002690000000001	6.1756400000000005	4.01591	6.48204	2.40401	5.56897	3.08795	5.36851	6.418690000000001	3.79648	3.7440300000000004	4.87419	1.74237	5.4950600000000005	1.66286	2.9972700000000003	4.8217099999999995	0.0	0.0	0.0	0.0
Node 174		3.7221200000000003	2.3483400000000003	5.10459	4.72183	3.06986	3.79726	3.5302	5.360469999999999	4.25278	5.42237	3.82551	1.49852	3.5487400000000004	3.51445	2.30288	5.96999	2.56752	1.26746	1.41312	0.53308	0.0	0.0	0.0
Node 117		3.85855	6.51703	5.07819	6.95674	1.4532	2.45179	3.48484	2.43143	6.12138	2.4248700000000003	4.62525	5.07453	3.0122	3.80137	0.53181	4.19694	2.76002	3.6559099999999995	5.34026	0.0	0.0	0.0	0.0
Node 134		6.78329	3.9645600000000005	5.77368	8.747910000000001	3.4652299999999996	6.04987	3.95354	2.30483	2.94926	1.79617	8.11131	2.57141	0.97955	1.75259	6.35882	1.7567	6.184089999999999	1.9413900000000002	3.02605	0.0	0.0	0.0	0.0
Node 136		6.3929	2.01381	5.51827	3.92985	5.31088	2.93197	2.37535	0.75032	5.5156	3.13904	3.49957	6.65771	4.97702	2.41703	5.71114	6.2982700000000005	2.48299	4.4344	2.0896999999999997	0.0	0.0	0.0	0.0
Node 102		8.63643	4.98625	3.22519	3.27801	4.46866	4.87645	3.77942	4.22726	5.71235	4.89139	3.5084299999999997	1.49852	0.8541099999999999	3.12627	4.36845	7.0468	5.658189999999999	3.7136500000000003	4.65818	0.0	0.0	0.0	0.0
Node 36		4.048100000000001	6.05335	7.645449999999999	1.7797	3.82967	6.24257	1.99172	5.58082	4.1047199999999995	2.4546599999999996	2.91079	3.61552	4.78637	4.5945	2.63026	3.34268	3.4352	4.61214	4.51463	1.90837	0.0	0.0	0.0
Node 50		4.96446	3.3190699999999995	5.50716	6.2271600000000005	5.44242	5.804390000000001	0.9918899999999999	1.12101	5.5083899999999995	3.6434300000000004	8.01748	1.5339500000000001	1.7611999999999999	6.87733	0.77135	5.27554	3.79628	3.3076399999999997	4.41194	0.0	0.0	0.0	0.0
Node 130		2.14072	3.5090999999999997	7.77399	6.04094	5.5539	3.3778	4.2248399999999995	1.32147	3.8009399999999998	3.30851	3.7559299999999998	1.8715699999999997	1.9368900000000002	3.28896	3.8252	5.47682	4.1010100000000005	2.63161	3.61277	0.9303600000000001	0.0	0.0	0.0
Node 188		2.89132	3.8935999999999997	5.94904	6.9867799999999995	1.43795	4.57448	3.16325	2.244	3.87328	0.77742	7.17512	2.4263	3.5470599999999997	6.47943	1.48402	2.9385600000000003	4.39337	4.10646	5.6955	0.9303600000000001	0.0	0.0	0.0
Node 5		6.458659999999999	5.94316	2.34981	4.33045	4.67545	8.06546	1.7043099999999998	2.38493	3.9164699999999995	2.81552	8.15124	0.5522	1.8866399999999999	4.3374999999999995	1.54766	3.38552	6.18253	1.83205	4.85448	0.0	0.0	0.0	0.0
Node 40		6.14506	0.0	4.32189	6.354360000000001	1.33873	7.308299999999999	2.94833	0.947	4.4974300000000005	2.8151599999999997	7.703469999999999	2.0144200000000003	4.29123	6.43794	2.83228	5.12776	4.45473	1.20707	2.31204	0.7885700000000001	0.0	0.0	0.0
