Node 29		2.33803	3.44755	5.20182	6.05042	6.26158	0.6987	9.22698	3.5655399999999995	0.0	7.267270000000001	4.8819099999999995	6.08217	4.92943	0.69604	2.86188	4.82397	3.4254399999999996	6.03992	1.2839	1.32165	0.0	0.0	0.0
Node 45		4.75984	1.34135	3.30589	7.31309	5.786899999999999	0.61599	2.7610900000000003	2.0106800000000002	3.1864700000000004	4.65107	2.3246200000000004	5.6043	2.3987000000000003	5.90484	5.39811	2.5359599999999998	2.7276499999999997	2.28396	2.44912	1.3752900000000001	0.0	0.0	0.0
Node 95		5.58894	4.0406200000000005	4.18443	5.88353	4.38331	2.33966	1.90391	2.87759	5.35883	2.40738	4.06501	4.53099	4.31476	3.00716	7.05638	4.058260000000001	3.5686000000000004	2.73861	4.668089999999999	0.0	0.0	0.0	0.0
Node 42		5.18387	2.91808	4.9428399999999995	5.938079999999999	7.47067	2.14979	4.11216	4.74353	6.20646	8.24614	1.56357	2.08201	1.6198899999999998	6.55872	2.97883	4.04094	6.22783	3.89199	3.1530500000000004	1.51708	0.0	0.0	0.0
Node 187		5.66334	1.7143700000000002	5.6857999999999995	3.7656099999999997	5.18308	2.03352	3.65465	3.1266599999999998	2.95587	6.3284	0.0	2.26972	0.8541099999999999	2.32658	3.6580099999999995	5.57271	2.58654	0.0	2.38975	1.51708	0.0	0.0	0.0
Node 153		5.21039	0.0	4.1658	4.06187	6.95509	2.60601	2.54792	5.8879399999999995	1.3234	2.27227	2.32171	2.1821900000000003	5.92812	4.5894699999999995	1.29009	4.245030000000001	1.79799	3.8476000000000004	3.71583	0.7885700000000001	0.0	0.0	0.0
Node 199		1.5652	3.34573	2.59363	4.57015	4.2715700000000005	2.91249	1.65209	4.0240100000000005	0.50166	5.3343	1.7439799999999999	5.7939	5.00363	1.51491	6.96884	2.51212	6.1132	4.77844	5.66813	0.0	0.0	0.0	0.0
Node 97		3.0500599999999998	0.9022199999999999	3.03645	1.34158	5.62077	1.4187999999999998	3.4576299999999995	2.57687	4.33232	4.1096	0.56495	5.4115400000000005	6.13907	1.48382	4.31845	5.8646400000000005	3.30325	3.95143	4.3197399999999995	0.7885700000000001	0.0	0.0	0.0
Node 151		5.28756	1.55754	7.15852	6.8619200000000005	6.445130000000001	3.60316	1.6257400000000002	5.916119999999999	3.7758100000000003	6.45068	3.54381	2.27801	5.87965	0.5127999999999999	6.8493200000000005	3.8320600000000002	4.06346	1.48002	4.30741	0.58672	0.0	0.0	0.0
Node 194		5.05205	4.54701	4.1607400000000005	1.64886	6.54386	3.3429699999999998	4.03553	3.13279	4.9491	4.21683	1.4599300000000002	2.75994	1.8812200000000001	5.16377	2.63026	0.86264	6.57879	0.52533	5.28136	0.9303600000000001	0.0	0.0	0.0
Node 168		4.57968	5.40982	0.83915	2.02333	4.037310000000001	3.94759	0.69743	1.52511	4.29323	2.87527	2.42518	0.81785	4.76926	4.74742	5.7849900000000005	4.64582	1.7541999999999998	6.416399999999999	2.9647099999999997	0.58672	0.0	0.0	0.0
Node 100		3.05912	2.9589	3.3737700000000004	6.0551	5.12017	5.03304	3.97876	2.80918	1.2046299999999999	5.13113	3.0093	4.01027	5.45589	1.9690200000000002	3.4091499999999995	5.62735	3.4895500000000004	1.03472	6.401700000000001	0.9303600000000001	0.0	0.0	0.0
Node 99		5.5423100000000005	1.37721	7.72631	3.4225600000000003	6.26773	2.25822	3.45175	1.83825	3.6692	3.75054	2.65915	1.55559	4.15818	4.44434	3.26322	2.48505	2.69826	3.1224	2.3628	0.0	0.0	0.0	0.0
Node 188		4.00216	4.35907	3.28094	1.5632	4.17128	1.38494	1.2940500000000001	5.55625	6.311260000000001	0.77742	4.0907800000000005	0.95734	4.13386	4.41301	5.7107600000000005	2.38225	2.72419	3.12032	6.46422	0.7885700000000001	0.0	0.0	0.0
Node 25		7.146139999999999	1.53583	2.18731	4.36329	7.67071	1.66291	4.54937	4.01215	4.3253699999999995	2.6828000000000003	6.27419	5.47092	3.58166	4.36987	2.14151	3.4205699999999997	3.8438100000000004	3.1892700000000005	4.11407	0.0	0.0	0.0	0.0
Node 172		3.7810099999999998	2.82095	3.7693999999999996	3.3796	0.78836	0.6987	2.3131	0.0	2.56841	5.42938	0.0	2.13011	1.31798	2.94562	5.15663	0.9975100000000001	4.51436	2.32619	4.30626	0.0	0.0	0.0	0.0
Node 138		2.79154	3.79539	0.8167000000000001	5.6222	3.16566	0.9273699999999999	4.64641	0.0	0.0	2.27631	4.1244000000000005	2.75501	3.7773099999999995	2.48182	4.20277	0.0	6.19012	3.07701	1.6963700000000002	1.71893	0.0	0.0	0.0
Node 127		3.83716	2.51844	2.72958	5.19038	6.49267	2.43779	0.70835	7.503	1.7682	5.33966	1.63472	3.8859699999999995	3.4956099999999997	5.30631	10.33829	2.4734	4.91275	4.96625	4.30812	0.58672	0.0	0.0	0.0
Node 17		4.43374	2.76384	1.6721300000000001	4.7653099999999995	4.04086	3.86661	0.69743	9.33701	3.58821	3.75028	3.67297	2.0642899999999997	1.85659	0.5127999999999999	4.19788	3.4852000000000003	3.09593	6.5809999999999995	4.399100000000001	0.0	0.0	0.0	0.0
Node 72		3.05406	3.0958200000000002	1.30179	4.50803	5.15465	3.75908	3.093	6.60662	2.8298799999999997	3.3682999999999996	4.66158	4.4765	5.793340000000001	0.0	6.11498	0.78362	4.93095	3.88715	0.7508199999999999	0.7885700000000001	0.0	0.0	0.0
Node 129		1.48559	0.70934	6.82602	1.4085	5.80234	1.41753	2.08097	3.79194	2.40948	0.0	3.08539	4.08653	0.76578	2.15035	2.0037599999999998	4.04815	2.6383199999999998	2.50616	4.02492	0.0	0.0	0.0	0.0
Node 167		2.9482399999999997	1.13248	5.85086	6.902419999999999	6.7033499999999995	2.66127	2.42278	5.43446	4.87348	4.5304400000000005	5.13655	4.2225	2.98371	3.33178	3.09642	0.0	4.85885	3.32728	2.66448	0.53308	0.0	0.0	0.0
Node 190		3.70947	4.38035	0.7946099999999999	3.8925	4.23219	1.31469	4.76839	6.51539	4.7033	5.66632	2.31403	0.0	4.38074	3.17382	4.1336900000000005	3.42144	6.252190000000001	2.7499	3.68837	0.0	0.0	0.0	0.0
Node 70		4.60506	3.2724900000000003	1.42222	3.1376	5.71777	2.87991	3.44089	5.71471	3.6765100000000004	7.9761	1.32681	7.54883	6.00824	6.02093	4.86191	3.20974	2.96038	4.65065	3.5259199999999997	0.0	0.0	0.0	0.0
Node 154		1.35304	4.45174	6.90947	6.66466	2.83759	4.15596	3.15405	3.4008499999999997	3.98579	1.52043	4.17757	2.8683799999999997	3.85125	6.834560000000001	4.3436900000000005	3.10643	2.8574800000000002	1.7145199999999998	2.26105	1.71893	0.0	0.0	0.0
Node 183		3.73733	3.2199199999999997	3.7478900000000004	1.40515	2.1512	0.66484	3.8224599999999995	4.49479	2.085	1.53606	2.77595	1.56574	4.9033	3.56615	8.380460000000001	0.0	3.4724600000000003	1.23932	3.65139	2.05016	0.0	0.0	0.0
Node 152		2.93887	0.94772	3.84633	3.14554	6.35015	1.92544	2.52601	8.95363	0.0	6.402080000000001	2.08388	2.2604800000000003	4.67254	1.9331500000000001	3.2291100000000004	0.9975100000000001	2.66546	2.48049	0.7689699999999999	0.0	0.0	0.0	0.0
Node 106		2.9250000000000003	3.5420399999999996	5.05098	3.6420399999999997	3.4873399999999997	0.9273699999999999	4.04633	5.5118599999999995	3.00963	4.4042699999999995	4.42921	2.78599	2.62332	4.42648	2.48168	0.91424	3.94811	3.85994	1.2235	0.9303600000000001	0.0	0.0	0.0
Node 14		5.7805599999999995	0.9022199999999999	5.70179	4.25577	6.65499	2.6355	2.1356300000000004	3.23612	3.0407	3.86808	1.6611399999999998	4.99561	0.9491599999999999	3.3948300000000002	2.66856	3.19425	2.48276	2.60053	2.11118	0.0	0.0	0.0	0.0
Node 143		7.130540000000001	3.73859	2.56724	1.9370399999999999	6.665039999999999	2.49783	2.33053	5.52942	2.46136	1.37388	1.99582	4.642729999999999	6.29523	1.6031299999999997	4.92098	4.92027	0.75483	1.24526	6.11166	0.7885700000000001	0.0	0.0	0.0
Node 124		4.30846	2.12737	5.7566	4.64012	6.538670000000001	2.62893	1.8643199999999998	2.5856	4.56598	5.76939	3.35622	4.79835	4.017049999999999	5.90184	2.62295	4.02776	5.1313699999999995	3.17431	3.4038899999999996	1.3752900000000001	0.0	0.0	0.0
Node 23		4.60642	2.25956	3.48023	4.6332699999999996	3.6343300000000003	1.64223	3.16524	2.2865699999999998	2.4248700000000003	3.24325	3.0552099999999998	3.07452	3.9778700000000002	4.70458	4.61	2.75239	3.1088899999999997	2.6213	0.6154299999999999	0.0	0.0	0.0	0.0
Node 114		8.18063	2.75499	2.3813299999999997	7.859389999999999	6.823189999999999	3.3108199999999997	2.6025300000000002	3.4065199999999995	5.66585	4.65107	4.6904	7.01194	4.3314699999999995	3.11544	6.89329	4.68207	2.40048	4.69707	2.49398	0.0	0.0	0.0	0.0
Node 62		1.38557	3.9343000000000004	1.54111	6.75683	5.81127	2.86854	2.25436	6.6578100000000004	2.17365	4.50828	1.6979600000000001	1.49852	3.93439	4.8519	2.39559	1.84724	2.45099	1.1102	4.29836	1.32165	0.0	0.0	0.0
Node 163		0.8004000000000001	4.65462	6.479310000000001	6.78064	1.50806	1.43496	3.03719	2.49627	0.67434	5.2383	3.70905	0.0	3.33631	3.9738299999999995	2.1488	2.37461	3.50755	3.4796100000000005	4.28714	0.0	0.0	0.0	0.0
Node 31		5.7619	1.2703900000000001	1.35202	4.08623	3.3196499999999998	2.45133	2.96879	0.0	3.4795100000000003	4.71511	2.69286	2.6782899999999996	4.62484	4.1807	4.03134	7.70924	4.6644499999999995	5.18156	2.20569	0.0	0.0	0.0	0.0
Node 139		6.08752	2.16346	6.18637	2.19615	7.04496	3.80692	5.4438	7.425420000000001	2.35829	5.63504	2.46107	5.0835	1.80173	4.98763	2.1618	4.07737	1.5604200000000001	1.95472	3.8459399999999997	0.0	0.0	0.0	0.0
Node 123		2.90242	2.82694	2.45856	4.72158	3.1460000000000004	2.86854	0.7124199999999999	6.46756	2.7907100000000002	1.7357399999999998	3.79088	6.64438	1.50954	6.50191	4.61149	1.6167	4.50134	1.74132	2.5247800000000002	0.58672	0.0	0.0	0.0
Node 78		6.9239999999999995	1.52354	5.7834200000000004	0.0	4.8429	3.3664300000000003	3.4939199999999997	6.603199999999999	5.83711	6.092029999999999	2.83444	2.68224	3.96023	1.41566	1.73506	5.356339999999999	5.20935	1.44036	2.55753	0.0	0.0	0.0	0.0
Node 54		6.1980699999999995	1.58665	4.17431	2.53896	7.08815	1.9512600000000002	4.17122	9.517430000000001	5.44459	1.51686	4.97549	0.9219099999999999	0.5522	1.65803	7.74782	6.10662	3.00708	3.2189	2.4047	0.0	0.0	0.0	0.0
Node 9		7.40295	1.50974	3.40335	4.11299	3.3091000000000004	1.94117	4.91314	3.05746	3.48216	3.2416100000000005	5.64061	6.43956	2.99728	4.971480000000001	7.29329	5.40247	3.6562699999999997	3.6564300000000003	3.73738	0.53308	0.0	0.0	0.0
Node 196		1.9371	1.34135	2.61078	5.554069999999999	6.11367	1.45109	2.8180799999999997	0.92981	3.63142	4.65731	1.7781399999999998	3.09387	8.312460000000002	5.2253099999999995	4.22208	2.95646	2.60145	1.12589	4.23315	0.53308	0.0	0.0	0.0
Node 91		4.111800000000001	1.4796	2.8822	3.17861	4.66031	2.0347899999999997	1.37506	5.11995	2.24005	4.4458400000000005	1.28495	2.89986	1.12984	2.80633	4.32208	4.17079	3.96934	6.02491	3.0385	0.0	0.0	0.0	0.0
Node 104		3.89344	3.69429	0.0	8.225150000000001	5.5551200000000005	1.6247999999999998	5.16869	4.0926	1.6080500000000002	5.48607	2.35878	4.22281	0.95734	3.28911	3.63958	0.0	2.9335400000000003	3.22729	1.40808	1.3752900000000001	0.0	0.0	0.0
Node 48		5.1227599999999995	1.2703900000000001	5.46138	3.54851	3.7734799999999997	1.7403600000000001	5.4306399999999995	7.56509	2.4371799999999997	0.0	2.1289700000000003	4.01495	4.46555	4.59305	2.41837	4.8871199999999995	3.85102	2.01803	1.33069	0.58672	0.0	0.0	0.0
Node 49		7.10482	5.44295	5.36356	1.2589899999999998	6.556760000000001	3.35967	5.30762	4.35798	1.7574800000000002	5.26434	2.98338	2.0367699999999997	2.81644	1.9492099999999999	2.95149	0.82491	3.82192	3.0356199999999998	0.0	0.0	0.0	0.0	0.0
Node 2		3.04279	1.7180399999999998	2.66446	5.24032	4.86485	1.6247999999999998	5.83789	7.297009999999999	3.2839599999999995	2.75056	3.33889	5.58563	0.0	6.619120000000001	9.467540000000001	2.76336	2.70404	1.9588499999999998	2.6267300000000002	0.7885700000000001	0.0	0.0	0.0
Node 80		4.42452	3.86837	0.0	4.05819	7.29301	2.26789	2.47479	5.84852	4.24892	5.3563	2.30893	0.8989	5.70477	4.54581	3.80401	2.44687	4.67063	2.57898	3.75835	0.0	0.0	0.0	0.0
Node 30		5.22577	1.5889400000000002	6.11436	4.60246	7.33013	2.3001199999999997	5.33745	4.57095	2.74171	2.80926	2.50807	6.29824	2.22087	2.33359	3.7991099999999998	5.3512200000000005	2.79547	1.21915	0.94555	0.0	0.0	0.0	0.0
Node 3		4.67439	2.26904	3.33706	2.5377899999999998	7.190390000000001	0.9032500000000001	4.52911	2.9779400000000003	4.3247	2.7611	2.31403	3.67235	1.44954	8.091660000000001	6.338190000000001	1.28188	3.7532099999999997	0.65445	0.0	0.58672	0.0	0.0	0.0
Node 10		5.3185400000000005	2.85052	5.87591	3.2620700000000005	3.92326	3.08681	2.3031800000000002	5.88276	1.39451	7.94195	2.99457	2.2756499999999997	4.9949	8.13246	1.2910899999999998	2.1478099999999998	2.49515	1.8189	3.75177	0.7885700000000001	0.0	0.0	0.0
Node 76		3.07961	3.01808	5.28391	1.40266	4.14097	0.7201	1.65209	4.4277999999999995	4.42862	5.81123	2.17826	3.19656	4.209899999999999	1.6039700000000001	2.0364199999999997	3.2669499999999996	5.10408	3.53025	3.3624	1.3752900000000001	0.0	0.0	0.0
Node 60		5.76375	3.2136299999999998	7.71674	3.9542300000000004	2.40617	1.54336	4.1596	4.40865	5.4023	3.17397	3.69786	3.5699500000000004	3.82278	3.32963	2.74014	3.33374	0.0	4.68884	4.23217	1.3752900000000001	0.0	0.0	0.0
Node 144		3.1720900000000003	1.31281	7.39505	2.62324	4.21776	0.0	2.48402	3.7355300000000002	3.40582	1.56255	3.6163099999999995	1.22546	6.05251	3.14551	7.49494	5.35605	4.7005	6.21079	3.96767	1.71893	0.0	0.0	0.0
Node 74		4.62958	2.37519	6.22069	7.06893	6.18806	3.26723	2.88577	7.130649999999999	2.51255	5.9799999999999995	3.76079	2.83218	5.75431	2.42726	5.9145900000000005	2.2964100000000003	2.4710300000000003	3.79137	2.72993	0.7885700000000001	0.0	0.0	0.0
Node 186		1.5862	2.14404	6.06897	2.72245	2.94601	3.32219	3.0844199999999997	3.0298499999999997	3.32756	4.65107	2.5613799999999998	2.22291	3.85278	3.26032	5.44381	2.54783	2.02156	2.61186	2.91987	0.0	0.0	0.0	0.0
Node 26		4.09073	3.25445	4.2639000000000005	2.6815599999999997	7.33013	4.32326	2.48486	3.2547300000000003	2.50569	3.09599	4.380789999999999	2.95568	4.581840000000001	3.75157	5.60415	2.24237	3.05883	2.6723	3.47033	0.9303600000000001	0.0	0.0	0.0
Node 147		4.74773	3.07354	3.46041	4.07651	0.99807	3.6222	5.217709999999999	3.1026700000000003	1.53101	7.40951	1.39502	5.59319	4.55276	1.51567	4.52661	5.6648499999999995	2.77269	2.17188	4.30079	0.53308	0.0	0.0	0.0
Node 176		4.739129999999999	2.99472	6.42009	6.793829999999999	3.2068100000000004	3.91943	5.49564	2.34388	3.57972	9.36446	0.9180799999999999	4.04091	6.3520199999999996	5.637020000000001	4.88417	4.0044900000000005	1.7512199999999998	3.54502	4.40555	0.53308	0.0	0.0	0.0
Node 77		1.51045	3.99804	6.664299999999999	3.33568	6.6205	0.7201	2.23693	3.42448	0.9917699999999999	7.0426400000000005	2.72219	4.6901	4.847980000000001	1.22574	3.3577700000000004	4.49463	1.4944300000000001	3.8226400000000003	5.0911100000000005	0.0	0.0	0.0	0.0
Node 166		7.17642	3.6150599999999997	2.4266300000000003	4.93802	2.70452	5.58793	3.3159099999999997	5.40408	2.89059	3.73299	2.7317	0.64885	3.34546	6.93066	1.606	7.09968	3.6772600000000004	4.74775	3.5398300000000003	1.1198	0.0	0.0	0.0
Node 174		4.16693	1.24811	4.03114	6.63832	5.90609	0.66484	2.00647	3.49769	4.8742	4.8886	0.0	4.69011	3.00335	1.27858	3.97811	3.1950600000000002	3.8477799999999998	0.6872600000000001	5.00065	0.0	0.0	0.0	0.0
Node 160		4.001650000000001	2.3987499999999997	1.62034	7.70561	3.97459	2.28815	2.97357	4.55083	0.0	1.9158899999999999	3.63056	4.85333	3.66953	1.40871	1.7160000000000002	5.54789	3.4495699999999996	3.94288	4.87626	0.0	0.0	0.0	0.0
Node 87		4.1413	0.82211	1.41653	5.08558	5.60188	3.2004900000000003	3.41707	6.669269999999999	4.7818	4.99916	0.99781	0.0	5.124009999999999	1.19767	5.674040000000001	4.52071	2.5411099999999998	3.2742199999999997	5.495019999999999	0.7885700000000001	0.0	0.0	0.0
Node 136		5.38691	3.25307	4.030679999999999	5.9689499999999995	7.473249999999999	2.3331500000000003	2.97034	2.31398	6.278930000000001	3.28498	2.59474	5.29942	5.6521799999999995	2.76409	3.86451	4.07365	3.67117	3.08283	3.0339899999999997	1.32165	0.0	0.0	0.0
Node 22		1.42377	2.13596	4.23894	5.801	5.04338	2.6115	2.8741499999999998	3.64499	4.56513	4.76347	3.26285	2.81054	3.6128599999999995	3.45132	4.025399999999999	3.9963699999999998	0.52533	2.18756	3.26656	0.58672	0.0	0.0	0.0
Node 28		3.02201	4.6769	2.47622	5.99581	8.86767	0.0	2.3121	5.058590000000001	4.38684	6.66302	0.56495	6.9826	0.8541099999999999	6.84912	4.72854	3.23853	1.369	2.46776	2.66638	1.32165	0.0	0.0	0.0
Node 46		5.75181	2.35852	4.19852	3.9882800000000005	2.46528	1.9782600000000001	1.65209	5.5704400000000005	2.75566	4.49425	2.8576	1.6425100000000001	4.56363	0.0	9.34011	0.97308	2.76371	1.78684	4.6552299999999995	0.0	0.0	0.0	0.0
Node 119		3.67376	3.71688	5.08196	2.04886	4.30542	0.9918899999999999	4.74373	2.56884	0.9337099999999999	9.93417	4.60447	3.00669	4.4998000000000005	4.94611	5.92772	1.26304	3.6917999999999997	1.94567	3.0339899999999997	0.0	0.0	0.0	0.0
Node 118		3.8339	2.02841	1.79902	6.1981399999999995	5.12605	2.73319	4.63198	4.35446	4.1303600000000005	3.65188	2.56932	4.83789	1.9839499999999999	1.0439399999999999	5.67888	5.2567	4.49441	3.8254200000000003	2.53569	0.0	0.0	0.0	0.0
Node 155		6.08183	1.4733100000000001	1.5635599999999998	5.64956	2.51278	3.2274900000000004	2.9469499999999997	5.99568	5.10813	7.90673	0.0	8.64434	3.1540600000000003	3.8959300000000003	4.9866	2.49707	0.8055899999999999	4.72096	6.949560000000001	0.58672	0.0	0.0	0.0
Node 133		5.98642	2.93658	5.28489	3.1289	5.80234	1.36965	5.70338	2.62943	3.90695	1.37388	1.5307899999999999	3.8118399999999997	4.30912	1.46739	3.9858	2.7830299999999997	3.1956900000000004	0.69382	4.60588	0.0	0.0	0.0	0.0
Node 184		6.0301	1.55056	9.60454	3.25178	5.8262599999999996	2.61277	0.67043	4.38856	2.456	5.07985	6.89071	2.3012	9.01332	3.80438	4.97321	3.3661999999999996	2.17022	4.15774	3.06481	1.51708	0.0	0.0	0.0
Node 86		2.87919	2.29542	2.54588	1.7408799999999998	7.3216	0.7201	4.4863100000000005	3.97849	3.20533	0.0	5.00671	5.029850000000001	3.001	5.43973	0.75548	3.7955500000000004	0.76916	1.30925	2.2426000000000004	0.0	0.0	0.0	0.0
Node 135		0.0	2.92553	5.57411	5.25218	3.91554	0.75366	5.70319	5.14347	4.64257	3.78126	3.02615	1.31317	4.56454	0.69604	2.3931	5.38476	2.5810199999999996	1.88002	5.35876	1.51708	0.0	0.0	0.0
Node 16		1.31348	3.09971	7.61024	1.60143	2.76608	1.98512	1.42077	3.86526	4.7571	2.99545	1.63472	4.666	5.07699	2.8393800000000002	4.24946	5.67995	2.47237	2.70187	3.16802	0.0	0.0	0.0	0.0
Node 83		4.87205	3.6150599999999997	4.48239	3.8756899999999996	4.95721	3.5786100000000003	2.2718	3.50657	2.49942	6.6012699999999995	2.45483	4.15296	4.60632	3.22313	4.87446	4.35031	3.5674799999999998	0.55144	3.98647	0.0	0.0	0.0	0.0
Node 134		3.8028399999999998	1.34135	5.73745	6.513299999999999	3.6343300000000003	0.0	6.1507	7.175199999999999	3.37089	1.55685	3.61089	3.78565	3.78468	1.28434	3.8221	1.64626	7.9413800000000005	2.53573	5.3748499999999995	0.0	0.0	0.0	0.0
Node 34		4.53	3.2669099999999998	1.61486	2.937	2.52689	2.29702	3.80507	5.5818	2.98415	0.0	3.0247699999999997	4.24403	5.78413	2.6245000000000003	1.68369	6.01325	3.9934900000000004	3.3442100000000003	4.21645	0.0	0.0	0.0	0.0
Node 65		0.6354099999999999	3.00857	3.20895	3.57158	5.42985	2.26289	1.40985	5.91895	2.35892	5.46041	1.7410700000000001	4.07867	2.17948	4.42964	5.693779999999999	6.87883	0.7311599999999999	5.71472	2.85881	0.0	0.0	0.0	0.0
Node 170		3.74746	0.78625	2.46455	1.62728	3.46775	2.5792699999999997	3.53283	3.4578699999999998	0.66898	6.07595	2.8728	3.48594	4.72311	3.43669	7.61226	4.07694	1.20112	3.96897	0.0	0.58672	0.0	0.0	0.0
Node 40		3.93154	1.42844	0.72441	4.00305	5.2313600000000005	0.9273699999999999	2.99475	0.95414	2.17406	2.5065	2.73558	2.36454	3.5898399999999997	7.44701	6.574330000000001	3.8032700000000004	0.8055899999999999	0.52533	4.0110600000000005	0.0	0.0	0.0	0.0
Node 109		6.28216	2.3978099999999998	0.0	2.37442	4.11262	2.63987	2.90217	4.61948	2.7929	7.33903	1.71157	5.26112	6.60322	3.8468	6.03154	2.2219800000000003	4.153	2.98741	1.8759100000000002	0.9303600000000001	0.0	0.0	0.0
Node 27		4.90257	1.47926	6.66151	4.670719999999999	5.669989999999999	3.78128	4.18039	2.30826	3.2648499999999996	4.0255399999999995	1.4987199999999998	5.99857	4.33459	2.3394000000000004	0.75828	3.21275	4.88313	4.04517	0.0	0.0	0.0	0.0	0.0
Node 185		7.85396	1.45103	2.2006	0.53264	4.00271	2.86854	0.67043	2.97452	2.70794	5.40397	4.398359999999999	4.72555	2.3636500000000003	2.09111	5.30246	3.61685	3.49189	4.40843	3.4020799999999998	1.32165	0.0	0.0	0.0
Node 162		4.97372	1.60836	3.3401199999999998	0.76458	5.75079	2.01212	3.1793299999999998	4.2173099999999994	3.1680699999999997	5.59312	1.22949	4.37751	5.50302	2.0337899999999998	4.16205	4.5676000000000005	4.251930000000001	4.61862	0.58487	0.0	0.0	0.0	0.0
Node 156		3.6578399999999998	2.22884	2.41495	3.8462799999999997	3.1658600000000003	2.08975	2.9861	6.457400000000001	2.32731	5.00686	3.34674	4.85057	3.6466499999999997	1.75259	5.07435	3.0645800000000003	1.7541999999999998	3.90445	3.68003	0.0	0.0	0.0	0.0
Node 120		5.20518	1.37721	4.82999	3.00636	9.9982	3.72566	4.34246	6.75377	3.95964	5.57575	0.5806399999999999	3.89515	5.50691	0.5127999999999999	4.15012	4.33838	1.7162	2.41296	4.36996	0.9303600000000001	0.0	0.0	0.0
Node 125		3.1412000000000004	4.3297799999999995	3.2508000000000004	3.44618	3.17053	3.16267	5.33536	3.7355300000000002	5.005269999999999	4.22266	2.71928	4.87819	2.93311	3.69658	6.00049	2.7984	1.79063	2.52156	4.57435	1.71893	0.0	0.0	0.0
Node 64		2.31664	3.93727	2.28904	6.947970000000001	5.38666	1.64223	6.09051	4.93656	2.7716399999999997	2.40002	5.3606300000000005	2.97085	5.44112	3.64959	2.78675	5.32979	2.42713	2.69909	0.80423	0.7885700000000001	0.0	0.0	0.0
Node 131		1.23079	2.4173400000000003	1.54111	6.346970000000001	6.3127	0.0	4.63199	5.86322	3.4848700000000004	2.95419	1.68214	2.38861	2.05052	2.9904900000000003	4.58273	1.46892	3.7784199999999997	3.4218100000000002	1.79795	0.0	0.0	0.0	0.0
Node 179		4.0733	0.0	4.1261399999999995	5.51808	3.3279799999999997	3.0154400000000003	1.81359	4.95385	2.35892	3.88804	2.1404900000000002	3.02947	2.93723	3.97804	6.73757	0.9975100000000001	0.98206	1.37868	2.65969	0.58672	0.0	0.0	0.0
Node 88		0.0	0.57738	6.90099	3.82243	6.09161	3.22759	5.29739	2.58234	2.86145	5.8381099999999995	5.24145	2.46036	5.54249	0.77135	3.14407	0.8497299999999999	5.33434	2.46939	3.56495	0.0	0.0	0.0	0.0
Node 117		2.69438	3.23431	6.7203100000000004	2.98289	4.21701	1.99569	1.4232099999999999	2.4100300000000003	5.78306	0.57078	3.23979	4.94765	5.78968	2.8834	1.8474899999999999	0.52705	2.42415	7.567260000000001	6.03862	2.2520100000000003	0.0	0.0	0.0
Node 33		3.7550600000000003	2.07022	4.241169999999999	3.75107	7.21632	1.68103	3.61212	4.2486500000000005	5.56892	6.72999	0.9948999999999999	2.3285400000000003	5.2329300000000005	3.08004	6.0841	3.15734	4.42288	1.16687	5.5199	0.0	0.0	0.0	0.0
Node 4		5.48173	1.51512	3.75946	5.67446	5.75931	2.26789	3.19972	2.92217	3.00118	4.39096	0.72	3.14843	2.13515	2.27876	4.69782	4.85685	2.76371	5.24848	2.40959	0.53308	0.0	0.0	0.0
Node 47		2.1302499999999998	2.56006	3.15104	4.61525	7.69427	3.81539	3.90951	2.21042	1.9254799999999999	5.877870000000001	1.70132	1.35374	4.3025	1.9681400000000002	3.43621	6.18211	1.6603400000000001	3.6900299999999997	2.6224399999999997	0.9303600000000001	0.0	0.0	0.0
Node 18		7.084409999999999	2.16346	0.72441	10.18775	4.33045	1.7067999999999999	4.39649	4.88475	4.56353	5.42433	5.3767700000000005	3.00149	3.8989299999999996	4.0736	6.52934	1.71088	2.66927	0.58572	1.62288	0.9303600000000001	0.0	0.0	0.0
Node 132		5.29075	3.31327	3.2093200000000004	3.4698800000000003	3.4135199999999997	1.31342	2.64272	5.23283	4.34356	8.44991	1.85586	4.5313	5.44112	1.68369	3.81513	3.18288	3.1935100000000003	2.92147	1.46344	0.0	0.0	0.0	0.0
Node 107		3.2255100000000003	2.38934	5.44226	4.4432	5.00767	3.02119	3.3159099999999997	5.59241	4.06426	3.8730800000000003	4.85982	0.90674	8.10404	4.95228	5.94062	2.72906	2.44146	2.71303	2.27254	0.58672	0.0	0.0	0.0
Node 192		4.02323	1.7180399999999998	4.13557	3.07692	7.796390000000001	3.68639	4.78954	3.6261799999999997	1.33554	2.39803	4.73368	3.88377	4.37262	0.77135	3.46524	2.57764	3.09994	1.2561900000000001	2.98344	0.58672	0.0	0.0	0.0
Node 101		1.2304199999999998	4.17162	4.7884	2.65377	6.489590000000001	5.31178	4.25223	4.7855	4.99888	4.92502	6.3511	2.54472	8.93595	0.6968799999999999	7.6243099999999995	3.87631	3.38915	3.22729	2.02611	0.0	0.0	0.0	0.0
Node 52		6.56376	1.37778	5.39243	3.18523	5.41776	0.75366	4.758310000000001	3.7284200000000003	1.5472700000000001	5.4486	2.77595	3.08893	2.77017	1.6784400000000002	5.49577	3.0672800000000002	2.98986	5.60586	3.75408	0.7885700000000001	0.0	0.0	0.0
Node 105		2.76566	2.9359	5.9217699999999995	4.80201	9.422519999999999	3.96945	4.97812	2.70797	2.14757	4.30651	3.42702	4.57416	4.9163	5.31088	6.88759	3.08003	3.10887	3.99516	1.54579	0.58672	0.0	0.0	0.0
Node 21		4.72933	0.89593	0.89593	3.4409099999999997	7.811859999999999	4.00825	4.05071	3.2268199999999996	2.93145	5.31021	4.93464	7.006170000000001	4.40076	2.40735	3.3092900000000003	4.7161599999999995	3.58649	0.52533	3.5412600000000003	0.0	0.0	0.0	0.0
Node 142		4.076090000000001	2.95864	0.7946099999999999	3.5484799999999996	7.04369	3.66488	2.2102299999999997	7.27678	0.66898	4.00304	4.03186	3.63372	4.562250000000001	5.975	7.27045	4.29364	3.99212	7.567260000000001	4.05581	0.0	0.0	0.0	0.0
Node 50		3.78883	2.38934	4.07438	2.82659	7.8285800000000005	3.9670799999999997	2.33732	3.8477499999999996	1.9499	4.98232	4.52812	3.72945	2.95411	2.93749	2.5955700000000004	2.97064	3.3014	2.6520200000000003	2.9828	1.90837	0.0	0.0	0.0
Node 59		7.46292	2.15033	3.30673	3.2081600000000003	4.70692	6.0647899999999995	4.21448	4.54124	2.84799	4.917520000000001	0.5806399999999999	3.64113	6.74063	1.7408199999999998	5.70515	2.22772	4.1042700000000005	3.14995	4.80317	0.0	0.0	0.0	0.0
Node 55		4.24572	1.4733100000000001	2.69988	6.22455	5.4044	2.12152	4.73271	4.50353	4.12736	5.77684	1.97566	1.27166	2.3145	1.9801900000000001	7.39147	2.56715	1.95812	5.4124	3.19061	0.0	0.0	0.0	0.0
Node 193		2.29954	2.27184	4.19634	1.7594100000000001	2.22819	2.9069000000000003	2.4853199999999998	6.17325	5.9930200000000005	5.79703	3.9308099999999997	5.23018	5.23811	3.8907	3.80418	5.7848	4.35154	2.54457	3.41504	0.0	0.0	0.0	0.0
Node 182		3.6634100000000003	0.5551	6.1068999999999996	2.7228499999999998	7.40792	2.27312	5.4519400000000005	3.79074	1.35203	6.90901	2.51668	6.67414	4.3641	1.87621	4.62015	3.13565	3.8340199999999998	2.6675899999999997	4.2935	0.0	0.0	0.0	0.0
Node 58		2.0893599999999997	4.09414	3.5614800000000004	2.96726	3.4099699999999995	1.91407	1.42077	3.94313	5.3509	5.49046	4.535229999999999	4.761010000000001	1.74861	0.90709	4.42718	3.34138	3.37099	1.84433	3.36394	0.0	0.0	0.0	0.0
Node 13		5.5326699999999995	2.365	2.3584199999999997	2.10675	3.2371600000000003	3.34231	4.2167	7.4331	1.4669400000000001	6.6737400000000004	0.9948999999999999	1.5339500000000001	2.35434	4.11576	4.9048099999999994	3.91108	5.67	1.30925	3.80868	0.58672	0.0	0.0	0.0
Node 98		1.39768	2.20874	6.381729999999999	4.40802	4.90981	0.7201	3.8793599999999997	4.93656	2.20297	4.61683	0.74617	7.25181	0.60098	3.95798	7.9632	5.55291	3.02277	4.90421	4.449680000000001	0.7885700000000001	0.0	0.0	0.0
Node 197		5.2775099999999995	3.17585	4.80748	3.90615	4.82569	4.589639999999999	6.12993	1.38272	1.9972299999999998	7.136099999999999	3.23979	2.23393	5.386139999999999	2.4067000000000003	4.29648	0.97308	0.0	2.60557	2.2950999999999997	0.0	0.0	0.0	0.0
Node 11		3.53133	1.60836	2.0325699999999998	3.33434	6.5774	1.91407	4.3830800000000005	5.521100000000001	2.3085999999999998	8.31544	2.56788	6.11806	3.8114500000000002	3.51344	4.64114	4.44573	2.90435	0.68174	2.16825	0.7885700000000001	0.0	0.0	0.0
Node 164		0.77273	2.2731399999999997	3.3499399999999997	8.68882	5.04951	0.75366	1.30428	6.49627	1.98608	5.55448	4.26845	1.6576799999999998	7.14461	2.65388	4.2545	3.17958	1.95812	2.62682	0.7689699999999999	2.05016	0.0	0.0	0.0
Node 71		2.1302499999999998	2.19989	1.79902	3.5220700000000003	7.4111899999999995	2.7319199999999997	0.63625	3.58145	3.34055	6.07651	2.44551	0.81785	3.5925100000000003	4.9851	5.41964	4.54256	5.17292	1.98401	2.00327	2.83873	0.0	0.0	0.0
Node 73		3.93598	3.0672800000000002	6.7921	4.207940000000001	3.95009	1.4523599999999999	1.33128	3.49504	1.3234	4.31587	3.09146	0.9891300000000001	3.9127799999999997	4.58702	6.89394	2.50866	0.7311599999999999	2.71396	7.249269999999999	0.0	0.0	0.0	0.0
Node 169		7.2422200000000005	2.0146	5.2331900000000005	7.67809	6.30608	3.95019	4.34976	4.23019	0.66898	4.63762	4.34776	2.04772	4.25529	4.8693100000000005	5.2758199999999995	2.97566	3.35951	4.57589	5.9724699999999995	0.0	0.0	0.0	0.0
Node 69		1.54938	1.58665	3.97574	2.8052799999999998	6.3113	0.61599	4.1427	4.592890000000001	2.95136	3.1419999999999995	5.02811	5.66844	7.40743	2.05229	3.8918099999999995	3.04689	3.36314	3.13822	0.53308	0.58672	0.0	0.0	0.0
Node 38		3.9139599999999994	0.78625	3.43771	2.60651	5.3101	2.87991	2.2419700000000002	2.0865299999999998	2.86143	2.80158	2.35878	3.41903	3.04567	5.16393	3.62998	4.69328	2.8998	4.63703	2.54739	0.0	0.0	0.0	0.0
Node 82		3.0179	1.97973	4.41022	3.96194	4.6513800000000005	1.62607	2.12064	1.24613	3.42156	5.81075	3.06274	6.66273	6.864059999999999	5.29689	5.24138	3.3049500000000003	2.3425700000000003	1.33024	1.54843	0.0	0.0	0.0	0.0
Node 198		3.43937	2.85704	4.36494	3.10118	5.7535099999999995	3.78062	4.82045	1.90391	1.43537	1.37388	3.01646	1.94666	2.94507	2.9669999999999996	5.45135	4.79249	2.41566	4.56231	2.70958	0.0	0.0	0.0	0.0
Node 43		7.18703	1.7002199999999998	5.85851	5.2703	2.7398	3.3664300000000003	2.52601	3.94875	2.97431	6.421150000000001	2.67492	3.8019499999999997	5.369	5.856129999999999	5.25	2.94393	3.62038	1.16687	3.1787099999999997	0.0	0.0	0.0	0.0
Node 173		5.04519	1.7143700000000002	5.29275	4.5492799999999995	4.19523	2.6007599999999997	3.8435499999999996	5.64143	5.7706100000000005	8.21784	1.497	5.2047799999999995	0.0	2.2393	0.76404	5.03798	2.8857399999999997	0.69382	5.97699	0.0	0.0	0.0	0.0
Node 67		2.22188	1.39949	1.71166	4.36334	5.0510600000000005	1.57046	2.20779	4.0932900000000005	3.1553200000000006	4.63201	0.5806399999999999	4.5783	0.76578	6.56519	4.27448	0.0	2.34809	0.55144	3.9371499999999995	0.0	0.0	0.0	0.0
Node 116		3.71652	4.02459	5.033399999999999	3.4246499999999997	6.291969999999999	3.4845300000000003	3.7067099999999997	4.245609999999999	2.54702	2.09388	0.0	3.5929599999999997	3.11267	2.54695	1.91028	2.20491	3.43305	3.26915	4.4738	0.58672	0.0	0.0	0.0
Node 35		6.30892	2.9230300000000002	3.2367100000000004	5.56203	4.8800799999999995	1.57046	3.9097	2.6039	0.72553	4.92107	2.31403	5.34959	4.83043	3.60464	8.09656	0.78362	3.1327300000000005	4.00158	5.1518500000000005	0.0	0.0	0.0	0.0
Node 137		6.19359	2.43565	4.132820000000001	7.153569999999999	1.9858399999999998	2.08975	3.03247	6.15583	6.44795	6.4533499999999995	4.38736	6.317209999999999	0.76578	1.7408199999999998	5.615889999999999	1.26929	1.57475	1.40527	1.62078	0.7885700000000001	0.0	0.0	0.0
Node 5		5.972659999999999	5.280519999999999	1.35202	5.09391	8.95777	1.8306200000000001	3.19728	3.65274	1.6342599999999998	4.31844	1.57151	5.393619999999999	7.60237	3.6669599999999996	3.2399299999999998	1.60456	2.6481600000000003	2.5502000000000002	0.0	1.51708	0.0	0.0	0.0
Node 89		2.19096	0.0	7.69026	3.19136	4.34007	1.99569	1.9303000000000001	6.10898	4.23343	5.46914	2.2448900000000003	0.73577	2.53211	2.41912	2.04657	5.28985	3.67134	3.2096600000000004	1.53939	1.3752900000000001	0.0	0.0	0.0
Node 165		7.094720000000001	4.38555	4.20182	2.7486699999999997	6.01307	1.7403600000000001	3.94083	4.252149999999999	0.5907199999999999	3.11158	3.26285	4.3194799999999995	7.051640000000001	5.9129000000000005	4.24059	3.55631	5.69084	4.19688	2.03665	1.32165	0.0	0.0	0.0
Node 111		1.5053	0.0	4.03436	3.52125	4.15907	0.69743	0.7148599999999999	0.7785700000000001	2.61415	6.99786	2.96709	3.92255	2.99728	4.7691799999999995	2.2714499999999997	3.7130900000000002	2.49515	4.0373	2.01971	0.0	0.0	0.0	0.0
Node 15		4.2653799999999995	1.7177499999999999	4.22438	2.9839	4.19746	1.3622699999999999	2.73738	6.14579	4.47393	2.85099	3.9557599999999997	3.7726200000000003	2.9509	5.40068	4.47804	3.54802	0.95605	4.75658	5.1809	0.0	0.0	0.0	0.0
Node 122		8.52139	0.89593	1.70827	3.05523	4.39619	4.8756	3.1302299999999996	5.87974	0.66898	0.8031	5.60172	4.16638	3.33231	1.39033	6.52175	4.97785	0.98206	4.97187	2.39614	0.0	0.0	0.0	0.0
Node 177		6.08554	0.57738	4.75098	1.7422799999999998	5.57157	1.68413	2.27852	8.19473	3.48806	4.51058	6.336139999999999	3.5454	2.0856	4.50497	4.04185	1.7567	6.3423300000000005	5.32887	2.71013	0.0	0.0	0.0	0.0
Node 93		3.02598	3.5435300000000005	0.0	4.92137	0.8626999999999999	2.62414	3.88301	7.051019999999999	3.70077	4.44386	7.260479999999999	3.16753	2.77815	3.07236	3.9968299999999997	2.87723	3.90573	2.57428	7.35751	0.7885700000000001	0.0	0.0	0.0
Node 96		6.20461	2.8819500000000002	4.75398	7.80338	5.12139	2.3001199999999997	3.03087	3.5352099999999997	1.9923799999999998	0.59157	8.31099	1.1409799999999999	3.8686900000000004	4.39473	5.80337	2.22353	2.72064	7.13912	4.645	0.0	0.0	0.0	0.0
Node 128		2.82135	5.77726	2.80872	3.7799	4.75807	3.5333799999999997	2.29836	5.2195	1.52443	3.38122	4.52674	2.04772	1.79618	4.07895	2.01251	3.87572	3.97561	4.41915	3.3832500000000003	0.0	0.0	0.0	0.0
Node 44		5.58012	4.991779999999999	9.83551	4.874499999999999	6.737450000000001	2.44661	4.4371	3.5153	1.43537	6.2765699999999995	2.63181	2.64171	6.0947700000000005	4.66598	0.7126699999999999	0.0	3.3921300000000003	4.703340000000001	5.3518	0.58672	0.0	0.0	0.0
Node 102		6.6852800000000006	2.8942	1.41386	4.06273	4.69592	1.94117	3.7491999999999996	2.8306999999999998	5.24351	6.60746	2.30375	0.0	1.1774099999999998	4.51431	2.38496	5.39758	6.4551	3.10756	4.12331	0.58672	0.0	0.0	0.0
Node 6		3.09874	2.55067	5.4204799999999995	5.96038	2.79476	0.7148599999999999	6.9661	6.05331	1.43537	6.331040000000001	4.42921	0.9891300000000001	7.42641	1.75816	6.86773	4.89856	3.3208	2.42838	1.43244	0.7885700000000001	0.0	0.0	0.0
Node 171		6.29917	3.32797	4.2070799999999995	4.85905	5.23388	2.3785600000000002	3.4039800000000002	4.130190000000001	3.27468	4.52827	2.43675	1.82865	4.79973	7.53803	5.01491	4.24486	3.4665099999999995	2.9027399999999997	3.75268	0.58672	0.0	0.0	0.0
Node 53		9.14632	6.24081	3.35719	1.41357	3.2537200000000004	0.9544699999999999	2.4328	4.38357	5.78573	4.37017	0.9411400000000001	3.6417400000000004	3.3685	3.74259	6.63319	1.37402	3.87887	4.08834	4.01692	1.71893	0.0	0.0	0.0
Node 57		5.61093	3.0599600000000002	2.67416	2.79257	3.8284400000000005	4.85944	4.8034	4.49278	3.9547899999999996	1.76838	2.2537000000000003	4.97639	3.50151	2.48897	1.64051	3.27327	4.4110000000000005	1.77059	1.6963700000000002	0.0	0.0	0.0	0.0
Node 110		6.83327	0.0	4.3616	9.85997	4.0579600000000005	2.2993799999999998	2.71684	3.19901	3.63227	4.5523	4.22056	0.72439	6.32991	4.77613	3.9783600000000003	5.1253899999999994	1.6603400000000001	0.58572	2.0524	0.0	0.0	0.0	0.0
Node 126		5.44909	1.4934100000000001	2.5013400000000003	3.3334099999999998	5.32702	2.36233	5.41202	5.29698	1.6740899999999999	4.0772200000000005	5.9380500000000005	3.3149699999999998	2.19869	4.41355	2.38496	5.21797	1.6723	2.48543	2.06981	0.0	0.0	0.0	0.0
Node 0		0.77273	3.11096	5.06124	4.92136	4.69972	4.23208	1.7889300000000001	5.46588	3.6644900000000002	4.74649	2.2258400000000003	1.4876800000000001	4.795	7.701810000000001	4.62467	2.23251	2.35106	0.6154299999999999	1.80142	1.3752900000000001	0.0	0.0	0.0
Node 61		3.4520299999999997	1.55754	7.03174	5.5021	1.50846	3.1948999999999996	4.75164	7.51085	4.91542	7.670839999999999	2.29151	2.3737500000000002	7.507129999999999	2.82925	4.90727	1.7726700000000002	2.65648	2.61718	0.69042	0.9303600000000001	0.0	0.0	0.0
Node 130		3.18139	1.37721	4.78208	4.63875	4.75405	1.36965	1.2940500000000001	2.3665599999999998	5.14954	7.329579999999999	3.25768	3.93521	0.59543	2.09111	3.83008	1.76667	2.31934	2.5994300000000004	4.4882	1.1198	0.0	0.0	0.0
Node 19		2.68146	2.20069	3.2284800000000002	5.57079	7.323770000000001	1.60269	0.7148599999999999	7.3003	1.69081	7.90673	1.36388	1.5898800000000002	6.46309	2.42938	2.05668	2.442	1.79799	2.73822	3.13605	0.0	0.0	0.0	0.0
Node 92		4.84257	2.82793	1.60993	4.2729099999999995	4.11242	2.35635	3.718	5.29737	3.37749	0.0	4.42744	2.88769	2.96447	6.10268	4.633990000000001	2.69829	0.7311599999999999	4.23969	0.0	0.0	0.0	0.0	0.0
Node 149		4.7012	0.0	8.1601	4.69877	2.82906	3.4845300000000003	2.90368	4.63286	5.07251	6.50159	2.77595	7.299790000000001	0.0	3.2401	9.38602	2.44836	0.52533	2.70863	6.0165299999999995	0.0	0.0	0.0	0.0
Node 148		0.68122	2.03436	3.06097	5.10247	3.55375	5.49987	1.5395	1.10432	3.4557499999999997	4.2195599999999995	4.0491600000000005	5.0373	1.74775	6.24957	4.25428	1.53845	1.19665	3.8070600000000003	2.8574100000000002	2.2520100000000003	0.0	0.0	0.0
Node 112		2.84235	2.4273800000000003	2.4594899999999997	3.8204000000000002	3.25139	3.12042	4.39607	5.46709	3.45179	6.839779999999999	3.05616	2.77908	0.0	7.60464	2.52701	1.26304	0.0	1.26746	4.29276	0.7885700000000001	0.0	0.0	0.0
Node 121		0.70934	2.98614	2.2443	3.3687500000000004	4.18243	1.62607	3.10457	2.69913	0.9337099999999999	3.952	2.84347	2.83709	6.385109999999999	2.91527	5.14729	0.86264	2.51881	2.69738	0.53308	1.51708	0.0	0.0	0.0
Node 41		3.82517	3.58649	3.8862599999999996	3.83221	5.75614	2.97055	2.77046	1.8915600000000001	1.39451	9.08081	2.50105	1.80564	8.91973	4.74765	5.02202	2.85861	3.0282	2.05447	3.75375	0.58672	0.0	0.0	0.0
Node 51		3.8586799999999997	3.4879100000000003	3.5638000000000005	4.726360000000001	8.18588	2.66773	0.0	9.18985	2.5106900000000003	2.99545	2.89038	3.02023	1.58295	4.5389800000000005	7.77521	2.57171	0.97308	3.96353	2.15807	0.0	0.0	0.0	0.0
Node 178		6.55632	3.1395	4.92893	1.7732500000000002	9.02623	0.75366	4.88028	0.95414	3.35952	6.41014	3.48665	7.21352	2.38828	3.99685	6.702859999999999	4.82128	6.17894	2.05447	3.1232699999999998	0.7885700000000001	0.0	0.0	0.0
Node 56		2.84288	2.41761	5.02207	4.09433	9.206159999999999	2.24089	0.7124199999999999	2.9571400000000003	6.7747	4.92256	2.5243100000000003	5.26864	3.48346	3.69658	6.33913	5.3089200000000005	3.44504	2.58359	1.87883	0.0	0.0	0.0	0.0
Node 146		5.20923	0.5551	1.35202	7.409590000000001	6.0267	2.29702	3.72067	7.268479999999999	1.33554	4.532640000000001	1.92883	0.0	7.625089999999999	4.45211	8.83635	4.90799	3.042	2.6573800000000003	1.15932	0.9303600000000001	0.0	0.0	0.0
Node 36		1.53763	3.78304	5.06479	3.50783	4.91194	0.99807	2.9773199999999997	7.24042	5.4496	4.93683	0.0	2.76432	6.26274	4.76577	2.92584	2.83323	1.19665	2.45054	3.61489	0.58672	0.0	0.0	0.0
Node 84		2.0181500000000003	2.89889	3.4941600000000004	5.9945699999999995	5.96449	1.7081300000000001	4.01243	7.8877299999999995	2.92193	1.45773	1.93604	5.395910000000001	5.916720000000001	3.1484900000000002	4.47734	4.76882	3.0636099999999997	2.03741	5.78965	0.0	0.0	0.0	0.0
Node 140		8.28444	2.16037	3.51201	5.5440000000000005	1.50846	5.31246	5.39114	5.3369	1.3162500000000001	8.32259	2.67373	2.15839	1.7728399999999997	3.60187	1.48546	3.50887	3.0177	3.7622500000000003	3.3083500000000003	0.9303600000000001	0.0	0.0	0.0
Node 20		4.8537	3.05939	8.36727	2.02163	2.9697899999999997	1.91407	2.12064	4.04461	3.42156	2.95918	5.5421	2.08615	3.5131799999999997	2.8671800000000003	4.52042	4.572430000000001	0.91424	1.8036900000000002	2.3737	0.0	0.0	0.0	0.0
Node 39		7.55542	1.47926	4.27156	3.4964399999999998	1.74518	0.0	5.5358	6.494369999999999	2.99551	2.05381	3.2174500000000004	0.64885	4.0695500000000004	3.1986100000000004	4.14323	3.40441	2.43848	2.84618	5.80472	0.7885700000000001	0.0	0.0	0.0
Node 161		6.3999500000000005	2.4336699999999998	1.6721300000000001	2.2749200000000003	1.2143899999999999	4.03127	2.79965	3.20181	0.53029	2.80322	3.4066600000000005	4.39545	2.66996	5.23241	4.61671	4.84436	2.69291	3.46817	1.46344	1.51708	0.0	0.0	0.0
Node 103		2.74065	2.7394600000000002	3.9559900000000003	1.89689	2.47153	3.9694399999999996	3.5818299999999996	3.73478	3.02136	1.28454	0.0	4.98339	5.46708	5.06951	6.46765	3.8150299999999997	3.81565	4.2400899999999995	2.4087899999999998	0.0	0.0	0.0	0.0
Node 150		1.52429	1.51512	3.5106800000000002	8.05742	6.3981200000000005	2.35635	2.91477	6.68612	4.0447	3.0219	0.74617	3.0133900000000002	5.8421199999999995	5.87298	5.13001	3.95282	0.91424	2.51632	4.28901	0.0	0.0	0.0	0.0
Node 75		2.41269	3.7746799999999996	3.16957	4.7554	6.5224400000000005	2.39899	5.70371	4.170920000000001	2.69592	4.21973	2.67704	1.72459	5.19806	0.0	4.39032	3.92387	1.7512199999999998	3.2252099999999997	4.27656	0.53308	0.0	0.0	0.0
Node 85		6.24289	2.41105	5.76107	4.39274	4.10421	2.37661	2.42257	6.6482	5.27151	0.8031	3.41553	0.0	2.93077	4.06981	2.95509	2.97353	2.30002	3.37499	6.49793	0.53308	0.0	0.0	0.0
Node 32		3.8692499999999996	1.26444	7.73791	6.0426899999999995	5.1383	5.64961	4.85852	4.82247	3.4131500000000004	7.1316299999999995	0.0	3.97369	5.89091	1.50741	7.62246	5.00919	4.2763599999999995	3.88763	3.7379599999999997	0.58672	0.0	0.0	0.0
Node 141		6.532780000000001	0.0	6.17917	7.6186799999999995	4.2810500000000005	3.3341999999999996	3.06885	5.98423	1.8063200000000001	3.78617	1.7589899999999998	3.2956600000000003	4.53522	1.9746199999999998	2.24374	7.51683	0.98504	1.3707799999999999	1.86877	1.3752900000000001	0.0	0.0	0.0
Node 66		2.97177	3.64168	3.3153200000000003	8.56061	2.42693	2.24079	1.85101	1.28061	4.24829	2.82506	1.93166	3.95135	2.91135	5.52424	4.02267	4.0235	0.98206	4.55155	3.59148	1.1198	0.0	0.0	0.0
Node 181		3.87087	3.9926299999999997	6.83169	3.6646400000000003	2.6510100000000003	3.94892	1.48692	3.6097900000000003	2.29204	6.43933	1.7410700000000001	3.9951	4.52913	2.03328	4.04952	3.14515	2.99475	6.87937	4.09426	0.0	0.0	0.0	0.0
Node 7		4.55429	4.829540000000001	1.79902	6.52609	6.393540000000001	1.88184	2.2379	4.97431	6.77186	5.48009	2.89038	6.45168	1.7549100000000002	5.24807	6.1384300000000005	4.0824	3.08692	3.1416600000000003	2.34483	0.0	0.0	0.0	0.0
Node 175		5.79303	2.3390999999999997	5.01416	3.8544500000000004	3.70029	0.9273699999999999	5.35091	7.1107000000000005	2.52866	4.3262	1.31112	1.52289	2.36349	3.0962300000000003	1.7254599999999998	3.98358	4.149159999999999	0.58572	4.71849	0.58672	0.0	0.0	0.0
Node 8		3.75485	4.55703	2.6345799999999997	2.66007	1.86213	2.25822	2.4491300000000003	7.096629999999999	1.6687299999999998	6.75723	3.54352	0.0	5.2805	3.07665	6.00295	4.63945	3.02497	0.69382	0.7689699999999999	0.7885700000000001	0.0	0.0	0.0
Node 157		6.2608999999999995	3.62135	3.13475	5.624359999999999	4.86442	2.35583	2.55534	2.60208	3.75638	6.75547	1.6549	2.17056	6.47452	3.4141900000000005	2.14151	0.0	4.39698	3.17389	0.0	0.53308	0.0	0.0	0.0
Node 180		4.5283299999999995	2.43863	2.29205	1.59993	1.68317	5.62134	2.12064	4.23019	0.9652799999999999	3.3897999999999997	0.0	4.5901499999999995	2.31592	1.4515200000000001	1.14624	3.44587	4.109730000000001	2.7148700000000003	3.46978	0.7885700000000001	0.0	0.0	0.0
Node 81		5.25284	3.72157	1.73397	3.40886	3.49934	3.24013	6.8978	5.55124	4.16565	9.01469	0.9948999999999999	4.51218	3.817	3.9799599999999997	3.60565	2.11902	3.69429	1.97109	3.84582	0.0	0.0	0.0	0.0
Node 90		4.69552	2.18574	2.38037	3.3537200000000005	1.82204	2.93949	2.98422	5.02304	0.9997499999999999	5.19406	2.94761	3.61468	0.72439	3.96684	3.48125	3.17958	1.6015000000000001	4.98962	5.49831	1.3752900000000001	0.0	0.0	0.0
Node 189		4.31551	2.02841	2.42001	6.38745	7.8323599999999995	2.32412	4.28088	3.7563	2.88135	3.8066799999999996	1.6979600000000001	6.991	3.55888	1.9579699999999998	1.52456	3.01045	2.94235	3.4376900000000004	4.46143	0.0	0.0	0.0	0.0
Node 1		4.12571	4.3291900000000005	8.56796	3.51426	3.41061	2.08451	3.3284300000000004	5.185300000000001	4.12651	2.51241	3.20402	3.86987	3.89332	0.6968799999999999	3.01002	0.95605	0.0	3.24817	2.8324700000000003	0.53308	0.0	0.0	0.0
Node 108		1.23079	3.97336	6.973749999999999	4.55729	5.02353	4.05837	1.52955	3.17553	0.66898	5.9851	1.5669300000000002	1.4589400000000001	5.11925	6.54295	3.79786	0.75483	0.0	2.5559700000000003	2.00327	0.53308	0.0	0.0	0.0
Node 79		5.89593	3.7746799999999996	4.23117	0.72635	7.41531	2.6791	3.32242	0.75032	2.04893	8.270719999999999	4.55638	2.24646	6.270309999999999	4.5292699999999995	7.71014	2.33727	5.70163	2.1732299999999998	3.71164	0.0	0.0	0.0	0.0
Node 24		3.97401	2.88576	2.59009	2.47372	4.84552	3.4036299999999997	5.26438	3.8294799999999998	3.93229	4.51983	2.32059	0.0	5.9319999999999995	5.48494	6.632820000000001	2.99269	3.0036199999999997	2.32704	3.9242600000000003	0.0	0.0	0.0	0.0
Node 68		7.002750000000001	1.13248	3.5638000000000005	3.56768	7.26755	3.22759	0.9544699999999999	4.59595	4.30882	2.40302	1.4987199999999998	2.3737500000000002	6.00866	2.99864	6.91252	1.04151	6.744949999999999	3.9802400000000002	3.3391499999999996	0.53308	0.0	0.0	0.0
Node 63		9.49704	2.39357	3.4936000000000003	3.89848	4.58436	1.6519	3.0489100000000002	5.7138599999999995	3.1336999999999997	6.04574	0.5806399999999999	1.9110399999999998	4.01597	2.97089	3.7434700000000003	2.9896	1.8099500000000002	2.87037	2.78301	0.0	0.0	0.0	0.0
Node 158		3.92423	4.12139	4.3854299999999995	2.6996800000000003	7.116569999999999	2.2067099999999997	0.63385	1.2970000000000002	3.79425	2.79253	1.91253	4.66026	3.60616	4.36735	4.54085	1.79799	2.2606100000000002	3.83902	1.37263	0.0	0.0	0.0	0.0
Node 113		1.55117	1.6376499999999998	4.36541	2.69394	5.08304	2.97055	3.98878	6.21424	4.2260800000000005	2.4964	4.11484	2.11885	3.605	2.1386100000000003	5.789890000000001	3.25164	3.50294	2.56418	2.94267	0.0	0.0	0.0	0.0
Node 191		6.119129999999999	1.44317	3.96964	3.9178699999999997	0.0	1.33609	2.12294	3.17553	2.8907599999999998	3.73299	1.4599300000000002	2.5644199999999997	3.0324899999999997	3.71748	5.59398	3.33374	2.99838	2.83442	2.89167	1.90837	0.0	0.0	0.0
Node 195		3.42232	1.37721	7.473059999999999	3.48713	3.14891	3.10426	0.7124199999999999	5.14523	4.183739999999999	5.95237	3.9245200000000002	1.5422399999999998	7.50315	4.08407	3.02807	2.2744400000000002	6.46421	4.71142	1.47899	0.0	0.0	0.0	0.0
Node 159		1.70102	3.9956400000000003	8.13758	1.82762	3.4246199999999996	0.99807	3.7263499999999996	3.7454099999999997	3.77846	3.20113	0.56495	1.8532	2.3103700000000003	2.19649	5.0057	1.48754	3.0154400000000003	4.80868	3.94312	0.0	0.0	0.0	0.0
Node 12		1.32981	4.6164499999999995	4.38953	2.5974500000000003	4.2683	4.84535	0.0	3.833	3.73398	6.14518	0.9180799999999999	5.78299	3.7675899999999998	0.77135	2.14452	2.61498	0.91424	3.92881	2.75555	0.53308	0.0	0.0	0.0
Node 145		7.55737	0.9139700000000001	4.07587	1.81886	3.2797	2.6355	4.85608	4.727250000000001	4.66336	1.44838	3.5634699999999997	3.13398	2.11052	2.20958	3.1213	2.46802	2.6863	1.26827	0.7689699999999999	0.0	0.0	0.0	0.0
Node 37		2.59123	1.6494000000000002	0.62761	4.34542	8.17689	2.59875	5.1502300000000005	3.76926	2.02609	5.9157	3.5176	2.38207	5.291930000000001	2.98298	5.69489	2.92509	0.6872600000000001	0.65445	5.25566	0.7885700000000001	0.0	0.0	0.0
Node 94		5.79124	1.51512	0.68074	3.67836	7.54759	0.66484	4.82094	4.90721	6.05197	3.20113	2.2736099999999997	1.49552	0.60098	0.77135	3.24557	3.73485	2.77269	5.3796	1.7279699999999998	0.0	0.0	0.0	0.0
Node 115		3.25576	3.16452	0.57738	3.8432099999999996	2.4696800000000003	3.5389700000000004	2.64272	2.07248	4.06754	6.433369999999999	1.39502	0.0	7.90774	4.86864	4.40422	5.92429	2.22559	3.9553900000000004	5.00572	0.58672	0.0	0.0	0.0
