Node 74		0.69301	0.94772	0.84863	0.64734	0.0	0.0	0.71931	0.0	0.0	0.9272	0.0	0.0	1.1953500000000001	0.83643	0.0	0.0	0.64849	0.0	0.0	0.0	0.0	0.0	0.0
Node 158		0.0	1.79902	1.41357	0.0	0.0	0.0	1.73325	1.43523	1.1688	0.0	3.38489	0.0	1.4652	0.0	0.0	0.5996600000000001	0.0	0.66809	0.96075	0.0	0.0	0.0	0.0
Node 57		1.3409	0.9823200000000001	1.32445	0.64734	0.0	1.27538	0.0	0.0	1.2332100000000001	0.0	0.88468	0.0	1.39936	0.83643	0.73392	1.6037599999999999	0.0	0.66809	0.0	0.0	0.0	0.0	0.0
Node 115		0.0	0.8167000000000001	0.84863	0.7467900000000001	0.66248	0.70121	0.0	0.0	0.0	0.0	0.62207	0.0	2.08395	0.86985	0.94875	0.9565300000000001	1.40304	0.0	0.0	0.0	0.0	0.0	0.0
Node 240		0.69301	0.94772	0.0	1.6168399999999998	0.0	0.50749	0.9969399999999999	0.54649	1.15795	1.6740899999999999	0.0	0.0	2.3538	0.0	2.3685500000000004	0.0	0.90246	0.0	0.0	0.0	0.0	0.0	0.0
Node 354		0.69301	1.7644199999999999	0.0	0.7056899999999999	0.0	0.0	1.96584	0.0	0.60878	0.0	0.0	0.0	2.51836	0.0	0.74475	0.7721600000000001	0.9953399999999999	0.66809	0.0	0.0	0.0	0.0	0.0
Node 26		1.0956000000000001	0.94772	0.0	0.64734	0.0	1.87428	0.0	1.5466499999999999	0.0	0.0	0.0	0.54957	0.0	0.0	0.0	0.9565300000000001	1.6817900000000001	1.26421	0.0	0.0	0.0	0.0	0.0
Node 148		0.5551	0.94772	0.0	0.64734	0.7591600000000001	0.70121	0.0	0.67153	0.60878	0.0	0.0	0.76214	0.51076	0.0	0.0	0.74475	0.0	0.67669	0.96075	0.0	0.0	0.0	0.0
Node 377		0.69301	1.77266	0.56581	0.0	0.67791	0.57417	0.0	0.0	0.0	1.46712	0.0	0.77967	0.8886	0.8486600000000001	2.10719	0.0	1.40304	0.66809	0.0	0.0	0.0	0.0	0.0
Node 185		0.0	0.9823200000000001	0.55987	0.0	0.0	4.444929999999999	1.94977	0.0	0.0	0.87682	0.0	0.7605200000000001	0.0	0.58399	0.94875	0.0	0.90246	0.6086	0.0	0.0	0.0	0.0	0.0
Node 91		0.0	0.7946099999999999	0.0	0.8761	0.0	1.87428	0.0	0.0	1.2665300000000002	0.8962100000000001	0.0	1.50732	0.95444	0.0	0.0	0.0	0.0	0.0	0.0	0.0	0.0	0.0	0.0
Node 281		0.5405	0.0	0.0	0.0	0.67791	0.0	0.0	0.0	1.40156	0.87682	0.62207	0.0	0.0	0.0	0.0	0.64723	0.7793300000000001	1.28529	0.0	0.0	0.0	0.0	0.0
Node 177		0.0	0.0	0.0	2.44526	1.34039	1.03185	0.9969399999999999	0.0	0.0	0.0	0.88468	0.0	0.0	0.86985	2.15372	0.5996600000000001	0.0	0.67669	0.0	0.0	0.0	0.0	0.0
Node 89		0.69301	1.77693	0.84776	0.64734	0.0	2.05113	0.0	0.0	0.7405499999999999	0.8962100000000001	0.0	0.0	0.0	0.83643	0.6262099999999999	0.0	0.95592	0.0	0.0	0.0	0.0	0.0	0.0
Node 129		2.1811000000000003	0.9823200000000001	0.84863	2.78249	0.67791	0.73765	0.0	0.0	0.0	0.0	0.88468	0.0	0.0	1.54599	0.0	0.0	0.9953399999999999	0.0	0.0	0.0	0.0	0.0	0.0
Node 172		1.4934100000000001	1.50299	0.0	0.0	0.0	0.0	0.0	0.0	0.0	0.0	2.44526	0.0	0.95444	0.83643	2.3685500000000004	1.4193900000000002	0.64849	0.67669	0.0	0.0	0.0	0.0	0.0
Node 335		0.8004000000000001	0.9823200000000001	0.0	0.8761	1.5792400000000002	0.85022	1.96584	0.0	1.50329	0.0	0.0	0.0	0.8667400000000001	0.0	0.7669699999999999	0.0	0.0	0.72652	0.0	0.0	0.0	0.0	0.0
Node 1		1.2335099999999999	0.94772	0.84863	0.0	1.34039	0.0	0.0	1.36818	0.60878	0.0	1.74787	0.54957	0.0	0.0	1.7157200000000001	0.5996600000000001	0.90246	0.95679	0.52026	0.0	0.0	0.0	0.0
Node 102		0.73543	0.94772	0.0	0.64734	0.0	0.70121	0.0	0.8751200000000001	0.60878	0.0	0.0	1.74081	0.0	1.84005	1.3807699999999998	0.9565300000000001	1.64383	0.0	0.0	0.0	0.0	0.0	0.0
Node 230		0.0	0.9823200000000001	0.56581	1.14237	1.34684	0.0	0.9689	0.0	0.64169	0.0	0.0	0.72765	0.0	0.87123	0.0	0.0	0.9953399999999999	0.67669	0.0	0.0	0.0	0.0	0.0
Node 380		1.0956000000000001	1.79902	0.84776	0.8761	0.80783	1.5134	0.0	0.0	0.0	1.46712	0.88468	0.0	1.36332	2.3906199999999997	0.0	0.0	0.50058	0.0	0.96075	0.0	0.0	0.0	0.0
Node 204		0.73543	1.6113100000000002	0.0	1.1621299999999999	1.23625	0.0	0.0	0.0	1.53981	0.0	0.0	0.72765	0.0	1.84005	0.0	1.72869	1.60441	0.0	0.0	0.0	0.0	0.0	0.0
Node 231		0.69301	1.6113100000000002	0.0	0.99278	0.0	0.8849400000000001	1.9246699999999999	0.0	0.62443	1.7050800000000002	1.5605799999999999	0.7605200000000001	1.7553400000000001	1.8414300000000001	0.0	0.62854	2.3589599999999997	0.0	0.0	0.0	0.0	0.0	0.0
Node 286		0.0	0.0	0.84863	0.7056899999999999	0.0	0.8849400000000001	0.9689	1.4702	0.7065100000000001	0.0	0.86319	0.0	0.68459	1.30894	0.0	0.0	0.0	0.66809	0.0	0.0	0.0	0.0	0.0
Node 238		0.69301	0.0	1.70827	0.0	0.0	0.0	0.0	0.91039	0.7065100000000001	1.46712	0.0	1.7728399999999997	0.85256	0.0	1.29145	0.0	1.6490500000000001	0.6086	0.0	0.0	0.0	0.0	0.0
Node 304		0.0	0.94772	0.84863	1.64012	0.0	0.0	0.0	0.8216899999999999	0.62443	0.0	0.0	0.0	1.56392	0.0	0.0	0.0	0.90246	0.6086	0.96075	0.0	0.0	0.0	0.0
Node 73		0.5405	1.96873	1.4085	0.7467900000000001	1.34039	0.0	0.9689	1.58539	0.0	1.46712	0.0	0.0	0.95444	0.0	0.75456	0.9565300000000001	0.90646	0.99405	0.96075	0.0	0.0	0.0	0.0
Node 424		0.0	1.50299	0.76458	1.6203599999999998	0.6689299999999999	0.0	0.0	0.0	0.0	0.0	1.31699	0.0	1.7679299999999998	0.83643	0.0	0.0	0.64849	0.0	0.0	0.0	0.0	0.0	0.0
Node 223		0.5405	0.9823200000000001	0.76458	0.91919	0.0	0.57417	0.76435	0.8216899999999999	1.2332100000000001	0.7572599999999999	0.0	0.0	0.8886	2.2303300000000004	0.7669699999999999	0.0	0.0	0.0	0.0	0.0	0.0	0.0	0.0
Node 411		0.5405	0.7946099999999999	0.0	0.7056899999999999	2.24817	0.0	0.0	0.0	2.02599	0.81013	0.86319	0.7605200000000001	1.39009	0.83643	0.0	1.24689	0.90246	0.72652	0.52026	0.0	0.0	0.0	0.0
Node 365		1.4934100000000001	0.0	1.32445	0.0	0.7591600000000001	0.70121	0.9689	0.8216899999999999	0.0	0.0	0.0	0.0	0.95444	0.0	0.0	2.48284	0.90646	0.9405600000000001	0.0	0.0	0.0	0.0	0.0
Node 460		0.5551	1.77266	0.0	0.0	0.67791	0.0	0.0	0.0	1.33094	0.8962100000000001	0.69739	1.48979	0.51076	0.9702000000000001	1.5016399999999999	0.0	0.7793300000000001	0.66809	0.96075	0.0	0.0	0.0	0.0
Node 134		0.69301	1.93004	0.0	0.7056899999999999	0.0	0.0	0.95577	0.0	0.0	0.87682	0.95784	1.51071	1.57319	0.0	1.48848	0.0	0.0	0.95679	0.96075	0.0	0.0	0.0	0.0
Node 478		0.5405	0.8167000000000001	2.2562599999999997	2.0998200000000002	0.67791	0.52436	1.50431	0.8216899999999999	0.7065100000000001	0.0	0.0	0.0	2.3538	0.67519	0.0	0.55418	0.0	1.60865	0.0	0.0	0.0	0.0	0.0
Node 11		0.5405	1.79902	1.42632	0.0	0.66248	0.85022	0.0	0.0	0.0	0.57091	1.58207	0.76214	0.0	0.8486600000000001	1.57496	2.20342	0.0	0.66809	0.0	0.0	0.0	0.0	0.0
Node 23		3.70384	0.0	0.0	0.5147900000000001	0.7591600000000001	0.57417	0.0	0.0	0.64169	0.77788	0.0	0.0	0.0	1.84005	0.0	0.0	0.0	1.3447799999999999	0.0	0.0	0.0	0.0	0.0
Node 181		0.69301	0.94772	0.55987	0.8295699999999999	2.0394	0.52436	0.0	0.0	0.0	0.8962100000000001	0.0	0.0	1.57319	0.58399	0.0	0.0	0.9953399999999999	1.39461	0.96075	0.0	0.0	0.0	0.0
Node 163		0.0	0.0	0.0	0.0	0.66248	1.62597	2.45256	0.0	0.7065100000000001	0.0	0.62207	1.27722	0.0	0.0	0.0	0.0	0.64849	0.0	0.0	0.0	0.0	0.0	0.0
Node 180		0.0	0.0	0.84863	0.99278	0.0	1.22557	0.0	0.8216899999999999	0.7065100000000001	0.77788	0.0	0.0	0.0	0.8486600000000001	1.50089	0.5996600000000001	0.64849	0.0	0.0	0.0	0.0	0.0	0.0
Node 438		0.5405	1.96957	0.84863	0.0	0.0	0.0	0.9689	1.73208	0.0	0.0	2.42705	0.0	2.02814	2.3906199999999997	1.57496	0.0	0.0	0.0	0.52026	0.0	0.0	0.0	0.0
Node 122		0.69301	0.0	0.56581	0.5147900000000001	0.0	1.09853	0.0	0.0	1.26612	0.0	0.0	0.72765	0.0	0.8486600000000001	0.94875	0.64723	0.0	0.0	0.0	0.0	0.0	0.0	0.0
Node 191		0.8004000000000001	0.9823200000000001	0.8605099999999999	0.0	0.0	1.27538	0.0	0.0	1.1688	0.0	0.0	0.0	0.8886	0.87123	0.0	0.0	0.9953399999999999	0.0	0.0	0.0	0.0	0.0	0.0
Node 402		1.3409	0.62761	0.84863	0.0	0.7591600000000001	0.85022	0.0	0.8216899999999999	0.0	0.0	1.84252	0.0	0.68459	0.0	0.0	1.6037599999999999	0.0	0.9405600000000001	0.96075	0.0	0.0	0.0	0.0
Node 385		0.5405	0.94772	0.0	0.0	1.5792400000000002	0.0	0.0	0.91039	0.0	0.0	0.69739	0.0	0.0	0.9702000000000001	1.7157200000000001	0.0	0.50058	0.0	0.0	0.0	0.0	0.0	0.0
Node 124		1.0956000000000001	0.0	3.23764	2.0998200000000002	1.34039	1.5134	0.0	0.0	0.75987	0.8962100000000001	0.0	0.76214	0.85256	1.84005	1.8690200000000001	0.0	0.0	1.40321	0.0	0.0	0.0	0.0	0.0
Node 387		1.24811	0.87538	0.0	0.0	1.43707	0.70121	0.0	0.67153	0.64169	0.0	0.88468	0.0	0.0	1.42252	0.0	1.5266	0.95592	1.39461	0.0	0.0	0.0	0.0	0.0
Node 425		0.5551	0.98725	0.84863	3.0926	0.67791	2.89956	0.71931	0.68464	0.0	0.0	0.88468	0.99317	0.0	2.2916499999999997	0.94875	0.0	1.8583800000000001	1.33512	0.0	0.0	0.0	0.0	0.0
Node 489		0.0	0.0	0.84863	0.0	0.0	0.0	0.0	0.0	0.0	0.77788	0.0	0.72765	0.8793300000000001	0.83643	2.3685500000000004	0.5996600000000001	1.64383	0.66809	0.0	0.0	0.0	0.0	0.0
Node 271		1.70557	0.94772	0.84776	0.64734	1.33141	0.57417	0.93756	1.5819199999999998	0.7963899999999999	0.8962100000000001	0.86319	0.72765	0.68459	0.0	0.0	0.64723	0.0	0.9405600000000001	0.0	0.0	0.0	0.0	0.0
Node 339		0.0	0.94772	0.8605099999999999	1.64012	0.0	0.0	1.76129	0.0	0.0	1.691	0.0	0.76214	0.68459	1.42042	1.57496	0.5996600000000001	2.59975	1.2766899999999999	0.0	0.0	0.0	0.0	0.0
Node 337		0.5551	2.74674	0.84776	0.0	1.47031	1.24514	0.63634	0.54649	0.0	1.4885000000000002	1.72966	0.77967	0.51076	0.0	2.30888	0.64723	2.39838	0.0	0.0	0.0	0.0	0.0	0.0
Node 331		0.5405	1.74233	0.84863	1.64012	1.34039	2.63309	0.9689	0.0	0.62443	0.57091	0.0	0.77967	0.0	0.58399	1.7157200000000001	0.0	0.50058	0.66809	0.0	0.0	0.0	0.0	0.0
Node 456		0.0	0.0	0.56581	0.91919	0.6689299999999999	0.0	0.76435	0.0	1.2665300000000002	0.57091	0.0	0.7605200000000001	0.51076	1.30894	0.6262099999999999	0.0	0.90246	0.0	0.0	0.0	0.0	0.0	0.0
Node 296		0.69301	0.94772	1.64785	0.0	2.0093199999999998	0.0	0.71931	0.0	0.60878	0.7572599999999999	0.57429	0.77967	2.34876	0.0	1.29145	0.0	0.50058	0.0	0.0	0.0	0.0	0.0	0.0
Node 19		1.24811	1.6905400000000002	0.56581	0.53264	0.7591600000000001	0.0	0.71931	0.0	0.62443	0.0	0.88468	0.7605200000000001	1.2850300000000001	1.7185099999999998	0.0	2.20342	0.0	0.0	0.96075	0.0	0.0	0.0	0.0
Node 378		1.2335099999999999	0.0	1.70827	0.0	0.0	0.0	1.35763	0.8216899999999999	0.0	0.57091	0.69739	0.99317	1.1953500000000001	0.83643	0.7669699999999999	0.5996600000000001	0.0	0.9405600000000001	0.0	0.0	0.0	0.0	0.0
Node 38		1.8454000000000002	0.0	0.0	0.8295699999999999	0.66248	0.0	0.0	1.5466499999999999	0.62443	0.57091	0.86319	0.0	0.79743	2.68871	2.2401999999999997	0.0	0.9953399999999999	0.95679	0.0	0.0	0.0	0.0	0.0
Node 217		1.24811	0.62761	0.8605099999999999	1.69847	0.0	0.57417	0.9969399999999999	1.73208	0.60878	0.57091	1.45897	0.0	1.36332	1.80663	0.0	0.0	0.9953399999999999	0.0	0.0	0.0	0.0	0.0	0.0
Node 114		0.5405	0.0	0.0	0.0	0.66248	0.85022	0.0	1.49322	0.62443	0.57091	2.44854	0.72765	0.51076	0.86985	0.0	0.0	0.7793300000000001	0.0	0.52026	0.0	0.0	0.0	0.0
Node 156		1.2335099999999999	0.0	0.0	0.99278	0.0	0.57417	2.12	0.0	0.7405499999999999	0.57091	0.62207	0.77967	0.65625	1.42042	0.0	0.0	0.0	2.3514	0.0	0.0	0.0	0.0	0.0
Node 53		0.0	0.94772	2.27495	0.64734	0.0	1.39243	0.0	0.0	0.0	0.0	2.42705	0.0	2.1352200000000003	0.0	0.8754299999999999	2.3759200000000003	0.50058	0.0	1.48101	0.0	0.0	0.0	0.0
Node 312		0.0	0.9823200000000001	1.7091399999999999	0.99278	0.0	0.50749	1.71625	0.0	0.62443	1.6740899999999999	0.0	0.0	0.8886	0.0	0.6262099999999999	0.0	0.90646	0.0	0.0	0.0	0.0	0.0	0.0
Node 20		0.5551	0.9823200000000001	1.70827	0.0	0.67791	0.7757499999999999	0.0	0.0	1.34933	1.7327599999999999	0.0	0.7605200000000001	0.0	0.0	2.45039	0.5996600000000001	1.40304	0.67669	0.0	0.0	0.0	0.0	0.0
Node 95		0.69301	0.9823200000000001	0.0	1.45248	0.66248	0.0	0.0	0.0	1.2017099999999998	0.8962100000000001	0.0	0.72765	2.3538	1.43265	0.75456	1.6037599999999999	1.64383	0.6086	0.0	0.0	0.0	0.0	0.0
Node 316		2.1056600000000003	0.8167000000000001	2.41357	0.0	0.90133	0.0	0.0	0.0	1.49347	0.0	0.0	1.50732	0.0	0.0	0.0	0.62854	0.9953399999999999	0.0	0.96075	0.0	0.0	0.0	0.0
Node 166		0.0	1.93004	1.40763	1.54677	0.0	0.85022	0.0	0.0	0.0	0.57091	0.62207	2.09379	2.6956	0.8486600000000001	1.57496	0.0	0.0	0.0	0.0	0.0	0.0	0.0	0.0
Node 311		2.63143	0.0	0.84776	0.99278	0.7591600000000001	0.7399600000000001	0.0	0.0	1.46638	0.0	0.69739	0.0	0.0	0.86985	0.68739	0.64723	0.50058	0.66809	0.0	0.0	0.0	0.0	0.0
Node 107		1.4934100000000001	0.9823200000000001	2.1070599999999997	0.62758	0.67791	0.0	0.0	0.0	0.56002	0.8962100000000001	1.45897	0.0	0.0	0.67614	0.0	0.0	0.64849	0.0	0.0	0.0	0.0	0.0	0.0
Node 41		0.5551	0.0	0.0	1.47691	0.0	0.0	0.0	0.67153	0.5162599999999999	0.87682	0.62207	0.0	1.57319	0.0	0.0	0.0	1.9512600000000002	0.0	0.0	0.0	0.0	0.0	0.0
Node 3		0.0	0.94772	0.0	0.0	0.66248	1.2832400000000002	0.95577	0.8216899999999999	0.0	1.6740899999999999	0.0	1.72082	0.0	1.64634	0.0	0.9565300000000001	1.60441	0.55903	0.96075	0.0	0.0	0.0	0.0
Node 212		0.69301	1.60993	0.0	2.38691	0.0	1.62597	0.0	0.8216899999999999	0.7065100000000001	0.81013	0.69739	0.0	2.14979	0.9702000000000001	0.0	0.0	0.50058	0.0	0.0	0.0	0.0	0.0	0.0
Node 379		1.6406	0.0	0.84863	0.0	0.0	0.70121	0.76435	0.8751200000000001	0.0	0.0	0.0	0.72765	0.8886	0.8486600000000001	0.8754299999999999	0.0	2.71149	1.3447799999999999	0.0	0.0	0.0	0.0	0.0
Node 371		0.5551	0.0	1.70827	0.0	0.6689299999999999	1.58615	0.9689	1.49322	0.0	0.0	1.46434	0.77967	0.0	1.45384	1.29145	1.55619	0.0	0.0	0.0	0.0	0.0	0.0	0.0
Node 495		0.8004000000000001	0.94772	0.0	2.6176600000000003	1.33141	0.0	0.71931	0.0	0.0	0.8962100000000001	1.72966	0.72765	0.68459	0.58399	0.0	0.0	0.9953399999999999	0.0	0.0	0.0	0.0	0.0	0.0
Node 245		1.2335099999999999	0.87538	0.0	1.73957	0.66248	0.0	0.0	0.0	0.0	0.0	0.88468	0.0	0.0	0.8486600000000001	1.5215299999999998	0.64723	0.0	0.9405600000000001	0.0	0.0	0.0	0.0	0.0
Node 496		1.3555	1.60993	0.0	0.64734	0.0	0.57417	1.68821	1.59503	0.0	0.8962100000000001	0.0	0.76214	1.55133	0.8486600000000001	0.0	0.0	1.40304	1.66708	0.0	0.0	0.0	0.0	0.0
Node 392		0.0	0.94772	0.0	1.73957	1.34039	0.7757499999999999	0.9689	0.0	0.64169	0.7572599999999999	0.88468	0.0	0.95444	1.7185099999999998	0.0	0.0	0.90646	0.0	0.0	0.0	0.0	0.0	0.0
Node 372		0.69301	0.9823200000000001	0.0	1.64012	0.67791	0.0	0.0	0.0	0.8690399999999999	0.0	0.69739	0.0	0.8886	1.80663	0.66524	0.0	2.54629	0.0	0.52026	0.0	0.0	0.0	0.0
Node 54		0.5405	2.56727	0.8605099999999999	0.0	2.14822	2.0013199999999998	0.76435	0.0	0.62443	0.0	1.75115	0.0	0.8886	0.7654700000000001	0.73392	1.20141	1.8583800000000001	0.0	2.1051699999999998	0.0	0.0	0.0	0.0
Node 184		2.22884	0.89593	1.40763	1.39413	0.67791	0.85022	0.9689	0.0	0.7065100000000001	0.0	0.0	0.0	0.8793300000000001	0.9702000000000001	0.94875	0.0	0.95592	0.66809	0.0	0.0	0.0	0.0	0.0
Node 34		0.0	1.60993	0.0	1.35303	0.7591600000000001	0.0	0.0	0.0	2.19795	1.5880100000000001	1.27168	0.0	0.8793300000000001	0.0	0.75456	0.0	0.90246	0.0	0.0	0.0	0.0	0.0	0.0
Node 428		0.8004000000000001	0.0	0.0	0.99278	0.0	1.42439	0.8849400000000001	0.8216899999999999	0.7065100000000001	0.0	0.86647	0.77967	1.1953500000000001	0.0	1.57496	1.55619	0.95592	1.60865	0.0	0.0	0.0	0.0	0.0
Node 70		0.0	1.55915	0.0	0.0	0.6689299999999999	0.50749	1.68821	0.0	0.64169	1.46712	0.0	0.7605200000000001	2.14979	0.0	0.66524	3.13007	0.0	0.0	0.52026	0.0	0.0	0.0	0.0
Node 64		1.3555	0.0	0.0	0.0	0.0	0.85022	0.9689	0.0	0.7065100000000001	0.0	0.0	0.77967	0.0	0.0	0.0	0.0	0.95592	0.66809	0.0	0.0	0.0	0.0	0.0
Node 466		0.0	0.7946099999999999	0.0	0.0	0.0	0.57417	0.9689	0.8216899999999999	0.0	0.0	0.88468	0.7605200000000001	0.8793300000000001	0.0	0.6262099999999999	0.5996600000000001	0.64849	0.0	0.0	0.0	0.0	0.0	0.0
Node 43		0.73543	0.0	0.8605099999999999	0.0	0.67791	0.52436	0.76435	0.0	0.7065100000000001	0.0	0.86647	0.0	0.0	0.0	0.0	0.62854	0.50058	0.0	0.0	0.0	0.0	0.0	0.0
Node 112		1.4934100000000001	1.93497	1.5329199999999998	0.0	0.0	1.55143	0.0	0.0	1.34933	0.57091	0.69739	0.0	1.3727800000000001	0.0	0.0	0.0	0.0	0.67669	0.0	0.0	0.0	0.0	0.0
Node 397		1.24811	0.0	0.0	1.6228900000000002	0.67791	1.27538	0.0	0.8216899999999999	0.0	0.0	0.0	0.7605200000000001	1.57319	0.0	0.6262099999999999	0.9565300000000001	1.40304	0.0	0.0	0.0	0.0	0.0	0.0
Node 467		0.0	0.94772	0.0	1.64012	0.67791	1.09853	0.9969399999999999	0.68464	0.0	0.0	0.0	0.77967	1.39936	1.7185099999999998	0.73392	0.9565300000000001	0.90246	0.6086	0.0	0.0	0.0	0.0	0.0
Node 132		0.0	0.0	0.84776	0.7467900000000001	0.66248	2.15516	0.9969399999999999	0.0	0.7963899999999999	0.0	0.0	0.0	1.7553400000000001	0.86985	0.0	0.9266500000000001	0.50058	1.60865	0.0	0.0	0.0	0.0	0.0
Node 321		0.0	0.94772	0.0	0.0	0.0	0.0	0.76435	0.0	0.0	0.0	0.0	0.0	2.14979	0.0	0.8754299999999999	0.9565300000000001	0.0	0.72652	0.0	0.0	0.0	0.0	0.0
Node 68		1.95279	0.9823200000000001	0.8605099999999999	0.8368499999999999	2.14822	2.16032	0.0	0.0	0.64169	0.0	0.88468	1.7728399999999997	2.04791	0.58399	0.75456	0.0	0.90246	0.72652	0.0	0.0	0.0	0.0	0.0
Node 297		1.4934100000000001	0.94772	0.0	0.0	0.0	0.0	0.71931	0.0	1.1688	0.0	0.0	1.74081	0.62878	0.8486600000000001	0.6262099999999999	0.5996600000000001	1.8978	0.67669	0.52026	0.0	0.0	0.0	0.0
Node 22		1.3409	1.93004	0.0	0.62758	0.67791	0.57417	0.8793799999999999	0.0	0.8690399999999999	0.0	0.62207	0.0	0.51076	0.86985	0.0	0.64723	1.40304	0.66809	0.0	0.0	0.0	0.0	0.0
Node 383		0.5405	0.0	0.84863	0.0	1.89747	0.57417	0.9689	1.69681	0.0	0.83655	0.0	0.7605200000000001	0.8886	0.83643	0.94875	0.0	0.0	0.9021899999999999	0.0	0.0	0.0	0.0	0.0
Node 59		0.69301	0.94772	0.84863	0.0	1.47676	1.42439	0.0	2.96321	0.60878	0.0	0.0	0.72765	0.51076	1.51257	0.6262099999999999	0.0	0.0	0.99405	0.0	0.0	0.0	0.0	0.0
Node 150		0.0	0.9823200000000001	1.61321	2.38691	0.7591600000000001	0.0	0.0	0.91039	0.0	0.83655	0.0	0.77967	2.14979	0.0	0.66524	0.0	0.90246	0.66809	0.52026	0.0	0.0	0.0	0.0
Node 358		0.5551	0.9823200000000001	1.69639	0.0	0.0	0.57417	0.0	0.67153	0.56002	0.0	1.75115	0.0	1.54485	0.9702000000000001	0.0	0.9266500000000001	0.0	0.0	0.0	0.0	0.0	0.0	0.0
Node 79		1.7886099999999998	0.0	0.0	1.8688799999999999	0.67791	2.1256	0.0	0.0	0.62443	0.0	0.69739	0.54957	0.0	0.7654700000000001	1.7033099999999999	0.0	0.0	0.0	0.96075	0.0	0.0	0.0	0.0
Node 96		0.0	0.0	0.0	0.64734	1.43707	0.0	2.67202	0.0	2.13557	0.0	0.88468	0.0	0.51076	0.0	0.0	0.0	0.0	0.0	0.0	0.0	0.0	0.0	0.0
Node 376		0.5551	0.0	0.0	0.64734	0.0	0.85022	0.76435	0.91039	0.0	1.82341	0.0	0.0	3.29249	1.6353199999999999	0.0	0.64723	0.95592	0.72652	0.0	0.0	0.0	0.0	0.0
Node 13		0.0	1.93497	0.84863	0.7467900000000001	0.67791	1.31182	0.0	2.1170999999999998	0.62443	0.0	0.88589	0.0	2.08395	2.68871	0.94875	0.9565300000000001	0.0	0.0	0.0	0.0	0.0	0.0	0.0
Node 51		0.0	1.6905400000000002	1.32445	0.0	0.7591600000000001	0.0	0.0	1.68058	0.60878	0.8962100000000001	0.0	0.54957	0.0	1.4416099999999998	1.6139899999999998	0.9266500000000001	0.0	0.6086	0.0	0.0	0.0	0.0	0.0
Node 133		0.0	0.0	0.0	0.0	0.0	0.0	0.9689	0.0	0.56002	1.3487900000000002	0.88468	1.50732	0.85256	0.83643	1.44195	0.0	0.0	0.0	1.48101	0.0	0.0	0.0	0.0
Node 446		0.69301	1.8577	0.0	1.45248	1.43707	1.47696	0.0	0.54649	0.7065100000000001	0.0	0.0	1.72166	1.55133	1.70628	0.6262099999999999	0.7721600000000001	0.7793300000000001	0.55903	0.0	0.0	0.0	0.0	0.0
Node 386		0.5551	0.89593	0.0	0.7467900000000001	0.0	0.57417	0.0	0.91039	0.0	1.46712	1.5605799999999999	0.0	0.68459	1.70628	1.7033099999999999	0.0	1.40304	2.67736	0.0	0.0	0.0	0.0	0.0
Node 46		0.73543	0.0	0.55987	0.7467900000000001	0.0	0.57417	0.0	0.0	0.75987	0.0	0.0	0.0	2.14979	2.68871	1.57496	0.0	0.9953399999999999	0.0	0.0	0.0	0.0	0.0	0.0
Node 125		0.0	0.0	0.84863	0.8761	0.0	0.57417	0.0	0.0	0.0	0.0	0.0	0.0	0.0	0.0	0.0	0.0	0.95592	0.0	0.0	0.0	0.0	0.0	0.0
Node 32		0.8004000000000001	0.7946099999999999	1.4085	1.78971	0.0	1.55143	3.4494999999999996	0.0	0.0	0.0	0.0	0.76214	0.0	0.0	0.73392	0.0	0.0	0.72652	0.0	0.0	0.0	0.0	0.0
Node 352		0.0	0.94772	1.41444	0.7056899999999999	0.0	0.7757499999999999	0.0	0.0	0.0	1.82341	0.86319	0.72765	0.8667400000000001	1.81886	0.0	0.62854	0.0	0.66809	0.0	0.0	0.0	0.0	0.0
Node 420		0.0	0.0	0.0	1.64012	0.66248	0.0	0.9689	0.8216899999999999	0.62443	0.77788	0.0	1.50732	0.95444	0.9702000000000001	0.0	0.9565300000000001	0.6931299999999999	0.6086	1.48101	0.0	0.0	0.0	0.0
Node 317		0.5551	1.79902	0.84863	0.64734	0.0	1.2087	0.66374	0.0	0.0	0.8962100000000001	0.0	0.0	1.57319	0.0	0.0	2.40936	0.95592	0.0	0.0	0.0	0.0	0.0	0.0
Node 295		1.7886099999999998	0.0	0.0	0.99278	1.47031	0.0	0.0	0.0	0.0	0.0	0.86319	0.7605200000000001	1.57319	0.67614	0.75456	1.72869	1.40304	0.6086	0.0	0.0	0.0	0.0	0.0
Node 453		1.4934100000000001	1.79902	0.0	0.99278	0.0	2.16032	0.0	1.73208	1.53981	1.3487900000000002	0.0	0.0	0.85256	0.0	2.43723	0.64723	0.50058	0.0	0.0	0.0	0.0	0.0	0.0
Node 109		0.69301	0.0	0.0	0.0	0.66248	0.0	0.9969399999999999	0.0	0.0	0.0	0.0	0.72765	0.68459	1.81886	2.38096	1.15384	0.50058	1.33512	0.0	0.0	0.0	0.0	0.0
Node 421		0.5405	0.9823200000000001	0.0	0.7056899999999999	0.0	0.7757499999999999	1.95271	0.0	0.64169	0.0	0.88468	0.0	1.63903	0.86985	1.57496	0.5996600000000001	1.40304	0.9405600000000001	0.0	0.0	0.0	0.0	0.0
Node 444		0.5405	0.0	1.70827	0.0	0.67791	0.85022	0.0	0.0	0.0	0.0	0.88468	0.0	0.85256	0.9702000000000001	1.4198	0.0	0.90246	0.66809	0.0	0.0	0.0	0.0	0.0
Node 436		1.24811	0.8167000000000001	0.0	0.99278	1.5792400000000002	0.57417	0.0	0.8216899999999999	0.60878	0.57091	0.0	0.77967	1.36332	0.8486600000000001	0.7669699999999999	0.0	0.90646	0.67669	0.0	0.0	0.0	0.0	0.0
Node 374		0.73543	0.9823200000000001	2.2562599999999997	1.14237	2.66538	0.57417	0.0	0.54649	0.0	0.77788	0.0	0.0	0.0	0.0	3.02915	0.0	0.95592	0.0	0.0	0.0	0.0	0.0	0.0
Node 439		0.73543	2.59904	0.84863	0.91919	2.0093199999999998	0.0	0.0	0.0	0.7065100000000001	0.0	0.0	0.0	0.8886	0.83643	0.66524	0.0	0.64849	0.66809	0.0	0.0	0.0	0.0	0.0
Node 381		0.0	0.0	0.55987	0.7056899999999999	1.56699	0.0	0.0	0.0	0.56002	0.8962100000000001	0.0	0.77967	0.8886	0.0	0.75456	0.55418	1.40304	0.0	0.0	0.0	0.0	0.0	0.0
Node 350		0.0	0.0	0.76458	0.0	0.6023299999999999	1.27538	0.0	0.0	0.0	1.46712	0.57429	0.77967	0.0	0.8486600000000001	1.6139899999999998	0.0	0.90246	0.66809	0.0	0.0	0.0	0.0	0.0
Node 416		0.69301	0.0	0.56581	2.3458099999999997	0.0	0.85022	0.76435	1.21802	0.0	0.0	0.0	0.7605200000000001	0.8886	3.1895100000000003	0.6262099999999999	0.55418	0.0	0.9405600000000001	0.96075	0.0	0.0	0.0	0.0
Node 351		1.24811	0.0	0.0	0.0	0.66248	1.08166	1.87632	0.0	1.30057	0.8962100000000001	0.95784	0.76214	1.31337	2.6764799999999997	0.6262099999999999	0.0	0.50058	0.66809	0.0	0.0	0.0	0.0	0.0
Node 326		2.76934	0.0	0.0	0.0	0.0	0.0	0.71931	0.8216899999999999	0.0	0.0	0.88468	1.48817	0.0	1.6850899999999998	2.2401999999999997	0.5996600000000001	2.59975	0.0	0.0	0.0	0.0	0.0	0.0
Node 18		0.5551	0.0	0.0	0.0	0.6689299999999999	2.96073	1.76129	0.0	1.34933	0.77788	0.0	0.0	1.54485	0.0	1.7033099999999999	0.0	1.55095	0.66809	0.0	0.0	0.0	0.0	0.0
Node 42		1.3555	0.0	2.17902	1.64012	0.0	2.46765	0.95577	2.0397100000000004	1.53694	0.0	0.95784	0.54957	0.0	1.64634	0.0	0.7721600000000001	0.90246	0.66809	0.0	0.0	0.0	0.0	0.0
Node 160		0.5551	0.8167000000000001	1.69639	0.0	1.43707	1.42653	0.0	0.67153	1.2017099999999998	0.0	0.0	0.0	0.0	0.0	0.75456	0.55418	0.0	0.0	0.96075	0.0	0.0	0.0	0.0
Node 268		1.51512	1.96957	0.84863	1.39089	0.6689299999999999	1.22557	0.9969399999999999	1.59503	1.90822	0.77788	0.0	0.77967	0.0	0.0	0.0	0.0	0.90246	0.0	0.52026	0.0	0.0	0.0	0.0
Node 390		0.0	0.7946099999999999	0.0	0.99278	0.6689299999999999	1.2832400000000002	0.0	0.8216899999999999	1.33094	1.3487900000000002	1.74787	0.7605200000000001	2.51836	0.0	0.6262099999999999	0.0	0.0	0.67669	0.0	0.0	0.0	0.0	0.0
Node 198		1.7886099999999998	0.0	0.8605099999999999	0.0	0.90133	1.35771	0.0	0.0	0.0	0.0	0.0	0.72765	0.8886	0.0	0.75456	2.20342	0.50058	0.66809	0.0	0.0	0.0	0.0	0.0
Node 215		0.69301	1.7644199999999999	0.0	0.64734	0.0	0.0	0.0	0.0	0.56002	0.77788	0.0	0.0	0.0	0.87123	0.0	0.0	1.6817900000000001	0.55903	0.0	0.0	0.0	0.0	0.0
Node 493		1.95279	0.62761	0.0	1.39089	0.0	0.0	0.0	0.67153	0.7065100000000001	0.0	0.88468	0.72765	1.1953500000000001	1.26013	0.94875	0.52618	0.64849	1.9533800000000001	0.0	0.0	0.0	0.0	0.0
Node 262		0.0	2.4866900000000003	0.0	1.6085599999999998	0.0	0.0	0.9689	0.0	0.0	0.87682	0.88468	0.0	1.1953500000000001	0.8486600000000001	1.5215299999999998	0.0	0.7793300000000001	0.0	0.0	0.0	0.0	0.0	0.0
Node 469		0.0	1.79902	0.84863	0.7056899999999999	1.33141	1.31182	0.9689	0.0	0.0	0.0	0.86319	1.48817	1.36332	0.0	0.66524	0.0	1.8978	0.55903	0.0	0.0	0.0	0.0	0.0
Node 261		0.5551	1.80395	0.84863	0.64734	1.33141	2.32718	0.76435	0.0	0.7065100000000001	0.87682	1.72966	0.77967	1.1953500000000001	1.5541900000000002	0.0	0.0	0.9953399999999999	0.72652	0.0	0.0	0.0	0.0	0.0
Node 199		0.5405	0.94772	0.0	0.0	0.0	0.0	1.68821	0.0	0.7405499999999999	1.44773	0.0	0.0	2.08395	1.42042	2.43723	1.51071	0.50058	1.9533800000000001	0.0	0.0	0.0	0.0	0.0
Node 168		0.5405	0.0	0.0	0.0	0.67791	0.0	0.0	0.54649	0.9037999999999999	0.0	1.72966	0.72765	0.0	0.8486600000000001	0.6262099999999999	1.20141	0.0	1.8427499999999999	0.96075	0.0	0.0	0.0	0.0
Node 285		2.06239	0.9823200000000001	0.84776	0.62758	0.7591600000000001	1.9666	0.9969399999999999	0.8216899999999999	0.60878	2.30268	0.86319	0.72765	1.39936	1.37371	0.0	1.37182	1.40304	0.99405	0.0	0.0	0.0	0.0	0.0
Node 368		0.8004000000000001	0.94772	0.84863	0.0	0.0	0.57417	2.71706	2.1318799999999998	0.0	0.0	0.0	0.72765	0.51076	0.0	0.0	1.55619	0.64849	1.66708	1.48101	0.0	0.0	0.0	0.0
Node 203		1.2903	0.9823200000000001	0.8605099999999999	0.0	0.0	0.0	0.0	0.91039	1.3481999999999998	0.0	2.37115	0.77967	0.8667400000000001	0.83643	0.0	0.0	0.5581	0.0	0.0	0.0	0.0	0.0	0.0
Node 208		0.0	0.0	0.0	0.0	1.42164	2.01303	0.0	0.8216899999999999	0.62443	0.0	0.0	0.0	1.53715	1.51257	0.73392	0.0	0.50058	0.0	0.0	0.0	0.0	0.0	0.0
Node 332		0.69301	0.8167000000000001	0.84863	0.64734	1.56381	0.57417	0.0	0.0	0.0	0.0	0.0	0.77967	0.0	0.83643	1.39916	0.0	0.90246	0.0	0.96075	0.0	0.0	0.0	0.0
Node 222		0.69301	1.8031100000000002	0.84863	0.64734	0.6689299999999999	0.0	2.69726	0.91039	0.64169	0.0	1.58328	1.48979	2.3538	2.68871	0.66524	0.9565300000000001	0.50058	0.0	0.52026	0.0	0.0	0.0	0.0
Node 322		1.0956000000000001	0.0	2.5569	0.62758	0.67791	0.70121	2.45256	0.0	1.81049	0.8962100000000001	0.0	1.72082	0.68459	0.9702000000000001	1.48848	1.6037599999999999	0.90246	0.66809	0.0	0.0	0.0	0.0	0.0
Node 275		0.59729	0.8167000000000001	0.0	0.0	1.33141	0.0	1.73325	0.54649	0.7065100000000001	0.77788	0.69739	0.77967	0.0	0.0	0.0	0.0	0.64849	1.20578	0.52026	0.0	0.0	0.0	0.0
Node 451		0.5405	1.7644199999999999	0.0	0.64734	2.0093199999999998	0.70121	0.76435	0.0	0.0	0.0	0.0	0.0	0.51076	0.9702000000000001	0.0	1.55619	0.0	1.3447799999999999	0.0	0.0	0.0	0.0	0.0
Node 356		0.73543	0.9823200000000001	0.84863	1.64012	0.66248	0.0	0.0	0.91039	0.0	0.8962100000000001	0.69739	0.0	0.0	0.0	0.75456	0.5996600000000001	0.90246	1.5491599999999999	0.98634	0.0	0.0	0.0	0.0
Node 75		0.0	1.8577	0.84863	0.7467900000000001	1.43707	0.0	0.0	0.91039	0.0	0.57091	0.0	0.72765	0.51076	0.9702000000000001	0.6262099999999999	0.9565300000000001	0.50058	0.66809	0.0	0.0	0.0	0.0	0.0
Node 235		0.8004000000000001	0.0	0.0	0.7467900000000001	0.67791	0.0	1.73325	0.91039	0.0	0.8962100000000001	0.0	0.54957	1.4652	0.0	0.6262099999999999	0.0	0.6931299999999999	0.66809	0.0	0.0	0.0	0.0	0.0
Node 471		1.80739	0.0	0.84776	0.99278	0.0	0.70121	0.0	0.67153	1.2665300000000002	1.46712	0.0	0.77967	1.39936	0.0	0.0	0.0	0.0	0.0	0.0	0.0	0.0	0.0	0.0
Node 299		0.7501599999999999	0.8167000000000001	0.0	1.45248	0.0	1.45911	0.0	0.0	0.0	0.0	0.62207	1.50732	2.08395	0.0	0.0	0.0	0.6931299999999999	0.0	0.0	0.0	0.0	0.0	0.0
Node 196		1.0956000000000001	0.94772	0.84863	0.99278	0.66248	0.0	0.0	0.0	1.2665300000000002	0.0	0.0	0.0	1.36332	0.83643	1.29145	2.20342	1.40304	0.6086	0.0	0.0	0.0	0.0	0.0
Node 434		0.0	0.94772	0.0	0.0	0.6689299999999999	0.50749	0.76435	0.67153	0.0	0.87682	0.86647	0.77967	0.0	0.9702000000000001	0.75456	1.4193900000000002	0.90646	0.6086	0.0	0.0	0.0	0.0	0.0
Node 479		0.73543	0.94772	0.8605099999999999	0.0	0.0	0.70121	0.9689	2.40361	1.25047	0.0	0.0	1.70942	0.65625	0.0	0.0	1.8010700000000002	0.90246	0.0	0.0	0.0	0.0	0.0	0.0
Node 21		0.5405	0.0	1.61321	0.7056899999999999	0.66248	1.58615	0.0	0.8751200000000001	1.33094	2.27599	0.86319	0.72765	0.68459	0.0	1.57496	0.0	0.0	0.66809	0.0	0.0	0.0	0.0	0.0
Node 415		1.6406	2.72465	0.0	0.64734	0.6689299999999999	0.0	0.71931	0.91039	0.0	0.8962100000000001	2.1348700000000003	0.72765	1.2850300000000001	2.3906199999999997	0.6262099999999999	0.9565300000000001	0.50058	0.84992	0.96075	0.0	0.0	0.0	0.0
Node 454		0.69301	0.0	0.0	2.98448	0.66248	0.0	0.0	0.0	0.56002	0.8962100000000001	0.88468	1.72166	0.0	2.6055200000000003	0.7669699999999999	0.0	1.55095	1.28529	0.0	0.0	0.0	0.0	0.0
Node 494		0.0	0.8167000000000001	0.55987	0.7467900000000001	0.66248	0.0	0.0	0.0	0.0	0.7572599999999999	0.0	0.0	2.89169	0.0	0.0	0.0	0.90246	0.0	0.0	0.0	0.0	0.0	0.0
Node 433		0.0	1.96957	1.69639	2.66581	0.0	0.0	0.63634	0.0	1.26612	0.0	0.0	0.77967	0.8793300000000001	0.9702000000000001	0.66524	0.0	0.64849	0.0	0.0	0.0	0.0	0.0	0.0
Node 400		1.7886099999999998	0.0	0.0	0.0	0.0	0.57417	0.0	0.0	0.5162599999999999	0.0	0.86319	0.76214	2.50577	1.5541900000000002	0.0	0.55418	0.50058	1.7205700000000002	0.0	0.0	0.0	0.0	0.0
Node 142		0.5551	0.7946099999999999	1.40763	0.0	0.66248	1.27538	0.0	0.0	0.0	0.9175900000000001	1.65523	0.77967	0.0	0.0	0.0	1.9548800000000002	0.0	0.6086	0.0	0.0	0.0	0.0	0.0
Node 269		0.0	1.60993	0.0	0.99278	1.57026	0.70121	0.0	0.0	0.0	0.9272	0.69739	0.0	0.51076	0.0	0.66524	0.0	0.90646	0.67669	0.0	0.0	0.0	0.0	0.0
Node 470		0.7501599999999999	1.71263	0.0	0.7056899999999999	2.02809	0.0	0.0	2.10539	0.62443	0.0	0.88468	0.72765	0.0	0.0	0.6262099999999999	0.9266500000000001	0.9953399999999999	0.0	0.0	0.0	0.0	0.0	0.0
Node 455		0.0	0.7946099999999999	0.84863	1.64012	0.0	0.70121	0.9969399999999999	0.8216899999999999	0.0	0.57091	0.88468	0.72765	0.0	0.9702000000000001	0.6262099999999999	0.9266500000000001	0.90246	2.33417	0.0	0.0	0.0	0.0	0.0
Node 94		1.2335099999999999	1.7644199999999999	0.0	0.0	0.0	0.70121	2.45256	0.8216899999999999	0.7963899999999999	0.57091	0.0	0.0	0.68459	0.86985	1.4235	0.0	0.90646	0.0	0.52026	0.0	0.0	0.0	0.0
Node 429		0.0	0.8167000000000001	0.84863	0.0	1.56699	2.79657	0.0	0.91039	1.07628	0.8962100000000001	0.88468	0.76214	0.68459	0.9702000000000001	0.94875	0.0	0.0	1.66708	0.0	0.0	0.0	0.0	0.0
Node 465		0.5551	0.0	1.69639	0.0	0.67791	2.2297000000000002	0.71931	0.7636999999999999	0.7065100000000001	1.46712	0.0	0.76214	0.0	0.83643	1.7033099999999999	0.5996600000000001	0.9953399999999999	1.09579	0.0	0.0	0.0	0.0	0.0
Node 393		0.0	0.94772	0.84776	0.99278	0.0	0.8849400000000001	0.9689	0.0	0.7065100000000001	0.0	0.95784	0.72765	0.68459	0.8486600000000001	0.0	0.0	0.90246	0.0	0.96075	0.0	0.0	0.0	0.0
Node 283		0.5405	1.93004	0.0	3.0926	0.6689299999999999	0.0	1.48366	0.0	0.7065100000000001	2.26191	0.69739	0.0	0.8793300000000001	0.0	0.0	0.55418	0.95592	0.72652	0.0	0.0	0.0	0.0	0.0
Node 195		0.73543	0.0	0.84863	0.62758	0.66248	0.57417	0.96401	0.91039	0.0	1.46712	0.0	0.9611400000000001	1.56392	2.2303300000000004	0.6262099999999999	1.6037599999999999	0.0	0.0	0.0	0.0	0.0	0.0	0.0
Node 273		0.0	0.94772	0.0	0.64734	0.66248	0.85022	0.0	0.0	0.0	0.8962100000000001	0.88589	0.0	1.63903	0.0	0.0	0.64723	0.0	1.9533800000000001	0.0	0.0	0.0	0.0	0.0
Node 440		1.0956000000000001	1.93004	1.4085	0.7056899999999999	0.0	0.57417	3.3488900000000004	0.0	0.56002	0.0	0.86319	0.0	0.95444	0.0	1.57496	0.9266500000000001	0.95592	0.0	0.0	0.0	0.0	0.0	0.0
Node 145		0.0	0.7946099999999999	0.84863	0.64734	0.0	1.27538	3.68596	0.0	0.60878	0.57091	0.88468	0.81657	1.4652	0.0	2.22806	1.15384	2.3425499999999997	0.6086	0.0	0.0	0.0	0.0	0.0
Node 341		1.4934100000000001	4.45208	0.84863	0.0	0.7591600000000001	0.0	0.0	0.0	0.0	0.7572599999999999	0.0	0.0	0.95444	0.87123	0.8754299999999999	0.0	1.9512600000000002	2.3351699999999997	0.0	0.0	0.0	0.0	0.0
Node 347		1.2335099999999999	0.0	0.0	0.99278	0.66248	0.73765	0.0	0.0	0.56002	0.0	0.57429	0.0	1.1953500000000001	1.81886	1.7033099999999999	0.0	1.9512600000000002	0.0	0.0	0.0	0.0	0.0	0.0
Node 388		0.0	2.74674	1.7091399999999999	0.0	1.33141	1.35771	0.0	0.54649	0.0	0.0	0.0	0.9611400000000001	0.8886	1.81886	0.0	2.20342	0.50058	0.95679	0.0	0.0	0.0	0.0	0.0
Node 256		0.0	0.0	0.0	0.99278	0.0	0.0	0.0	0.0	1.31529	0.0	0.0	0.0	0.51076	0.0	0.0	0.0	0.0	0.66809	0.0	0.0	0.0	0.0	0.0
Node 99		0.0	0.8167000000000001	0.84863	0.0	0.7591600000000001	2.96073	0.0	0.0	0.7065100000000001	0.77788	1.5605799999999999	1.72082	1.39936	0.86985	0.7669699999999999	0.9565300000000001	0.0	0.0	0.52026	0.0	0.0	0.0	0.0
Node 209		0.8004000000000001	0.0	0.76458	0.0	0.0	0.0	1.76129	0.91039	0.7065100000000001	0.0	0.0	0.72765	0.51076	0.86985	2.2401999999999997	0.9565300000000001	0.64849	0.6086	0.96075	0.0	0.0	0.0	0.0
Node 186		0.5551	0.0	0.0	1.43398	0.0	1.93188	1.71625	1.45688	0.56002	1.3487900000000002	0.69739	0.77967	2.3974100000000003	0.83643	1.7157200000000001	1.8831799999999999	0.50058	0.90646	0.0	0.0	0.0	0.0	0.0
Node 159		0.5551	0.94772	0.0	1.73957	0.0	2.36593	0.9969399999999999	0.0	0.0	0.0	0.86319	0.0	2.14979	0.9702000000000001	0.75456	0.55418	0.0	0.72652	0.0	0.0	0.0	0.0	0.0
Node 45		0.0	0.9823200000000001	1.7091399999999999	0.0	1.33141	0.57417	0.0	0.8216899999999999	0.64169	0.0	0.0	0.72765	2.6956	1.42042	2.32952	0.0	1.60441	0.67669	0.0	0.0	0.0	0.0	0.0
Node 236		0.8004000000000001	0.94772	0.84863	0.0	0.0	0.0	0.0	0.0	1.33094	2.34394	0.0	0.72765	0.95444	1.81886	0.0	0.0	0.9953399999999999	1.66708	0.0	0.0	0.0	0.0	0.0
Node 88		0.59729	1.77693	0.0	1.45248	0.90133	0.0	0.0	0.0	1.82614	0.57091	0.95784	0.0	0.0	0.9702000000000001	0.0	0.5996600000000001	0.90246	0.95679	0.0	0.0	0.0	0.0	0.0
Node 228		0.0	0.0	0.0	0.0	1.34039	0.0	0.76435	0.0	0.56002	0.8141799999999999	0.69739	0.0	0.95444	0.58399	0.0	0.5996600000000001	0.0	0.66809	0.0	0.0	0.0	0.0	0.0
Node 244		0.73543	0.9823200000000001	0.0	0.99278	0.6689299999999999	1.47696	0.9689	0.0	1.33094	0.0	0.88468	0.9611400000000001	1.63903	1.45384	0.7669699999999999	0.0	1.6490500000000001	0.6086	0.96075	0.0	0.0	0.0	0.0
Node 293		1.0956000000000001	0.8167000000000001	0.84863	0.0	0.0	1.43886	0.0	0.6485099999999999	0.0	0.8962100000000001	0.0	0.77967	0.51076	0.0	0.94875	0.5996600000000001	0.95592	0.0	0.0	0.0	0.0	0.0	0.0
Node 56		0.5551	0.62761	0.55987	0.99278	0.0	0.85022	0.76435	0.67153	1.1688	2.63759	1.58207	0.7605200000000001	0.0	0.9702000000000001	0.75456	0.5996600000000001	0.0	0.0	0.96075	0.0	0.0	0.0	0.0
Node 288		0.69301	0.0	0.84863	0.99278	0.67791	0.0	0.0	0.0	0.7065100000000001	0.8962100000000001	0.0	0.89285	1.39936	0.58399	0.0	0.9565300000000001	0.0	0.6086	0.0	0.0	0.0	0.0	0.0
Node 164		0.0	0.9823200000000001	0.0	1.27492	1.34039	0.0	0.9689	0.7636999999999999	1.18445	0.0	0.0	0.77967	0.8667400000000001	0.86985	0.0	0.55418	0.0	0.0	0.0	0.0	0.0	0.0	0.0
Node 426		0.0	1.80395	0.55987	2.38367	0.0	0.0	1.95271	0.0	0.7963899999999999	0.0	0.69739	0.77967	1.57319	2.72464	0.94875	0.0	0.90246	0.0	0.0	0.0	0.0	0.0	0.0
Node 473		0.5551	0.0	0.0	0.7056899999999999	0.90133	1.27538	0.71931	0.7636999999999999	0.0	0.0	0.88468	1.27722	1.4652	1.7185099999999998	0.0	0.5996600000000001	0.9953399999999999	0.72652	0.0	0.0	0.0	0.0	0.0
Node 447		0.0	0.94772	0.0	0.0	0.67791	1.45911	0.0	0.0	0.62443	2.6012899999999997	0.88468	0.72765	0.0	0.83643	0.0	0.0	0.64849	0.6086	0.0	0.0	0.0	0.0	0.0
Node 206		0.0	0.9823200000000001	0.0	0.5147900000000001	0.6689299999999999	0.57417	0.0	0.0	0.8690399999999999	0.8962100000000001	0.0	0.77967	0.8886	0.86985	0.75456	1.55619	0.95592	1.9533800000000001	0.0	0.0	0.0	0.0	0.0
Node 137		1.7886099999999998	0.0	0.0	0.8295699999999999	0.6689299999999999	0.70121	0.0	0.0	1.2665300000000002	1.46712	0.62207	0.0	0.95444	0.9702000000000001	0.7669699999999999	0.64723	0.0	0.9405600000000001	0.0	0.0	0.0	0.0	0.0
Node 306		0.5551	0.8167000000000001	0.0	0.0	0.66248	0.57417	0.9969399999999999	0.0	0.0	0.0	0.0	0.72765	0.68459	0.9702000000000001	0.0	0.0	0.90246	2.3054	0.0	0.0	0.0	0.0	0.0
Node 78		0.0	0.9823200000000001	0.0	0.62758	0.66248	2.93607	0.71931	0.0	0.0	1.3487900000000002	0.0	0.0	2.2661000000000002	0.0	0.0	0.0	1.40304	0.72652	0.0	0.0	0.0	0.0	0.0
Node 33		0.8004000000000001	0.0	0.84863	0.7056899999999999	1.56699	1.55143	2.73019	0.0	0.0	0.0	0.0	0.0	0.0	0.0	0.0	0.0	0.9953399999999999	0.66809	0.0	0.0	0.0	0.0	0.0
Node 226		0.5405	0.0	0.0	0.0	0.66248	1.55143	0.71931	0.91039	0.0	0.0	0.88468	0.0	1.39936	0.0	0.0	0.0	1.8978	0.9021899999999999	0.0	0.0	0.0	0.0	0.0
Node 403		0.0	0.94772	0.0	0.0	0.67791	0.57417	0.0	0.0	0.0	0.57091	0.88468	0.0	1.39936	0.67519	0.0	0.64723	0.0	0.0	0.0	0.0	0.0	0.0	0.0
Node 476		0.0	0.9823200000000001	0.55987	0.99278	1.33141	0.0	0.9969399999999999	0.0	0.0	0.0	0.88468	0.9611400000000001	0.68459	0.8486600000000001	0.94875	1.24689	0.0	0.66809	0.0	0.0	0.0	0.0	0.0
Node 40		0.0	0.8167000000000001	2.46097	0.7056899999999999	2.0093199999999998	2.89956	0.0	0.0	0.64169	0.0	1.31699	1.50732	1.39936	0.0	0.0	0.9565300000000001	0.50058	1.8223099999999999	0.0	0.0	0.0	0.0	0.0
Node 55		0.5405	0.8167000000000001	2.3771299999999997	1.69847	1.34039	0.57417	0.0	0.91039	1.34933	1.40746	0.0	0.7605200000000001	0.0	0.0	1.3931799999999999	0.0	0.90246	0.9405600000000001	0.52026	0.0	0.0	0.0	0.0
Node 474		0.5551	1.93004	0.84776	0.8761	1.34039	0.0	0.0	0.0	1.49347	0.0	0.86319	0.72765	1.36332	1.5541900000000002	0.0	0.0	1.40304	0.72652	0.0	0.0	0.0	0.0	0.0
Node 254		0.0	0.9823200000000001	2.2562599999999997	0.0	0.0	0.0	0.71931	0.91039	1.8909599999999998	0.83655	0.0	0.0	0.0	0.67614	0.6262099999999999	0.0	0.0	0.67669	0.0	0.0	0.0	0.0	0.0
Node 419		1.7886099999999998	0.94772	1.69639	0.99278	0.0	0.85022	0.0	0.0	0.0	0.0	0.95784	0.7605200000000001	3.5198	0.8486600000000001	0.0	0.0	0.90246	0.95679	0.0	0.0	0.0	0.0	0.0
Node 431		1.24811	1.6113100000000002	0.0	0.0	0.80783	0.73765	0.0	0.8216899999999999	0.62443	1.40746	0.0	0.0	1.39936	0.86985	0.75456	0.7721600000000001	0.0	0.0	0.0	0.0	0.0	0.0	0.0
Node 413		0.5405	0.89593	0.8605099999999999	0.99278	1.42164	0.0	0.9689	0.0	0.0	0.77788	0.86319	0.0	0.0	0.87123	0.0	1.24689	0.64849	0.66809	0.0	0.0	0.0	0.0	0.0
Node 131		0.73543	0.0	0.0	0.99278	0.67791	1.42439	0.9689	0.8216899999999999	0.7065100000000001	2.30268	1.74787	1.48979	0.0	0.0	1.54067	0.64723	0.0	0.6086	0.0	0.0	0.0	0.0	0.0
Node 363		1.2335099999999999	2.2389200000000002	0.84863	1.70567	1.43707	0.0	0.71931	0.0	0.60878	0.0	0.69739	0.0	1.39936	2.55494	0.0	0.0	0.90246	0.0	0.0	0.0	0.0	0.0	0.0
Node 8		0.0	0.94772	1.41444	0.62758	0.7591600000000001	1.58787	0.0	0.0	2.08875	0.0	0.69739	0.0	0.0	1.6850899999999998	0.94875	0.0	1.64383	0.67669	0.0	0.0	0.0	0.0	0.0
Node 24		1.70557	0.0	1.7091399999999999	1.73957	1.33141	0.0	1.73325	0.0	0.56002	1.7050800000000002	0.0	0.0	1.82118	0.0	0.7669699999999999	0.5996600000000001	1.40304	0.0	0.0	0.0	0.0	0.0	0.0
Node 461		1.53583	1.96873	0.0	0.62758	0.0	0.85022	0.0	0.0	0.56002	1.43841	0.88468	0.0	0.51076	0.0	0.0	0.0	0.6942	0.67669	0.0	0.0	0.0	0.0	0.0
Node 183		1.4934100000000001	0.0	0.8605099999999999	0.0	0.6689299999999999	0.0	0.0	0.0	0.62443	0.57091	1.58207	0.0	0.0	0.0	0.94875	0.5996600000000001	1.69406	0.99405	0.52026	0.0	0.0	0.0	0.0
Node 259		0.5405	0.0	1.41444	2.78249	1.42164	0.0	2.45256	0.0	1.5029000000000001	0.0	0.0	0.72765	1.57319	0.6975699999999999	0.0	0.64723	0.0	1.3447799999999999	0.0	0.0	0.0	0.0	0.0
Node 308		0.8004000000000001	0.94772	0.0	0.7467900000000001	0.6689299999999999	0.0	0.9689	0.67153	0.7065100000000001	3.1838400000000004	0.0	0.77967	0.0	0.0	0.0	1.27577	0.0	0.95679	0.0	0.0	0.0	0.0	0.0
Node 481		0.8004000000000001	1.6113100000000002	0.84776	0.0	1.34039	0.70121	1.96584	0.0	1.18445	0.0	0.0	0.0	1.7411599999999998	0.58399	1.57496	1.55619	0.50058	0.0	0.0	0.0	0.0	0.0	0.0
Node 260		1.7886099999999998	0.0	0.0	2.7089	0.0	0.0	1.68821	1.31019	1.33094	0.0	0.0	2.50049	0.8667400000000001	0.0	0.0	0.0	0.95592	0.0	0.96075	0.0	0.0	0.0	0.0
Node 333		0.0	0.8167000000000001	0.0	0.91919	0.7591600000000001	0.52436	0.9969399999999999	0.0	1.49347	0.0	0.0	0.0	0.8667400000000001	1.43265	0.0	0.9565300000000001	0.9953399999999999	0.0	0.0	0.0	0.0	0.0	0.0
Node 220		0.5551	0.94772	0.76458	0.0	0.0	0.0	1.93291	1.5819199999999998	0.7065100000000001	2.28428	1.71234	0.0	1.36332	0.58399	0.0	0.0	0.50058	0.0	0.0	0.0	0.0	0.0	0.0
Node 287		1.0956000000000001	0.94772	0.8605099999999999	0.99278	0.66248	0.0	0.0	2.14173	0.64169	0.0	0.7545	0.77967	0.0	0.7654700000000001	0.73392	0.55418	0.0	0.0	0.0	0.0	0.0	0.0	0.0
Node 369		0.96679	0.7946099999999999	2.80212	1.35303	1.34684	0.0	0.0	0.8216899999999999	1.33094	0.0	1.5605799999999999	0.76214	0.8886	0.0	0.6262099999999999	0.0	0.90646	0.66809	0.0	0.0	0.0	0.0	0.0
Node 227		1.4934100000000001	0.0	0.76458	0.7056899999999999	0.67791	0.50749	0.9689	0.68464	1.33094	1.46712	0.86319	0.0	0.0	0.9702000000000001	0.0	0.7721600000000001	0.50058	0.66809	0.52026	0.0	0.0	0.0	0.0
Node 327		0.5551	0.94772	2.17221	0.0	2.2432600000000003	0.0	0.9969399999999999	0.91039	0.7065100000000001	0.77788	0.86647	0.72765	1.13954	1.5541900000000002	0.6262099999999999	1.6037599999999999	0.0	0.0	0.0	0.0	0.0	0.0	0.0
Node 49		0.0	1.6616300000000002	0.84863	1.98061	1.42164	2.0208899999999996	0.76435	0.91039	0.0	0.8962100000000001	0.88468	0.77967	0.51076	0.0	0.6262099999999999	0.9266500000000001	0.0	0.72652	0.0	0.0	0.0	0.0	0.0
Node 143		0.0	0.94772	0.84863	1.69847	0.0	0.85022	0.71931	0.85889	0.62443	0.0	0.86319	0.0	1.55133	3.2727	0.0	0.9565300000000001	0.50058	0.0	0.0	0.0	0.0	0.0	0.0
Node 255		0.5551	0.0	0.0	0.99278	0.0	0.50749	0.0	0.0	1.3481999999999998	0.87682	0.6196	0.72765	0.8793300000000001	0.0	0.0	1.24689	0.9953399999999999	0.9405600000000001	0.0	0.0	0.0	0.0	0.0
Node 314		0.5551	0.94772	0.0	0.0	0.0	0.85022	1.96584	0.91039	0.0	0.8962100000000001	0.86647	1.27722	0.8886	0.8486600000000001	2.3685500000000004	1.20141	0.0	0.67669	0.52026	0.0	0.0	0.0	0.0
Node 251		0.69301	0.0	0.0	0.0	0.67791	0.57417	1.6568699999999998	0.0	0.0	0.0	0.0	1.7777100000000001	0.0	0.67614	0.0	0.0	1.60441	0.6086	0.0	0.0	0.0	0.0	0.0
Node 157		0.69301	0.0	2.17308	0.0	0.0	0.85022	2.6890199999999997	0.8216899999999999	0.7065100000000001	0.77788	0.0	0.0	1.53715	0.0	0.8754299999999999	0.0	1.6490500000000001	0.6086	0.96075	0.0	0.0	0.0	0.0
Node 214		0.0	0.8167000000000001	0.55987	0.7467900000000001	2.90423	0.85022	0.0	1.45688	0.62443	1.46712	0.0	0.72765	2.14979	0.0	0.0	0.5996600000000001	0.0	1.28529	0.0	0.0	0.0	0.0	0.0
Node 128		2.0339099999999997	0.9823200000000001	0.0	0.0	1.34039	1.65553	0.95577	0.54649	0.56002	0.0	0.0	0.54957	0.0	1.81886	0.94875	1.6037599999999999	0.64849	0.0	0.0	0.0	0.0	0.0	0.0
Node 498		0.59729	0.0	0.0	0.0	0.0	0.81176	0.0	0.54649	1.2332100000000001	1.46712	0.0	0.72765	0.0	1.42042	0.75456	0.5996600000000001	0.64849	1.40984	0.52026	0.0	0.0	0.0	0.0
Node 395		0.69301	0.8167000000000001	0.8605099999999999	0.0	0.66248	0.0	0.0	1.73401	0.7065100000000001	0.77788	0.88468	0.76214	0.51076	0.83643	0.0	0.5996600000000001	0.90246	0.66809	0.52026	0.0	0.0	0.0	0.0
Node 458		0.0	0.0	1.70827	0.0	0.7591600000000001	0.85022	0.0	0.85889	0.60878	1.38509	1.72966	0.0	0.0	0.0	0.0	0.5996600000000001	0.0	0.6086	0.0	0.0	0.0	0.0	0.0
Node 328		0.8004000000000001	2.4866900000000003	0.84863	0.99278	0.0	0.0	0.0	0.91039	0.75987	1.3487900000000002	0.0	0.0	0.51076	0.86985	1.6139899999999998	0.0	0.9953399999999999	0.67669	0.0	0.0	0.0	0.0	0.0
Node 175		0.5405	1.93004	0.84863	0.7056899999999999	0.0	0.0	1.76129	0.0	0.7065100000000001	0.8962100000000001	1.72966	0.0	1.1953500000000001	0.8486600000000001	0.7669699999999999	0.9565300000000001	0.50058	0.66809	0.96075	0.0	0.0	0.0	0.0
Node 303		1.44272	0.0	0.84863	1.45248	0.66248	0.0	0.9689	0.0	1.26612	1.5880100000000001	0.0	0.0	0.0	2.68871	1.29145	0.0	1.6546399999999999	0.0	0.0	0.0	0.0	0.0	0.0
Node 81		1.2335099999999999	0.0	0.0	0.0	2.14822	0.57417	3.3488900000000004	0.0	0.75987	0.0	2.44854	0.77967	0.0	0.0	0.0	0.64723	1.8583800000000001	0.9405600000000001	0.0	0.0	0.0	0.0	0.0
Node 267		0.5551	1.77693	0.0	0.62758	2.14822	0.70121	0.9689	0.8216899999999999	0.62443	0.8962100000000001	0.0	0.0	1.39936	0.0	0.74475	0.5996600000000001	0.0	0.66809	0.0	0.0	0.0	0.0	0.0
Node 348		0.0	0.0	0.84863	0.99278	0.66248	0.0	0.0	0.0	0.7405499999999999	0.8962100000000001	0.88468	0.0	0.68459	0.0	0.0	0.0	0.90246	0.6086	0.0	0.0	0.0	0.0	0.0
Node 475		1.95279	0.9823200000000001	1.5471199999999998	0.62758	0.0	0.0	3.6942000000000004	1.73208	0.0	0.57091	0.88468	0.77967	0.8886	0.0	2.1758699999999997	0.64723	3.6674100000000003	1.28529	0.0	0.0	0.0	0.0	0.0
Node 448		0.5405	0.9823200000000001	0.84863	1.45715	0.66248	0.0	0.76435	0.53518	0.7065100000000001	0.8962100000000001	0.0	0.0	0.0	0.9702000000000001	0.75456	0.5996600000000001	0.0	0.0	0.0	0.0	0.0	0.0	0.0
Node 443		1.2335099999999999	0.0	0.0	1.69847	0.67791	0.70121	0.9689	0.0	0.0	1.59381	1.58207	0.0	1.4652	1.5541900000000002	0.0	0.0	0.0	1.28529	0.96075	0.0	0.0	0.0	0.0
Node 459		0.69301	0.0	0.0	0.0	0.0	0.57417	0.0	0.8216899999999999	0.0	1.3487900000000002	0.95784	0.7605200000000001	0.8886	0.86985	1.4198	0.0	0.0	0.0	0.0	0.0	0.0	0.0	0.0
Node 263		1.3409	0.0	0.0	0.5147900000000001	1.42164	1.27538	0.9969399999999999	0.0	0.60878	0.0	0.0	0.77967	0.0	0.58399	0.6262099999999999	0.5996600000000001	0.0	0.0	0.0	0.0	0.0	0.0	0.0
Node 276		0.0	0.94772	0.76458	0.0	0.0	0.70121	0.0	0.0	1.2665300000000002	0.0	0.69739	0.76214	0.0	0.0	0.75456	0.0	0.0	0.0	0.0	0.0	0.0	0.0	0.0
Node 278		1.3555	0.9823200000000001	0.8605099999999999	0.7467900000000001	0.0	0.57417	0.0	0.0	0.0	2.27599	0.95784	0.77967	0.51076	1.81886	0.0	0.0	0.9953399999999999	0.6086	0.0	0.0	0.0	0.0	0.0
Node 345		0.7501599999999999	0.94772	0.0	0.91919	0.0	1.42439	0.0	0.67153	0.62443	1.43841	0.0	1.70942	0.8886	0.0	0.0	0.64723	1.8978	0.9021899999999999	1.48101	0.0	0.0	0.0	0.0
Node 0		0.0	0.94772	0.0	0.91919	0.66248	1.27538	0.0	0.8751200000000001	1.3481999999999998	0.77788	0.0	0.0	0.68459	0.67614	0.0	0.0	0.50058	0.9021899999999999	0.0	0.0	0.0	0.0	0.0
Node 357		0.5551	0.94772	0.84776	0.64734	1.34039	0.7757499999999999	0.9969399999999999	0.91039	1.5755499999999998	0.8962100000000001	0.57429	0.0	1.54485	0.58399	0.7669699999999999	0.64723	0.0	0.9405600000000001	0.0	0.0	0.0	0.0	0.0
Node 151		0.0	0.0	0.0	0.0	0.66248	1.22557	0.9689	0.6485099999999999	0.60878	0.57091	0.86319	0.0	2.55277	1.5541900000000002	0.0	1.6037599999999999	0.0	0.66809	0.0	0.0	0.0	0.0	0.0
Node 201		0.5405	0.0	0.8605099999999999	0.0	2.88226	0.0	0.76435	0.0	1.2665300000000002	1.3487900000000002	0.0	0.0	1.36332	0.9702000000000001	0.6262099999999999	0.64723	1.40304	1.6172499999999999	0.90773	0.0	0.0	0.0	0.0
Node 442		0.0	0.9823200000000001	0.0	0.0	0.0	0.57417	0.63634	3.0305	1.5029000000000001	0.0	0.0	1.5418100000000001	0.0	0.58399	1.57496	2.20342	0.50058	0.6086	0.0	0.0	0.0	0.0	0.0
Node 291		1.53583	0.0	0.0	1.39413	0.0	2.55862	0.95577	0.0	0.0	0.0	1.72966	0.0	0.62878	1.81886	0.6262099999999999	0.0	0.90246	1.33512	0.98634	0.0	0.0	0.0	0.0
Node 207		0.5405	1.7644199999999999	0.0	1.5234400000000001	0.67791	1.93188	0.0	0.0	0.0	0.0	0.0	0.0	1.1953500000000001	0.8486600000000001	0.6262099999999999	0.0	1.40304	0.6086	0.0	0.0	0.0	0.0	0.0
Node 398		0.8004000000000001	1.77693	0.0	2.3458099999999997	0.67791	0.70121	1.76129	0.0	0.0	0.77788	0.0	0.54957	0.0	0.9702000000000001	0.0	0.5996600000000001	1.40304	0.0	0.0	0.0	0.0	0.0	0.0
Node 391		1.3409	1.73397	0.56581	0.7056899999999999	0.0	0.85022	0.0	0.0	0.56002	0.0	0.0	1.48979	0.0	0.0	1.4198	0.5996600000000001	0.6931299999999999	0.0	0.0	0.0	0.0	0.0	0.0
Node 464		0.5551	0.0	0.0	1.1621299999999999	0.0	0.0	0.0	0.0	0.0	0.0	0.0	0.54957	1.58322	0.83643	0.66524	0.0	0.7793300000000001	0.0	0.0	0.0	0.0	0.0	0.0
Node 294		0.0	2.74674	1.41444	0.64734	0.0	0.87978	0.0	0.91039	0.7065100000000001	0.0	0.88468	0.0	0.8667400000000001	0.0	0.0	0.0	0.90246	1.66708	0.0	0.0	0.0	0.0	0.0
Node 423		0.0	0.0	0.0	2.1941100000000002	1.42164	2.32718	0.0	0.91039	1.34933	0.0	1.58207	0.0	0.8667400000000001	0.0	1.57496	0.0	1.8978	0.72652	0.0	0.0	0.0	0.0	0.0
Node 90		0.5405	0.94772	0.55987	0.0	0.7591600000000001	0.85022	1.67508	0.0	0.56002	1.80402	0.88468	0.72765	1.1953500000000001	0.9702000000000001	0.0	0.9565300000000001	0.0	0.72652	0.0	0.0	0.0	0.0	0.0
Node 407		1.4934100000000001	0.0	0.84863	0.62758	0.0	0.0	0.71931	1.73208	1.5755499999999998	0.0	0.69739	0.0	0.0	0.0	0.0	0.9266500000000001	0.0	0.0	0.0	0.0	0.0	0.0	0.0
Node 482		0.5405	1.7644199999999999	0.0	0.8761	1.4543199999999998	0.0	0.0	0.91039	0.0	0.0	0.0	0.0	0.51076	0.0	0.0	0.0	0.50058	2.00321	0.0	0.0	0.0	0.0	0.0
Node 449		0.0	0.0	0.0	0.91919	0.0	0.50749	0.0	0.8216899999999999	0.60878	0.0	0.0	0.72765	0.0	0.9702000000000001	0.6262099999999999	0.0	1.40704	1.2766899999999999	0.0	0.0	0.0	0.0	0.0
Node 176		0.5405	0.8167000000000001	0.0	1.8688799999999999	1.5792400000000002	0.0	0.71931	0.0	0.60878	0.83655	0.69739	0.0	0.68459	0.58399	0.0	1.55619	0.0	0.0	0.0	0.0	0.0	0.0	0.0
Node 408		1.7886099999999998	0.83915	1.7091399999999999	1.73957	0.57377	1.08166	0.76435	0.0	0.0	0.8962100000000001	0.0	0.0	0.0	0.9702000000000001	1.57496	0.55418	0.0	0.72652	0.0	0.0	0.0	0.0	0.0
Node 264		0.8004000000000001	0.8167000000000001	1.70827	1.7009	0.0	1.27538	0.9689	1.23113	0.0	1.46712	0.86319	0.0	0.0	0.87123	2.1758699999999997	0.9565300000000001	0.90246	0.66809	0.0	0.0	0.0	0.0	0.0
Node 58		0.69301	0.0	0.8605099999999999	0.0	1.34039	2.1256	0.9689	0.0	0.0	0.57091	0.88468	1.72082	0.51076	0.0	0.0	0.0	0.50058	0.0	0.0	0.0	0.0	0.0	0.0
Node 359		1.24811	0.0	0.56581	0.64734	0.0	0.0	1.96584	0.0	0.62443	1.46712	0.88468	0.0	1.55133	0.0	1.50089	0.64723	0.0	0.0	0.0	0.0	0.0	0.0	0.0
Node 170		0.0	0.0	2.17308	1.69847	0.7591600000000001	0.57417	0.0	0.85889	0.0	0.0	0.86319	0.77967	2.14979	0.0	0.0	0.0	0.90246	0.72652	0.0	0.0	0.0	0.0	0.0
Node 491		0.69301	0.0	0.0	0.7056899999999999	0.67791	0.0	0.0	0.8216899999999999	0.7065100000000001	0.8962100000000001	1.58207	0.0	0.0	0.83643	0.0	1.4193900000000002	0.50058	0.0	0.0	0.0	0.0	0.0	0.0
Node 248		2.63143	0.7946099999999999	0.0	0.0	1.43707	0.0	0.0	0.8216899999999999	0.7065100000000001	0.8962100000000001	0.88468	0.72765	1.1953500000000001	0.0	1.90922	0.55418	0.0	0.72652	0.0	0.0	0.0	0.0	0.0
Node 118		0.0	0.8167000000000001	1.69639	0.0	0.0	0.70121	1.94977	0.0	1.33094	0.0	0.0	0.0	0.95444	0.9702000000000001	0.0	0.0	1.55095	0.0	0.52026	0.0	0.0	0.0	0.0
Node 450		0.0	0.0	1.7091399999999999	0.0	0.7591600000000001	0.0	0.0	0.0	0.0	1.6740899999999999	1.82431	0.7605200000000001	0.8793300000000001	0.83643	0.0	0.64723	1.40704	0.72652	0.0	0.0	0.0	0.0	0.0
Node 110		0.5551	1.77693	0.0	0.62758	1.34039	0.0	1.48366	0.0	0.0	1.3487900000000002	0.0	1.48979	1.63903	1.6850899999999998	0.94875	1.20141	1.8978	0.0	0.0	0.0	0.0	0.0	0.0
Node 334		2.79867	0.94772	0.0	0.99278	1.23625	0.50749	0.71931	0.0	0.56002	2.3753900000000003	0.0	0.0	3.3801900000000002	2.56638	1.54067	0.0	0.50058	0.0	0.0	0.0	0.0	0.0	0.0
Node 100		0.0	0.94772	0.0	0.99278	1.5792400000000002	0.0	0.76435	0.0	0.62443	0.0	0.0	0.89285	0.51076	2.72464	2.14774	0.9266500000000001	1.8978	1.28529	0.0	0.0	0.0	0.0	0.0
Node 323		0.9051699999999999	1.60993	0.0	1.5075699999999999	0.80783	0.85022	0.0	0.0	0.0	0.57091	0.0	0.72765	0.0	0.0	1.57496	1.6037599999999999	0.0	0.67669	0.0	0.0	0.0	0.0	0.0
Node 2		0.69301	0.0	1.7091399999999999	1.64012	0.0	0.70121	0.71931	0.0	0.64169	1.7317699999999998	0.95784	1.27722	1.36332	2.3025	0.73392	0.0	1.9512600000000002	0.0	0.0	0.0	0.0	0.0	0.0
Node 12		1.2903	1.58086	0.84863	0.0	0.0	2.55862	0.0	0.0	0.64169	0.0	1.74787	0.0	1.63903	0.0	0.6262099999999999	0.5996600000000001	0.0	1.2766899999999999	0.0	0.0	0.0	0.0	0.0
Node 211		0.0	0.94772	1.40763	0.64734	0.7591600000000001	0.0	0.0	0.0	0.0	0.0	0.69739	1.50732	3.30508	2.55494	0.0	0.0	0.64849	0.0	0.52026	0.0	0.0	0.0	0.0
Node 486		0.69301	1.77693	3.24119	0.62758	0.7591600000000001	1.2087	0.0	0.0	0.7065100000000001	1.38104	0.6196	1.50732	0.0	0.0	1.57496	0.64723	0.0	2.3514	0.0	0.0	0.0	0.0	0.0
Node 472		1.7886099999999998	0.0	0.8605099999999999	0.7056899999999999	0.7467900000000001	0.0	2.73019	0.6485099999999999	0.0	0.8962100000000001	0.95784	0.72765	0.0	0.8486600000000001	1.29145	1.6037599999999999	2.50687	0.66809	0.0	0.0	0.0	0.0	0.0
Node 373		0.0	0.0	0.84776	0.62758	0.0	0.7757499999999999	0.0	2.93879	0.7065100000000001	0.0	0.69739	1.27722	0.8667400000000001	0.0	0.6262099999999999	0.64723	1.92922	0.6086	0.0	0.0	0.0	0.0	0.0
Node 477		1.3555	0.0	0.0	0.64734	0.0	0.0	0.9689	0.8216899999999999	0.60878	0.8962100000000001	0.86647	0.81657	0.8886	0.9702000000000001	0.0	0.0	0.0	0.0	0.0	0.0	0.0	0.0	0.0
Node 97		0.69301	0.0	0.0	0.62758	1.42164	0.0	0.0	0.0	0.0	0.77788	0.86319	0.0	0.95444	0.0	0.0	0.0	0.0	1.66708	0.0	0.0	0.0	0.0	0.0
Node 343		0.5405	0.9823200000000001	0.0	0.7056899999999999	0.67791	0.50749	0.0	0.0	1.26612	0.8962100000000001	1.84252	0.0	0.68459	1.70628	1.57496	0.9565300000000001	0.9953399999999999	0.0	0.0	0.0	0.0	0.0	0.0
Node 85		0.69301	1.77693	0.84776	0.7467900000000001	0.0	0.85022	0.0	2.0397100000000004	1.42906	0.57091	0.88468	1.54019	1.7411599999999998	0.9702000000000001	0.0	0.0	0.0	0.0	0.0	0.0	0.0	0.0	0.0
Node 480		0.0	0.0	0.0	0.64734	0.67791	0.70121	0.66374	0.0	2.06044	0.83655	0.6196	0.72765	0.65625	1.42042	0.94875	0.9266500000000001	1.40304	1.66708	0.0	0.0	0.0	0.0	0.0
Node 25		1.53583	0.0	0.0	0.0	1.5792400000000002	0.70121	0.0	0.0	0.0	0.8962100000000001	0.0	0.0	0.0	0.0	0.0	0.9565300000000001	0.0	0.6086	0.0	0.0	0.0	0.0	0.0
Node 242		0.0	0.8167000000000001	0.84863	0.7467900000000001	1.4280899999999999	0.0	0.0	0.0	0.64169	0.0	0.0	0.0	0.0	0.8486600000000001	0.0	0.64723	0.0	0.72652	0.0	0.0	0.0	0.0	0.0
Node 250		0.5551	1.79902	0.84863	0.64734	0.66248	0.0	0.0	0.7636999999999999	0.7405499999999999	0.0	0.0	1.7728399999999997	2.89169	0.58399	0.0	0.0	0.0	0.0	0.0	0.0	0.0	0.0	0.0
Node 422		1.24811	0.0	2.3771299999999997	1.73957	0.66248	2.2374899999999998	1.96584	0.0	1.34933	0.0	0.0	0.54957	1.1953500000000001	0.83643	1.7157200000000001	0.64723	0.50058	1.66708	0.96075	0.0	0.0	0.0	0.0
Node 120		1.42844	0.7946099999999999	0.84863	1.69847	0.6023299999999999	0.0	0.0	0.0	0.7405499999999999	0.8962100000000001	0.86319	0.0	0.0	0.9702000000000001	0.6262099999999999	0.9565300000000001	0.9953399999999999	0.0	0.0	0.0	0.0	0.0	0.0
Node 270		0.73543	0.0	1.7091399999999999	1.73957	1.48574	0.0	0.9689	0.8216899999999999	0.56002	0.0	0.0	0.0	1.57319	0.0	0.0	0.5996600000000001	0.50058	0.66809	0.0	0.0	0.0	0.0	0.0
Node 27		2.76934	1.7644199999999999	0.84776	1.39413	0.0	0.0	0.0	0.8216899999999999	0.0	0.0	0.0	0.72765	0.8886	0.0	0.0	1.24689	0.0	0.0	0.96075	0.0	0.0	0.0	0.0
Node 71		1.24811	0.9823200000000001	0.0	0.64734	1.57026	0.0	0.0	0.0	0.56002	0.57091	0.86319	0.0	0.0	0.86985	0.0	0.5996600000000001	0.0	0.55903	0.0	0.0	0.0	0.0	0.0
Node 266		1.51512	0.9823200000000001	1.7091399999999999	0.0	0.67791	0.52436	0.9689	1.5589	0.60878	0.0	0.0	1.54019	1.39009	0.0	1.4198	0.0	1.60441	0.66809	0.96075	0.0	0.0	0.0	0.0
Node 468		1.8960000000000001	0.94772	1.69639	2.44526	0.67791	1.43886	0.0	0.7636999999999999	0.60878	0.8962100000000001	0.88468	0.0	0.8886	0.9702000000000001	0.6262099999999999	0.0	0.0	0.95679	0.0	0.0	0.0	0.0	0.0
Node 77		0.5551	0.8167000000000001	0.56581	0.0	1.33141	1.42439	0.0	0.8216899999999999	1.90822	0.0	1.74787	0.72765	1.55133	0.9702000000000001	0.0	0.9565300000000001	2.3425499999999997	0.66809	0.96075	0.0	0.0	0.0	0.0
Node 218		0.69301	0.0	0.55987	1.35303	0.0	0.0	0.0	0.6485099999999999	0.0	0.0	0.0	0.76214	2.25192	0.0	1.6139899999999998	0.0	0.0	0.99405	0.0	0.0	0.0	0.0	0.0
Node 457		1.8454000000000002	0.0	0.0	0.0	0.0	0.0	0.76435	0.0	0.7065100000000001	1.46712	1.50796	0.77967	0.95444	0.0	0.6262099999999999	0.5996600000000001	0.0	0.6086	0.96075	0.0	0.0	0.0	0.0
Node 364		2.0339099999999997	0.8167000000000001	0.0	0.0	1.34039	0.70121	0.0	0.0	0.0	0.0	0.0	0.54957	0.51076	0.9702000000000001	0.7669699999999999	1.6037599999999999	0.0	0.66809	0.0	0.0	0.0	0.0	0.0
Node 414		2.33066	0.0	0.84863	0.5147900000000001	0.0	0.50749	0.0	0.0	0.62443	0.0	0.88468	0.54957	0.8886	2.68871	0.94875	0.64723	0.90246	0.0	0.0	0.0	0.0	0.0	0.0
Node 135		0.0	0.9823200000000001	0.8605099999999999	0.99278	0.67791	1.27538	0.0	0.0	0.0	0.0	0.69739	0.0	0.0	0.67519	0.0	0.55418	1.62537	1.9533800000000001	0.5955199999999999	0.0	0.0	0.0	0.0
Node 179		0.5551	0.9823200000000001	1.69639	0.91919	0.66248	1.09853	0.9689	0.8216899999999999	0.0	0.57091	0.0	0.7605200000000001	0.0	0.0	1.4235	0.9565300000000001	0.0	0.0	0.0	0.0	0.0	0.0	0.0
Node 47		1.0956000000000001	0.94772	1.83821	0.0	1.33141	1.93188	1.72917	0.0	0.56002	0.57091	0.0	0.72765	0.79743	0.9702000000000001	0.0	3.13007	1.40304	0.0	1.48101	0.0	0.0	0.0	0.0
Node 224		0.0	0.0	0.0	0.99278	1.43707	0.0	0.96401	0.91039	0.56002	0.8962100000000001	0.88468	0.9611400000000001	1.57319	0.9702000000000001	2.34193	0.0	0.95592	1.2766899999999999	0.0	0.0	0.0	0.0	0.0
Node 37		0.0	0.9823200000000001	0.0	0.7056899999999999	0.0	0.7757499999999999	0.0	0.0	0.64169	0.8962100000000001	0.86647	0.0	2.43993	1.42042	0.0	0.0	0.9953399999999999	1.28529	0.0	0.0	0.0	0.0	0.0
Node 169		0.73543	0.94772	0.0	0.8295699999999999	0.6689299999999999	0.0	0.9689	0.8216899999999999	0.64169	0.0	0.88468	0.76214	0.95444	0.0	0.94875	0.0	0.90246	0.0	0.0	0.0	0.0	0.0	0.0
Node 63		0.0	1.93004	2.17221	0.64734	0.0	0.0	0.9969399999999999	2.6444	1.3481999999999998	0.8962100000000001	0.69739	0.7605200000000001	0.51076	1.43265	0.66524	0.0	0.90246	1.8223099999999999	0.0	0.0	0.0	0.0	0.0
Node 342		0.73543	0.0	0.84863	0.99278	0.78271	0.0	0.71931	0.67153	0.7065100000000001	0.0	0.0	0.0	1.39936	1.6850899999999998	1.3136	0.64723	0.0	0.0	0.0	0.0	0.0	0.0	0.0
Node 192		1.0956000000000001	0.9823200000000001	1.7091399999999999	1.45248	0.0	0.70121	1.96584	1.73208	0.7963899999999999	1.77303	0.95784	1.54019	1.1953500000000001	0.8486600000000001	1.57496	0.0	0.50058	0.66809	0.0	0.0	0.0	0.0	0.0
Node 243		0.5551	1.60993	0.0	0.0	0.0	0.0	0.9689	0.0	1.3481999999999998	0.0	0.86319	0.77967	0.8886	1.64634	0.0	0.0	0.50058	0.66809	0.52026	0.0	0.0	0.0	0.0
Node 149		0.0	0.0	0.96711	1.34436	1.57026	1.47696	0.0	0.0	0.62443	0.0	3.3117300000000003	0.0	1.13954	0.86985	1.3807699999999998	0.0	0.64849	0.0	0.0	0.0	0.0	0.0	0.0
Node 241		0.0	0.0	0.0	0.0	0.67791	0.85022	0.0	0.8216899999999999	1.18445	1.7050800000000002	0.88589	0.7605200000000001	1.39936	0.0	0.0	0.0	1.60441	1.5491599999999999	0.0	0.0	0.0	0.0	0.0
Node 302		0.0	0.7946099999999999	0.84776	0.7056899999999999	0.66248	0.0	0.0	0.0	0.7065100000000001	0.0	0.0	0.0	0.8886	0.0	0.6262099999999999	0.64723	0.0	0.0	1.48101	0.0	0.0	0.0	0.0
Node 375		2.52404	0.62761	0.0	0.0	1.34039	0.57417	1.40069	0.8216899999999999	0.0	0.57091	0.0	0.72765	0.8886	0.67614	0.94875	0.64723	0.0	0.9405600000000001	0.0	0.0	0.0	0.0	0.0
Node 87		2.0909299999999997	2.74674	0.0	0.0	0.7591600000000001	0.70121	3.40833	0.0	0.7963899999999999	0.8962100000000001	1.45897	0.0	0.0	0.0	0.75456	0.7721600000000001	0.0	0.66809	0.0	0.0	0.0	0.0	0.0
Node 178		1.4934100000000001	2.3699399999999997	0.84776	2.0998200000000002	0.0	0.0	0.0	0.0	0.60878	0.57091	0.0	0.54957	0.8667400000000001	0.83643	0.0	0.0	0.7793300000000001	0.0	0.0	0.0	0.0	0.0	0.0
Node 72		0.0	0.0	0.0	1.6085599999999998	0.0	0.8849400000000001	0.0	0.8216899999999999	0.62443	0.9175900000000001	0.86647	0.7605200000000001	0.95444	1.84005	0.66524	1.55619	0.50058	0.0	0.0	0.0	0.0	0.0	0.0
Node 121		0.8004000000000001	0.0	1.7091399999999999	1.64012	1.34039	1.2832400000000002	0.0	0.54649	0.0	0.8962100000000001	0.69739	0.0	0.8793300000000001	2.40285	0.0	0.0	0.0	1.28529	0.96075	0.0	0.0	0.0	0.0
Node 330		1.24811	0.0	0.0	1.8688799999999999	0.0	0.0	0.0	0.0	1.2665300000000002	0.0	0.95784	0.77967	2.4038899999999996	0.0	0.0	1.6037599999999999	0.0	0.0	0.96075	0.0	0.0	0.0	0.0
Node 200		0.0	0.0	0.55987	0.0	0.6689299999999999	0.0	0.0	0.0	0.0	0.9175900000000001	0.62207	0.77967	1.55133	0.0	0.0	0.0	0.0	0.0	0.0	0.0	0.0	0.0	0.0
Node 15		0.0	0.0	1.4085	0.0	0.66248	0.0	0.0	0.0	0.7065100000000001	0.8962100000000001	0.0	0.0	1.55133	0.0	0.7669699999999999	0.0	0.90246	0.0	0.0	0.0	0.0	0.0	0.0
Node 190		1.6376499999999998	0.0	0.0	0.5147900000000001	0.0	0.57417	0.0	0.0	0.0	1.4791800000000002	0.95784	1.72082	1.36332	0.9702000000000001	1.5016399999999999	1.6037599999999999	1.40304	1.9533800000000001	0.0	0.0	0.0	0.0	0.0
Node 246		0.0	0.94772	0.0	0.0	2.91065	1.09853	1.73325	1.68058	0.0	1.46712	0.0	0.7605200000000001	0.0	0.0	0.6262099999999999	0.0	1.40304	0.0	0.0	0.0	0.0	0.0	0.0
Node 103		0.8004000000000001	0.8167000000000001	0.0	0.0	0.0	0.50749	0.9689	1.68058	0.0	0.0	0.0	0.89285	1.72876	1.42042	0.73392	0.0	0.0	0.66809	0.96075	0.0	0.0	0.0	0.0
Node 161		0.5405	0.7946099999999999	0.84863	0.0	2.53976	0.0	0.0	2.96321	0.64169	0.77788	0.69739	1.50732	0.51076	1.5248	1.54067	0.5996600000000001	0.0	0.6086	0.0	0.0	0.0	0.0	0.0
Node 98		2.22884	0.0	0.8605099999999999	1.56653	0.67791	0.0	0.0	0.0	2.1806900000000002	0.0	0.0	1.27722	0.0	0.0	0.0	0.0	0.64849	0.0	0.0	0.0	0.0	0.0	0.0
Node 93		0.0	0.0	1.70827	0.0	0.0	0.57417	0.0	0.0	0.56002	0.8141799999999999	0.57429	0.76214	0.51076	1.81886	0.94875	1.24689	1.8978	1.40984	0.0	0.0	0.0	0.0	0.0
Node 146		0.5551	0.0	2.27495	0.8761	1.57026	2.01303	0.0	0.68464	0.0	0.0	1.5605799999999999	0.0	1.36332	0.0	1.90922	0.0	0.64849	0.95679	0.0	0.0	0.0	0.0	0.0
Node 325		0.69301	0.0	0.84863	1.64012	0.67791	1.42439	0.0	0.0	0.0	0.0	0.0	0.7605200000000001	0.0	0.0	0.0	0.0	0.0	0.0	0.0	0.0	0.0	0.0	0.0
Node 144		0.0	0.9823200000000001	0.0	0.0	0.0	0.57417	0.0	0.67153	0.64169	1.1325	0.95784	1.50732	0.0	0.9702000000000001	2.1758699999999997	0.0	0.0	2.22585	0.0	0.0	0.0	0.0	0.0
Node 154		0.0	0.8167000000000001	0.0	1.8688799999999999	1.34684	0.0	0.0	0.0	0.62443	1.6740899999999999	0.62207	0.0	0.0	1.6850899999999998	0.6262099999999999	0.9565300000000001	0.90246	0.0	0.0	0.0	0.0	0.0	0.0
Node 272		0.0	0.0	0.0	2.51622	0.0	1.09853	0.9689	0.0	0.7065100000000001	0.0	0.88589	0.0	0.51076	0.8486600000000001	0.94875	0.0	1.64383	0.0	0.96075	0.0	0.0	0.0	0.0
Node 307		0.69301	0.94772	0.0	0.7056899999999999	1.34684	0.0	0.0	0.0	0.64169	0.0	0.88468	0.0	0.0	0.0	0.0	0.9565300000000001	0.90246	0.9405600000000001	0.52026	0.0	0.0	0.0	0.0
Node 30		0.0	1.93004	1.70827	0.0	1.33141	0.0	0.9969399999999999	0.0	0.75987	0.9175900000000001	0.86319	1.51071	1.53715	0.9702000000000001	0.0	0.0	0.0	2.3054	0.0	0.0	0.0	0.0	0.0
Node 401		1.4934100000000001	0.0	2.17902	0.62758	0.66248	0.0	0.0	0.0	0.0	0.0	0.0	0.0	0.68459	0.8486600000000001	0.0	0.64723	1.19371	0.9405600000000001	0.96075	0.0	0.0	0.0	0.0
Node 344		1.0956000000000001	0.94772	0.84863	1.35303	2.3384	0.70121	1.67508	0.0	0.0	1.46712	0.0	0.72765	0.0	0.9702000000000001	0.0	0.5996600000000001	0.95592	0.0	1.48101	0.0	0.0	0.0	0.0
Node 370		0.5551	0.94772	0.84776	0.5147900000000001	0.0	0.85022	0.95577	0.0	1.42906	0.0	0.95784	0.0	2.08395	0.0	1.7033099999999999	0.74475	0.90246	0.0	0.0	0.0	0.0	0.0	0.0
Node 108		0.5405	1.93004	0.76458	0.7467900000000001	2.24817	0.70121	0.0	0.53518	0.0	0.77788	1.75115	0.0	0.8667400000000001	0.67519	1.57496	0.0	0.0	0.0	0.0	0.0	0.0	0.0	0.0
Node 7		0.5551	0.9823200000000001	0.8605099999999999	1.35303	0.66248	0.7757499999999999	0.0	0.0	0.0	0.0	0.88468	3.4400899999999996	2.08395	0.0	0.0	0.5996600000000001	0.0	0.0	0.0	0.0	0.0	0.0	0.0
Node 338		0.5551	0.9823200000000001	0.84776	1.69847	0.7591600000000001	0.0	0.9689	0.8216899999999999	0.0	0.8962100000000001	2.4841599999999997	0.0	0.0	1.42042	1.7157200000000001	0.64723	0.0	0.67669	0.52026	0.0	0.0	0.0	0.0
Node 119		1.0956000000000001	1.7644199999999999	0.84776	0.0	0.6689299999999999	0.0	0.71931	0.54649	1.5755499999999998	0.0	0.0	0.0	0.8886	0.6975699999999999	0.0	0.0	0.9953399999999999	0.0	0.0	0.0	0.0	0.0	0.0
Node 52		0.0	0.94772	0.0	3.06932	0.0	0.70121	0.0	0.0	0.0	0.57091	1.65523	0.0	0.68459	0.8486600000000001	0.94875	0.0	0.50058	0.72652	0.0	0.0	0.0	0.0	0.0
Node 233		0.0	0.8167000000000001	0.8605099999999999	1.5234400000000001	0.0	0.70121	2.69726	0.0	0.0	0.0	0.0	1.50732	0.68459	0.58399	0.66524	0.64723	0.0	0.0	0.0	0.0	0.0	0.0	0.0
Node 336		1.3555	0.0	0.0	0.0	0.66248	0.0	0.0	2.4055400000000002	0.7065100000000001	0.0	0.0	0.89285	0.8667400000000001	0.0	0.6262099999999999	0.9565300000000001	0.9953399999999999	0.0	0.0	0.0	0.0	0.0	0.0
Node 432		0.69301	0.62761	0.0	0.62758	0.7591600000000001	0.0	0.9689	0.0	0.56002	3.1178500000000002	0.88468	0.0	1.1953500000000001	0.9702000000000001	0.0	0.64723	0.0	0.66809	0.0	0.0	0.0	0.0	0.0
Node 61		0.5551	0.0	0.0	0.64734	1.42164	0.8849400000000001	1.73325	0.0	0.0	0.87682	0.0	0.0	0.51076	0.8486600000000001	1.57496	0.0	0.50058	0.72652	0.0	0.0	0.0	0.0	0.0
Node 197		1.3409	0.7946099999999999	0.0	1.64012	0.0	2.16032	0.0	1.7692800000000002	0.56002	0.57091	0.0	0.0	1.39936	0.9702000000000001	0.0	0.0	0.0	0.72652	0.52026	0.0	0.0	0.0	0.0
Node 136		0.8004000000000001	0.9823200000000001	0.84863	0.7056899999999999	0.67791	1.55143	0.0	0.0	0.0	0.77788	1.72966	2.67056	0.0	0.0	0.6262099999999999	0.5996600000000001	0.90246	0.0	0.0	0.0	0.0	0.0	0.0
Node 10		0.73543	1.79902	1.7091399999999999	0.0	0.66248	1.43886	0.0	0.6485099999999999	0.0	0.0	1.58207	0.0	0.0	1.66777	2.30888	1.24689	0.90246	1.3447799999999999	0.0	0.0	0.0	0.0	0.0
Node 189		0.69301	0.0	0.0	0.7056899999999999	0.7591600000000001	1.03185	0.9969399999999999	0.91039	0.56002	0.9272	0.88468	0.0	0.68459	1.5674199999999998	0.94875	0.0	0.0	0.72652	0.0	0.0	0.0	0.0	0.0
Node 130		2.76934	0.7946099999999999	0.84863	1.69847	0.0	0.0	1.68821	0.0	0.0	0.8962100000000001	0.69739	0.0	0.0	0.7654700000000001	0.0	0.9269400000000001	0.0	0.72652	0.0	0.0	0.0	0.0	0.0
Node 82		0.0	0.8167000000000001	2.17308	0.7467900000000001	0.0	0.57417	0.0	0.67153	0.0	1.46712	0.86647	0.0	1.1953500000000001	0.9702000000000001	0.7669699999999999	0.0	0.90246	1.60865	0.0	0.0	0.0	0.0	0.0
Node 310		0.0	0.0	0.0	1.69847	0.0	0.57417	0.0	0.6485099999999999	0.64169	0.0	1.58207	0.0	0.0	0.72495	0.0	0.5996600000000001	0.90246	0.0	0.0	0.0	0.0	0.0	0.0
Node 396		0.0	1.96957	0.0	0.7056899999999999	0.0	0.0	0.76435	1.5819199999999998	1.2332100000000001	0.8141799999999999	0.57429	0.0	0.8886	0.9702000000000001	0.66524	0.0	0.90246	0.0	0.0	0.0	0.0	0.0	0.0
Node 123		0.5405	0.7946099999999999	0.0	1.64012	0.67791	0.0	1.71625	0.8216899999999999	0.56002	1.38104	1.72966	0.99317	1.36332	0.6975699999999999	0.75456	1.55619	2.50687	0.0	0.0	0.0	0.0	0.0	0.0
Node 105		0.0	1.80395	0.0	1.6228900000000002	1.43707	0.70121	0.0	0.0	1.4380799999999998	0.0	0.88589	0.0	0.95444	0.0	0.66524	0.0	0.9953399999999999	0.0	0.0	0.0	0.0	0.0	0.0
Node 187		0.69301	1.93004	0.0	0.0	0.67791	0.52436	0.0	0.0	2.06044	1.46712	0.0	0.77967	1.39936	0.0	0.66524	0.5996600000000001	0.90246	0.0	0.0	0.0	0.0	0.0	0.0
Node 216		0.0	0.0	0.8605099999999999	0.7056899999999999	2.91065	0.0	1.73325	0.0	0.0	0.57091	0.95784	0.0	1.63903	0.67614	0.0	0.7721600000000001	0.0	1.66708	0.0	0.0	0.0	0.0	0.0
Node 406		0.69301	0.62761	0.0	0.9695	0.0	0.57417	0.0	0.0	0.62443	0.0	0.88468	0.0	1.72876	0.83643	0.0	0.64723	2.39838	0.0	0.0	0.0	0.0	0.0	0.0
Node 152		1.0956000000000001	0.8167000000000001	0.0	0.0	0.67791	0.0	0.0	0.8216899999999999	0.7065100000000001	0.77788	0.0	1.6205	2.70978	0.0	0.0	0.0	0.0	0.6086	0.0	0.0	0.0	0.0	0.0
Node 282		1.42844	1.80395	0.0	1.69847	0.0	0.73765	0.0	0.91039	0.62443	1.46712	0.0	0.72765	0.51076	0.9702000000000001	2.34193	0.0	0.50058	0.66809	0.0	0.0	0.0	0.0	0.0
Node 69		0.69301	0.0	0.0	0.0	0.0	0.50749	0.76435	0.8216899999999999	0.56002	0.0	0.0	0.0	0.8886	1.70628	0.94875	0.9565300000000001	1.40304	2.3351699999999997	0.0	0.0	0.0	0.0	0.0
Node 366		1.3409	0.9823200000000001	0.0	2.44526	0.0	0.0	0.9689	1.45688	0.62443	0.0	0.0	0.0	1.50881	1.80663	0.94875	0.64723	1.8978	0.66809	0.0	0.0	0.0	0.0	0.0
Node 127		0.0	0.94772	0.84863	0.7056899999999999	1.34039	1.03185	0.0	0.0	0.62443	0.81013	0.86319	0.0	0.95444	1.42042	0.94875	0.9565300000000001	0.6931299999999999	0.67669	0.0	0.0	0.0	0.0	0.0
Node 252		1.0956000000000001	0.94772	0.55987	0.0	2.24817	2.20014	0.0	0.0	0.0	0.81013	0.0	0.0	0.82141	1.81886	0.0	0.5996600000000001	0.0	0.0	0.0	0.0	0.0	0.0	0.0
Node 257		0.73543	0.0	0.0	0.0	0.0	0.0	0.0	0.0	2.01955	0.87682	1.58328	0.7605200000000001	1.1953500000000001	0.83643	0.6262099999999999	0.0	1.40304	0.0	0.0	0.0	0.0	0.0	0.0
Node 394		1.27593	0.94772	0.0	0.0	0.0	1.2087	0.0	0.0	0.56002	1.46712	0.0	0.0	0.0	0.58399	0.0	0.0	1.4959200000000001	0.0	0.52026	0.0	0.0	0.0	0.0
Node 305		1.2335099999999999	0.7946099999999999	0.84863	0.0	0.66248	0.0	0.9689	0.0	0.60878	0.0	1.58207	0.0	0.8886	0.0	0.0	0.9565300000000001	0.90246	1.9533800000000001	0.0	0.0	0.0	0.0	0.0
Node 247		0.8004000000000001	0.8167000000000001	0.84863	0.0	0.0	2.0013199999999998	0.0	0.91039	1.44706	0.57091	0.0	1.72082	0.8667400000000001	0.86985	0.94875	2.20342	0.64849	0.0	0.0	0.0	0.0	0.0	0.0
Node 139		0.5551	0.9823200000000001	1.4085	0.0	0.66248	1.35771	1.73325	0.91039	1.5029000000000001	0.77788	0.0	0.0	2.4038899999999996	0.0	0.0	0.9565300000000001	0.6931299999999999	0.95679	0.0	0.0	0.0	0.0	0.0
Node 445		0.8004000000000001	0.0	0.0	1.35303	1.34039	0.0	0.0	0.91039	0.0	0.0	1.46434	0.0	0.68459	0.9702000000000001	0.94875	1.24689	1.55095	0.0	0.0	0.0	0.0	0.0	0.0
Node 427		0.0	0.94772	0.84863	1.45248	0.0	0.85022	1.73325	0.8216899999999999	0.62443	1.46712	0.69739	0.0	0.95444	0.86985	2.1758699999999997	0.0	1.60441	0.72652	0.0	0.0	0.0	0.0	0.0
Node 188		1.4934100000000001	1.60993	0.0	0.0	0.67791	0.70121	0.0	1.7692800000000002	0.0	1.691	0.88468	0.77967	1.4652	0.0	0.7669699999999999	2.40936	0.0	0.66809	0.0	0.0	0.0	0.0	0.0
Node 219		0.5551	0.0	0.0	0.99278	0.0	0.57417	0.0	0.0	1.9726299999999999	0.0	0.0	0.54957	0.0	0.0	0.75456	0.0	0.0	0.0	0.0	0.0	0.0	0.0	0.0
Node 50		0.0	2.74674	0.0	0.62758	0.0	0.85022	0.63634	0.85889	0.7065100000000001	0.0	0.0	0.77967	2.70051	0.0	0.7669699999999999	0.55418	0.0	0.0	0.0	0.0	0.0	0.0	0.0
Node 141		0.0	0.9823200000000001	0.0	0.99278	1.33141	2.13346	0.0	0.8216899999999999	0.0	0.57091	0.0	0.54957	0.8667400000000001	0.0	0.6262099999999999	1.6037599999999999	0.5581	0.66809	0.0	0.0	0.0	0.0	0.0
Node 76		0.8004000000000001	0.0	0.0	1.64012	0.0	0.0	0.76435	0.8216899999999999	0.7405499999999999	1.6740899999999999	0.0	0.76214	0.0	0.0	0.0	0.64723	0.0	0.66809	0.0	0.0	0.0	0.0	0.0
Node 430		0.0	0.9823200000000001	0.0	1.39089	0.0	1.58615	0.9969399999999999	0.6485099999999999	0.7065100000000001	0.0	1.82431	0.72765	0.68459	0.58399	1.57496	0.9565300000000001	0.64849	0.6086	0.0	0.0	0.0	0.0	0.0
Node 104		0.0	0.0	1.41444	0.99278	0.0	0.52436	0.0	0.0	0.0	0.77788	0.88468	0.0	0.0	0.0	1.7157200000000001	0.0	0.0	1.9533800000000001	0.0	0.0	0.0	0.0	0.0
Node 320		0.0	0.94772	0.55987	0.99278	0.66248	0.0	0.71931	0.0	0.0	1.44773	0.0	0.72765	0.0	0.9702000000000001	1.4235	1.24689	1.4959200000000001	0.0	0.0	0.0	0.0	0.0	0.0
Node 60		1.24811	0.0	0.0	0.0	0.0	0.70121	0.0	0.0	1.33094	0.57091	0.88468	0.77967	0.68459	0.0	0.0	1.55619	0.0	0.67669	0.96075	0.0	0.0	0.0	0.0
Node 84		0.0	1.74233	0.0	1.5075699999999999	0.7591600000000001	0.0	2.71706	0.0	0.56002	0.0	0.88468	0.0	0.8667400000000001	0.0	0.6262099999999999	0.0	0.0	0.0	0.0	0.0	0.0	0.0	0.0
Node 441		0.0	0.0	0.0	2.38691	0.66248	1.65553	0.0	1.73401	0.7065100000000001	0.0	0.0	0.0	0.0	1.7185099999999998	0.0	1.24689	1.4278199999999999	0.0	0.0	0.0	0.0	0.0	0.0
Node 258		1.7886099999999998	0.0	0.0	1.75604	0.0	2.5754900000000003	0.0	1.69681	0.7963899999999999	0.0	2.61434	0.0	0.0	0.9702000000000001	0.6262099999999999	1.55619	0.0	0.0	0.0	0.0	0.0	0.0	0.0
Node 265		0.69301	1.74233	0.55987	1.64012	0.80783	0.0	0.0	0.0	1.2665300000000002	0.8962100000000001	0.69739	0.72765	0.0	0.0	0.0	0.0	0.0	0.0	0.0	0.0	0.0	0.0	0.0
Node 319		1.8960000000000001	1.77693	1.70827	0.64734	1.34039	0.57417	0.9969399999999999	0.0	1.2017099999999998	0.0	0.0	0.0	2.93651	0.0	0.0	0.0	0.0	0.0	0.0	0.0	0.0	0.0	0.0
Node 435		0.0	0.94772	0.0	0.7056899999999999	0.0	0.85022	0.0	1.49322	0.0	1.7050800000000002	1.82103	0.0	0.65625	0.0	0.0	1.55619	0.0	2.33417	0.0	0.0	0.0	0.0	0.0
Node 36		2.22884	0.94772	0.0	0.0	0.7591600000000001	0.52436	0.0	0.0	1.26612	0.0	0.0	0.72765	1.50881	0.83643	1.57496	0.5996600000000001	2.71149	0.67669	0.0	0.0	0.0	0.0	0.0
Node 301		0.0	0.9823200000000001	0.0	1.58179	0.99614	1.55143	0.9689	0.7636999999999999	1.49347	0.0	0.0	0.0	0.8667400000000001	0.0	0.94875	0.0	0.0	0.0	0.0	0.0	0.0	0.0	0.0
Node 117		1.7886099999999998	0.0	0.84863	0.99278	0.0	0.0	0.0	0.0	0.0	0.0	0.0	0.0	0.0	0.0	0.0	0.0	0.0	0.72652	0.98634	0.0	0.0	0.0	0.0
Node 80		0.0	0.7946099999999999	0.0	0.0	0.7591600000000001	0.57417	0.0	0.91039	1.07628	0.0	0.0	1.27722	0.68459	0.0	1.96465	0.7721600000000001	0.0	0.9405600000000001	0.0	0.0	0.0	0.0	0.0
Node 360		1.53583	2.2389200000000002	0.0	1.27492	0.0	0.0	1.96584	0.8216899999999999	0.62443	0.0	0.0	0.77967	1.1953500000000001	0.0	0.0	0.5996600000000001	0.0	0.6086	0.0	0.0	0.0	0.0	0.0
Node 490		0.69301	1.93004	0.0	1.35303	0.90133	1.03185	1.96584	0.67153	1.3481999999999998	0.0	0.0	0.0	1.4652	0.0	0.0	0.0	1.64383	0.9405600000000001	0.0	0.0	0.0	0.0	0.0
Node 313		1.45732	0.94772	0.84863	0.64734	0.6689299999999999	0.0	0.0	0.91039	1.3481999999999998	0.57091	0.0	0.0	0.51076	0.0	1.57496	0.9565300000000001	1.8978	0.0	0.0	0.0	0.0	0.0	0.0
Node 35		0.0	0.62761	0.0	0.0	0.7591600000000001	0.50749	0.96401	0.7636999999999999	1.2665300000000002	0.57091	0.88468	0.76214	0.8886	1.81886	2.04601	0.0	0.0	0.6086	0.0	0.0	0.0	0.0	0.0
Node 229		1.24811	0.7946099999999999	0.84863	1.69847	0.66248	0.70121	0.0	0.0	0.7065100000000001	0.0	0.69739	0.0	0.0	2.2303300000000004	0.6262099999999999	0.0	0.0	0.95679	0.0	0.0	0.0	0.0	0.0
Node 289		0.0	0.0	0.0	0.0	0.0	0.70121	0.66374	0.8216899999999999	1.44706	0.8962100000000001	0.62207	0.72765	0.52107	1.51257	0.73392	0.5996600000000001	1.40304	1.9533800000000001	0.0	0.0	0.0	0.0	0.0
Node 83		0.69301	0.0	0.0	1.64012	0.7591600000000001	0.0	1.96584	0.85889	1.33094	0.0	0.88468	0.0	2.93651	0.0	1.54067	0.0	0.90246	0.0	0.96075	0.0	0.0	0.0	0.0
Node 239		0.5551	1.58086	0.0	1.8688799999999999	0.66248	0.0	0.0	0.67153	0.0	0.0	0.0	0.72765	0.0	0.8486600000000001	2.36391	0.0	0.50058	0.72652	0.96075	0.0	0.0	0.0	0.0
Node 86		0.0	0.94772	0.0	0.99278	0.66248	0.0	0.69389	0.0	0.7065100000000001	0.77788	0.95784	0.0	0.8793300000000001	0.0	0.0	0.0	2.54629	0.0	0.0	0.0	0.0	0.0	0.0
Node 404		0.69301	0.94772	0.0	1.39413	0.0	2.13346	0.0	1.5819199999999998	0.0	0.0	0.88468	0.77967	0.0	0.0	1.29145	0.64723	0.0	0.9405600000000001	0.0	0.0	0.0	0.0	0.0
Node 361		1.0956000000000001	1.93004	0.0	0.0	0.0	0.0	1.71625	0.0	0.7065100000000001	0.0	1.74787	0.77967	1.71001	1.81886	0.6262099999999999	0.0	0.0	1.66608	0.0	0.0	0.0	0.0	0.0
Node 31		0.73543	0.8167000000000001	0.8605099999999999	2.0998200000000002	0.0	1.2087	0.0	0.0	0.0	0.0	0.0	0.72765	0.51076	0.0	0.0	0.0	0.0	0.66809	0.0	0.0	0.0	0.0	0.0
Node 463		0.5551	0.94772	0.84863	0.0	0.7591600000000001	0.57417	0.9689	0.0	0.0	0.0	0.0	0.0	0.8667400000000001	0.0	0.0	0.9565300000000001	0.6931299999999999	0.0	0.0	0.0	0.0	0.0	0.0
Node 315		1.0956000000000001	0.8167000000000001	0.0	2.3458099999999997	0.57377	1.43886	0.0	0.8216899999999999	0.0	0.0	0.88468	0.77967	0.0	1.26013	1.36013	0.5996600000000001	0.0	1.40321	0.0	0.0	0.0	0.0	0.0
Node 6		0.0	1.93497	0.84863	0.0	1.34039	0.0	0.0	0.7636999999999999	0.0	0.0	2.1826499999999998	0.77967	1.4652	0.67614	0.0	1.55619	0.50058	0.66809	0.0	0.0	0.0	0.0	0.0
Node 280		1.42844	0.0	0.0	0.0	1.34039	0.0	0.0	0.0	0.7963899999999999	1.61443	0.0	0.0	0.8793300000000001	0.8486600000000001	0.0	0.55418	0.50058	0.67669	0.0	0.0	0.0	0.0	0.0
Node 318		0.5405	0.0	0.55987	0.7467900000000001	0.0	0.57417	0.9689	0.0	0.0	0.0	0.0	0.0	0.95444	0.83643	0.0	0.0	0.0	0.66809	0.0	0.0	0.0	0.0	0.0
Node 116		0.73543	0.9823200000000001	0.0	0.64734	1.5792400000000002	2.21461	0.0	1.5304200000000001	0.56002	0.8962100000000001	0.95784	0.0	1.63903	0.86985	0.0	0.0	0.50058	0.66809	0.0	0.0	0.0	0.0	0.0
Node 349		0.0	0.0	0.0	0.64734	0.0	0.0	0.0	0.0	0.0	1.7050800000000002	1.5605799999999999	1.27722	0.68459	0.9702000000000001	0.75456	0.5996600000000001	0.0	0.0	0.0	0.0	0.0	0.0	0.0
Node 488		0.0	1.79902	0.0	0.7467900000000001	0.0	0.73765	0.0	0.0	0.62443	0.8141799999999999	0.0	1.50732	0.68459	0.0	1.6139899999999998	0.0	3.54685	0.0	0.0	0.0	0.0	0.0	0.0
Node 399		1.95279	0.0	1.61321	0.0	0.0	0.50749	0.0	0.0	0.7963899999999999	0.0	0.86647	0.0	0.8886	0.86985	0.6262099999999999	0.0	0.0	0.0	0.0	0.0	0.0	0.0	0.0
Node 101		0.0	0.78625	0.0	0.99278	0.0	0.70121	0.0	0.0	0.0	0.8962100000000001	0.88468	0.0	1.4652	0.8486600000000001	1.7157200000000001	0.64723	0.90246	0.0	0.0	0.0	0.0	0.0	0.0
Node 279		0.0	0.9823200000000001	0.0	0.0	0.0	2.2297000000000002	1.93291	1.5819199999999998	0.0	0.8962100000000001	0.62207	0.0	1.39936	0.86985	0.0	0.0	1.40304	0.0	0.0	0.0	0.0	0.0	0.0
Node 16		1.2335099999999999	0.0	0.55987	0.99278	0.6689299999999999	3.5755000000000003	0.76435	1.52363	0.75987	0.0	0.86319	0.7605200000000001	0.95444	1.70628	0.6262099999999999	1.5858500000000002	0.69872	0.0	0.0	0.0	0.0	0.0	0.0
Node 389		0.69301	2.31815	0.76458	0.64734	0.0	0.0	0.0	0.0	0.7065100000000001	0.0	1.82103	0.7605200000000001	1.36332	1.84005	1.57496	0.0	1.4565	1.2766899999999999	0.0	0.0	0.0	0.0	0.0
Node 111		1.2335099999999999	0.98725	0.84863	0.0	0.66248	0.57417	0.0	2.0397100000000004	0.0	0.0	0.0	0.77967	1.36332	0.0	0.0	0.0	1.68847	0.0	0.0	0.0	0.0	0.0	0.0
Node 355		0.69301	0.0	0.0	0.91919	0.0	0.0	0.9689	0.0	0.0	0.0	0.88468	0.76214	1.57319	0.8486600000000001	0.75456	0.55418	1.4959200000000001	1.2766899999999999	0.0	0.0	0.0	0.0	0.0
Node 452		0.5405	0.62761	0.84863	0.99278	0.0	0.0	0.0	0.7636999999999999	1.34933	0.8962100000000001	0.86319	0.77967	0.0	0.0	0.75456	0.64723	1.40304	1.9533800000000001	0.0	0.0	0.0	0.0	0.0
Node 155		0.0	0.0	0.55987	0.62758	0.7591600000000001	1.7694999999999999	0.0	0.0	0.0	1.44773	0.86319	0.7605200000000001	1.4652	0.0	0.6262099999999999	0.9565300000000001	1.5955899999999998	0.0	0.0	0.0	0.0	0.0	0.0
Node 237		0.73543	0.0	1.69639	0.5147900000000001	0.0	0.70121	0.71931	0.54649	1.9397199999999999	0.57091	0.0	0.0	0.8793300000000001	0.0	0.6262099999999999	0.7721600000000001	0.50058	0.0	0.0	0.0	0.0	0.0	0.0
Node 29		1.24811	0.94772	1.40763	0.0	0.66248	0.0	0.0	0.67153	0.0	0.8962100000000001	0.0	0.0	0.8886	0.0	0.0	0.7721600000000001	0.90246	0.6086	0.0	0.0	0.0	0.0	0.0
Node 66		0.0	0.0	0.8605099999999999	0.7467900000000001	0.7591600000000001	0.50749	1.96584	0.0	1.2017099999999998	0.0	0.86647	0.72765	0.0	0.0	0.6262099999999999	0.64723	0.0	0.0	0.52026	0.0	0.0	0.0	0.0
Node 384		0.69301	0.0	0.55987	1.35303	0.0	0.57417	0.0	0.91039	0.0	0.0	0.0	0.0	1.39009	0.0	0.0	0.0	0.90246	0.6086	0.0	0.0	0.0	0.0	0.0
Node 362		2.07633	1.93004	1.12568	0.99278	0.80783	0.85022	2.68515	1.58539	0.60878	0.0	0.88468	0.0	0.0	0.0	0.0	0.9565300000000001	1.40304	0.0	0.0	0.0	0.0	0.0	0.0
Node 417		1.8960000000000001	0.8167000000000001	0.0	1.69847	0.0	1.35771	1.61951	0.0	0.56002	0.0	1.58207	0.0	0.8667400000000001	0.0	2.32952	0.5996600000000001	0.9953399999999999	0.67669	0.52026	0.0	0.0	0.0	0.0
Node 28		0.0	0.9823200000000001	0.0	0.0	0.0	0.0	0.76435	0.0	0.0	0.0	2.42705	0.72765	0.0	0.83643	2.2401999999999997	0.0	0.64849	0.9405600000000001	0.0	0.0	0.0	0.0	0.0
Node 232		0.69301	0.9823200000000001	0.84863	0.0	0.0	1.09853	0.0	0.0	1.33094	0.0	0.0	1.27722	0.0	0.67614	0.6262099999999999	0.0	0.90246	0.6086	0.0	0.0	0.0	0.0	0.0
Node 48		0.73543	1.52354	2.2740799999999997	0.0	0.0	0.7757499999999999	0.9689	0.0	1.40517	0.0	2.61434	0.54957	1.57319	0.86985	0.94875	0.0	0.90246	0.0	0.0	0.0	0.0	0.0	0.0
Node 324		2.22884	1.73397	0.0	2.6176600000000003	0.6689299999999999	1.31182	0.0	0.91039	0.0	0.0	1.5605799999999999	0.0	0.51076	2.68871	0.0	0.5996600000000001	0.0	1.66708	0.96075	0.0	0.0	0.0	0.0
Node 329		0.0	2.31969	0.0	0.64734	1.34684	0.0	0.0	0.0	0.56002	0.77788	0.86647	0.0	1.84304	0.8486600000000001	0.0	0.64723	1.60441	0.0	0.0	0.0	0.0	0.0	0.0
Node 462		1.3555	1.79902	0.0	0.99278	0.0	0.50749	0.9969399999999999	0.0	0.0	0.0	1.65523	0.0	1.1953500000000001	1.42042	0.0	0.9565300000000001	0.50058	0.72652	0.96075	0.0	0.0	0.0	0.0
Node 62		0.0	0.0	0.84863	1.69847	0.7591600000000001	1.27538	0.9689	0.0	1.2665300000000002	0.83655	0.95784	0.81657	0.68459	1.37371	0.0	0.64723	0.0	0.0	0.96075	0.0	0.0	0.0	0.0
Node 284		0.8004000000000001	0.0	0.0	0.0	0.66248	0.0	0.9689	0.0	1.36498	0.81013	2.42705	0.0	0.68459	0.86985	0.6262099999999999	0.0	0.0	1.3447799999999999	0.0	0.0	0.0	0.0	0.0
Node 492		0.0	0.9823200000000001	0.91919	0.0	0.0	0.0	0.0	0.67153	0.62443	1.77303	1.50796	0.0	2.14979	0.83643	0.0	1.6037599999999999	0.64849	0.0	0.0	0.0	0.0	0.0	0.0
Node 300		0.69301	0.9823200000000001	0.0	0.0	0.99614	0.70121	1.94977	0.0	0.5162599999999999	0.0	0.0	0.0	0.0	0.87123	1.29145	0.62854	0.90246	1.9533800000000001	0.0	0.0	0.0	0.0	0.0
Node 234		1.52189	2.66859	0.0	0.0	1.43707	0.8849400000000001	0.0	1.73208	2.19795	0.0	0.88468	0.0	0.95444	0.83643	1.3807699999999998	0.5996600000000001	0.9953399999999999	1.66708	0.0	0.0	0.0	0.0	0.0
Node 485		0.0	0.7946099999999999	0.84863	0.99278	0.6689299999999999	0.61477	0.0	0.0	1.26612	0.57091	0.0	0.72765	0.51076	1.83002	0.0	1.6037599999999999	0.9953399999999999	0.0	0.0	0.0	0.0	0.0	0.0
Node 205		1.0956000000000001	0.9823200000000001	1.41444	0.64734	1.42164	0.50749	0.0	0.54649	0.0	0.8962100000000001	0.69739	0.54957	2.50577	0.83643	0.75456	0.74475	0.50058	0.0	0.0	0.0	0.0	0.0	0.0
Node 138		1.3555	0.87538	0.0	0.99278	0.0	2.1256	0.0	0.0	0.64169	0.0	0.86319	0.7605200000000001	0.8793300000000001	0.9702000000000001	0.0	2.36466	1.8978	1.9533800000000001	0.0	0.0	0.0	0.0	0.0
Node 147		0.0	0.0	0.0	0.0	0.0	0.0	0.76435	0.0	0.7963899999999999	0.0	0.0	0.72765	1.82118	0.58399	0.75456	0.9565300000000001	0.95592	0.66809	0.0	0.0	0.0	0.0	0.0
Node 309		2.58901	0.0	1.70827	0.7467900000000001	0.67791	0.0	0.9969399999999999	0.0	0.64169	0.8962100000000001	0.0	0.0	0.68459	0.0	0.0	0.0	0.9953399999999999	0.0	0.0	0.0	0.0	0.0	0.0
Node 67		1.4934100000000001	0.0	1.69639	1.9089200000000002	0.6023299999999999	1.09853	0.0	0.8216899999999999	0.62443	0.0	2.1826499999999998	0.0	2.89488	1.81886	0.66524	0.5996600000000001	0.0	0.0	0.0	0.0	0.0	0.0	0.0
Node 290		0.0	1.6113100000000002	0.0	0.99278	0.0	1.42439	0.0	0.0	0.7065100000000001	0.0	0.86319	0.0	0.68459	0.58399	0.75456	0.0	1.4959200000000001	0.66809	0.96075	0.0	0.0	0.0	0.0
Node 140		0.5551	0.9823200000000001	0.84863	1.69847	0.67791	0.0	0.0	0.8216899999999999	0.62443	0.57091	0.86319	0.0	2.25192	0.0	0.0	0.0	0.69872	0.0	0.0	0.0	0.0	0.0	0.0
Node 484		1.3555	0.0	0.0	1.35303	0.0	1.42439	0.0	1.23113	0.0	1.3487900000000002	0.0	0.77967	1.39936	0.8486600000000001	0.0	0.55418	0.90246	0.66809	0.0	0.0	0.0	0.0	0.0
Node 499		1.2903	1.6113100000000002	0.84863	0.64734	1.31854	0.0	0.0	1.7692800000000002	1.2332100000000001	1.40746	0.86319	0.72765	0.62878	0.0	0.0	0.7721600000000001	0.0	0.0	0.0	0.0	0.0	0.0	0.0
Node 153		0.5405	0.0	0.0	1.64012	0.0	0.57417	0.9689	0.91039	0.7065100000000001	1.46712	0.86319	0.7605200000000001	0.0	0.67614	0.75456	0.0	0.0	0.66809	1.48101	0.0	0.0	0.0	0.0
Node 418		0.0	0.0	0.0	0.64734	0.7591600000000001	0.0	0.0	0.0	0.0	0.0	0.88468	0.72765	0.8886	0.0	0.75456	0.52618	0.0	0.67669	0.0	0.0	0.0	0.0	0.0
Node 165		0.0	0.0	0.0	0.0	1.57026	0.8849400000000001	1.6052400000000002	0.0	0.0	1.46712	1.6775200000000001	0.72765	0.8667400000000001	0.0	1.6139899999999998	0.5996600000000001	0.0	0.72652	0.0	0.0	0.0	0.0	0.0
Node 412		0.5551	2.31815	1.2465499999999998	0.99278	0.0	0.0	0.0	0.0	1.2665300000000002	1.3487900000000002	0.88468	0.0	0.0	1.7185099999999998	0.0	0.0	0.90246	0.72652	0.0	0.0	0.0	0.0	0.0
Node 405		0.8004000000000001	0.0	0.0	1.73957	0.0	1.5134	0.76435	0.0	0.0	0.0	0.0	0.0	1.55133	0.9702000000000001	2.32952	0.9565300000000001	0.0	1.60865	0.0	0.0	0.0	0.0	0.0
Node 65		0.0	0.62761	2.17308	0.99278	1.57026	0.0	0.71931	2.8755800000000002	1.2665300000000002	0.0	0.6196	0.0	0.0	1.42042	0.94875	0.0	1.68847	0.66809	0.0	0.0	0.0	0.0	0.0
Node 126		1.27593	0.94772	0.76458	1.45248	2.106	0.0	1.6052400000000002	2.19516	0.62443	0.0	1.65523	1.5787099999999998	0.0	0.0	0.0	0.0	1.40304	0.72652	0.0	0.0	0.0	0.0	0.0
Node 221		2.33066	0.8167000000000001	0.0	1.64012	0.67791	0.73765	0.0	0.0	0.0	0.0	2.37115	0.0	1.63903	0.0	0.6262099999999999	0.0	0.50058	0.0	0.0	0.0	0.0	0.0	0.0
Node 225		1.8960000000000001	0.0	0.55987	0.99278	1.34039	0.73765	0.9969399999999999	0.0	0.62443	0.0	0.0	0.0	0.0	0.9702000000000001	0.75456	0.0	0.0	0.0	0.0	0.0	0.0	0.0	0.0
Node 113		0.0	0.0	2.0892399999999998	0.0	0.0	0.85022	0.0	0.0	1.18445	0.0	0.0	0.76214	2.95069	0.58399	0.0	0.0	0.50058	0.66809	0.0	0.0	0.0	0.0	0.0
Node 4		0.0	0.0	0.84776	0.0	1.34039	1.47696	0.9689	0.0	0.0	0.0	0.0	0.0	1.39936	1.45384	0.0	0.0	0.50058	0.66809	0.0	0.0	0.0	0.0	0.0
Node 162		0.0	0.0	0.0	0.8295699999999999	0.67791	0.0	0.71931	0.53518	1.30057	0.57091	0.0	0.72765	1.7411599999999998	0.0	1.50089	0.9565300000000001	1.6490500000000001	0.0	0.0	0.0	0.0	0.0	0.0
Node 167		0.69301	0.8167000000000001	0.56581	0.0	1.34039	0.0	1.67508	0.91039	0.0	0.8962100000000001	0.0	0.89285	1.57319	3.32041	0.0	0.62854	0.0	0.6086	0.96075	0.0	0.0	0.0	0.0
Node 39		0.0	0.9823200000000001	0.0	0.99278	0.67791	0.57417	0.0	0.8216899999999999	2.4072199999999997	0.8962100000000001	0.0	0.0	2.26781	0.0	0.94875	0.0	0.0	0.6086	0.96075	0.0	0.0	0.0	0.0
Node 274		0.5551	0.94772	0.0	0.0	0.0	4.67085	0.9689	2.53298	0.7065100000000001	0.0	2.1348700000000003	0.0	0.0	1.43265	0.0	0.9565300000000001	0.50058	0.66809	0.0	0.0	0.0	0.0	0.0
Node 5		1.4934100000000001	1.6113100000000002	1.70827	0.62758	1.4280899999999999	1.24514	0.0	0.85889	0.60878	1.6740899999999999	0.0	0.0	0.51076	0.6975699999999999	0.75456	0.0	0.95592	0.0	0.0	0.0	0.0	0.0	0.0
Node 14		0.5551	0.9823200000000001	0.84863	1.35303	0.67791	0.57417	0.9689	0.0	0.0	0.8962100000000001	0.69739	0.0	0.8667400000000001	0.8486600000000001	0.0	1.55619	1.9512600000000002	0.0	0.96075	0.0	0.0	0.0	0.0
Node 174		1.0956000000000001	0.0	0.0	0.0	0.0	1.43886	0.0	0.0	0.62443	0.0	0.88468	0.89285	0.51076	0.0	0.0	0.0	0.0	1.28529	0.96075	0.0	0.0	0.0	0.0
Node 44		0.0	2.4045400000000003	0.84863	0.0	0.90133	1.7997400000000001	0.0	0.7636999999999999	0.7065100000000001	0.0	0.69739	0.72765	0.51076	0.83643	0.0	0.0	0.9953399999999999	0.0	0.0	0.0	0.0	0.0	0.0
Node 497		0.0	0.94772	1.5471199999999998	0.7056899999999999	0.0	0.7757499999999999	0.0	1.49322	0.7065100000000001	1.38104	0.62207	0.72765	1.39936	0.87123	0.75456	0.0	0.9953399999999999	0.66809	0.0	0.0	0.0	0.0	0.0
Node 92		0.5551	0.94772	0.0	0.0	2.09057	2.9013500000000003	0.9969399999999999	0.8216899999999999	1.44706	0.57091	2.44526	0.0	0.0	0.9702000000000001	1.4213099999999999	0.9565300000000001	0.90246	0.66809	0.0	0.0	0.0	0.0	0.0
Node 298		1.3555	0.62761	0.0	0.64734	0.67791	0.73765	1.76129	0.0	1.3481999999999998	0.77788	0.69739	0.0	0.68459	1.45384	0.66524	0.0	2.54629	0.9405600000000001	0.0	0.0	0.0	0.0	0.0
Node 410		1.53583	0.0	0.0	0.0	0.0	0.0	1.73325	0.0	0.7065100000000001	0.0	0.57429	0.72765	0.51076	0.86985	0.0	0.9565300000000001	1.8583800000000001	0.0	0.0	0.0	0.0	0.0	0.0
Node 171		0.69301	0.94772	0.0	0.99278	0.0	0.57417	1.76129	0.85889	0.60878	0.57091	1.27168	0.7605200000000001	1.83377	0.86985	0.94875	0.5996600000000001	0.0	0.66809	0.0	0.0	0.0	0.0	0.0
Node 17		0.0	0.7946099999999999	0.0	0.99278	0.6689299999999999	1.31182	0.0	0.67153	0.64169	0.0	0.0	0.76214	2.3538	1.5248	0.75456	0.0	0.0	0.66809	0.0	0.0	0.0	0.0	0.0
Node 202		0.0	0.0	1.7091399999999999	0.0	0.66248	0.0	0.0	0.0	0.0	0.8962100000000001	0.88468	0.0	0.51076	0.9702000000000001	0.0	0.0	0.50058	1.66708	0.0	0.0	0.0	0.0	0.0
Node 437		0.0	0.62761	0.0	1.69847	0.0	0.0	0.0	0.0	0.7065100000000001	0.77788	0.86647	1.32924	0.0	0.0	0.0	2.2532799999999997	0.9953399999999999	0.0	0.0	0.0	0.0	0.0	0.0
Node 9		0.5551	0.9823200000000001	0.8605099999999999	0.7467900000000001	2.24817	2.32718	0.9689	2.0397100000000004	0.0	0.0	0.0	0.77967	0.51076	0.87123	0.0	0.64723	0.50058	0.0	0.0	0.0	0.0	0.0	0.0
Node 106		0.5551	0.94772	0.0	0.0	1.7788499999999998	0.0	1.95271	0.0	0.62443	0.0	0.0	0.0	0.95444	0.0	0.0	0.9565300000000001	0.90246	0.0	0.0	0.0	0.0	0.0	0.0
Node 292		0.59729	0.7946099999999999	0.0	1.8688799999999999	1.34039	4.444929999999999	1.95271	0.0	0.0	0.0	0.69739	0.0	1.39936	2.2916499999999997	0.7669699999999999	2.48284	0.64849	0.0	0.0	0.0	0.0	0.0	0.0
Node 193		1.4934100000000001	0.0	0.84863	0.0	0.0	0.57417	0.9969399999999999	1.73401	1.33094	0.0	0.0	0.54957	0.0	0.0	1.57496	0.9565300000000001	1.9512600000000002	0.6086	0.52026	0.0	0.0	0.0	0.0
Node 213		0.7501599999999999	0.0	0.8605099999999999	0.8295699999999999	0.66248	0.0	0.0	0.0	0.0	2.26191	0.0	1.30074	1.1953500000000001	1.7185099999999998	1.57496	0.55418	1.55095	0.6086	0.0	0.0	0.0	0.0	0.0
Node 346		0.8004000000000001	0.0	0.0	0.5147900000000001	0.67791	0.0	0.0	0.91039	1.33094	0.8962100000000001	0.0	0.0	0.0	0.0	0.68739	0.0	0.0	0.6086	0.0	0.0	0.0	0.0	0.0
Node 340		1.7026199999999998	0.8167000000000001	0.0	3.06932	0.0	0.85022	0.0	0.0	0.0	0.57091	0.0	0.77967	0.51076	1.70628	1.29145	0.7721600000000001	0.7793300000000001	0.0	0.96075	0.0	0.0	0.0	0.0
Node 367		0.0	0.0	0.0	0.0	0.7591600000000001	0.0	0.0	0.0	0.56002	0.7572599999999999	1.74787	2.61613	0.0	0.83643	0.73392	0.55418	0.0	0.0	1.48101	0.0	0.0	0.0	0.0
Node 173		0.5405	0.94772	0.0	0.99278	0.6689299999999999	0.70121	0.9689	0.0	0.0	0.0	1.5638599999999998	0.7605200000000001	0.0	0.7654700000000001	1.44195	0.64723	1.8583800000000001	0.0	0.0	0.0	0.0	0.0	0.0
Node 487		2.52404	0.8167000000000001	1.64785	0.0	0.67791	0.85022	0.9969399999999999	0.67153	0.0	0.77788	0.0	0.0	0.51076	0.0	1.92841	0.0	0.90246	0.6086	0.0	0.0	0.0	0.0	0.0
Node 277		0.0	0.94772	0.55987	0.0	0.0	0.50749	2.68515	0.67153	0.8690399999999999	0.0	0.0	0.0	1.57319	0.83643	0.7669699999999999	0.0	0.0	1.5653899999999998	0.0	0.0	0.0	0.0	0.0
Node 249		2.58901	0.7946099999999999	0.84863	0.0	0.0	0.0	0.9689	0.0	0.0	0.0	0.0	0.81657	0.0	0.83643	0.6262099999999999	0.0	0.9953399999999999	0.66809	0.0	0.0	0.0	0.0	0.0
Node 253		0.5405	0.0	0.0	0.99278	0.0	0.0	0.76435	0.0	0.62443	0.9272	2.6875	0.0	0.68459	0.9702000000000001	1.6826699999999999	1.5266	0.0	0.0	0.0	0.0	0.0	0.0	0.0
Node 409		0.0	2.56727	0.84863	0.7056899999999999	0.66248	1.58615	1.67508	0.67153	0.0	0.57091	0.69739	1.7728399999999997	0.95444	0.9702000000000001	1.3807699999999998	0.5996600000000001	0.0	0.66809	0.0	0.0	0.0	0.0	0.0
Node 382		0.96679	0.94772	0.55987	0.0	2.0394	1.22557	1.71625	1.59503	0.0	0.0	1.5605799999999999	0.0	1.55133	0.9702000000000001	1.57496	0.0	0.90246	0.67669	0.0	0.0	0.0	0.0	0.0
Node 483		1.0956000000000001	0.0	0.84863	2.27023	0.0	0.0	0.0	1.73208	1.46638	0.8962100000000001	0.95784	1.32924	0.0	0.0	0.0	0.0	0.0	0.0	0.96075	0.0	0.0	0.0	0.0
Node 182		1.8960000000000001	0.0	0.0	2.3458099999999997	0.0	0.0	0.0	0.91039	0.56002	0.0	0.88468	1.65499	0.68459	1.87598	0.6262099999999999	1.6037599999999999	0.9953399999999999	0.67669	0.0	0.0	0.0	0.0	0.0
Node 194		0.5405	1.75522	0.84863	0.0	1.57026	0.0	0.0	0.67153	0.0	0.0	0.0	0.0	0.0	1.81886	0.0	1.55619	0.0	0.66809	0.96075	0.0	0.0	0.0	0.0
Node 353		0.5551	2.72465	0.55987	0.8295699999999999	0.0	0.0	0.9689	0.0	0.0	0.83655	0.0	2.53498	0.51076	0.58399	0.75456	0.9565300000000001	0.0	1.2766899999999999	0.0	0.0	0.0	0.0	0.0
Node 210		0.0	0.9823200000000001	0.84776	2.15491	0.0	1.42439	0.0	0.0	1.33094	1.7327599999999999	0.88468	0.0	0.0	0.0	1.29145	0.0	0.0	0.0	0.0	0.0	0.0	0.0	0.0
