Node 136		1.69289	0.0	0.56581	0.8761	0.0	0.0	0.76435	0.0	1.26612	0.0	0.86647	0.0	0.0	2.6764799999999997	0.0	0.0	0.90246	0.6086	0.52026	0.0	0.0	0.0	0.0
Node 325		1.69289	0.62761	0.0	0.8761	2.09057	0.70121	0.9689	0.7636999999999999	0.7963899999999999	0.57091	0.0	1.75531	0.65625	0.0	0.94875	0.64723	0.9953399999999999	0.0	0.0	0.0	0.0	0.0	0.0
Node 200		0.59729	0.62761	0.0	2.0217099999999997	2.09057	0.50749	1.96176	1.58539	0.62443	0.8962100000000001	0.88468	1.67252	0.0	1.7076600000000002	2.44964	1.55619	1.9512600000000002	0.6086	0.0	0.0	0.0	0.0	0.0
Node 157		0.0	1.44431	0.0	0.62758	0.66248	0.70121	0.71931	1.49322	1.27613	2.25537	2.5217	0.0	0.8886	1.5248	0.0	0.9565300000000001	0.0	1.66708	0.0	0.0	0.0	0.0	0.0
Node 28		0.69301	1.42222	1.12568	0.0	1.4280899999999999	0.70121	1.68821	0.8216899999999999	1.18445	0.8962100000000001	0.0	1.54019	0.0	0.0	2.3479099999999997	0.0	0.0	0.0	0.0	0.0	0.0	0.0	0.0
Node 234		0.69301	0.94772	0.0	0.0	0.6689299999999999	1.3001099999999999	0.93756	0.0	0.7963899999999999	0.9272	0.0	0.7605200000000001	1.61069	0.0	0.0	0.7721600000000001	0.6931299999999999	1.28529	1.06127	0.0	0.0	0.0	0.0
Node 47		0.69301	0.8167000000000001	4.10041	1.91197	0.65606	0.0	0.0	0.7636999999999999	0.75987	0.0	0.0	0.77967	2.3538	0.9702000000000001	0.0	0.9565300000000001	0.90246	0.0	0.52026	0.0	0.0	0.0	0.0
Node 347		0.9022199999999999	0.9823200000000001	0.84863	0.0	2.09057	0.0	2.93066	0.0	1.95434	1.65347	1.75115	0.0	0.68459	0.0	0.94875	0.5996600000000001	0.9953399999999999	0.0	0.0	0.0	0.0	0.0	0.0
Node 343		0.0	0.98725	0.0	0.0	1.34684	1.6404999999999998	1.48366	0.7636999999999999	0.62443	0.9272	0.0	1.6205	0.0	0.0	1.5215299999999998	0.9565300000000001	0.95592	0.0	0.52026	0.0	0.0	0.0	0.0
Node 233		0.69301	0.9823200000000001	0.0	0.0	0.0	1.22557	1.71625	0.0	0.7963899999999999	0.57091	1.48607	0.0	0.0	0.86985	1.57496	0.0	0.90246	0.67669	0.0	0.0	0.0	0.0	0.0
Node 350		0.0	0.94772	0.8605099999999999	0.62758	2.09955	1.55143	0.9689	1.7692800000000002	0.0	2.18534	0.86319	0.7605200000000001	1.84304	0.0	0.0	0.64723	0.64849	1.3447799999999999	0.96075	0.0	0.0	0.0	0.0
Node 436		0.73543	0.9823200000000001	1.4085	0.0	0.65606	0.0	1.76129	0.0	0.56002	0.0	0.6196	0.0	0.0	2.68871	3.4292999999999996	0.9565300000000001	0.0	1.66608	0.52026	0.0	0.0	0.0	0.0
Node 110		0.0	0.94772	1.52698	0.0	0.0	1.09853	0.9969399999999999	0.8216899999999999	0.0	0.0	1.74787	0.89285	0.0	3.13893	0.94875	0.64723	0.0	0.0	0.52026	0.0	0.0	0.0	0.0
Node 239		0.0	1.5753300000000001	0.55987	0.0	2.09057	0.0	1.93291	0.7636999999999999	0.62443	0.83655	1.57991	0.0	2.3538	0.0	0.73392	0.5996600000000001	0.95592	0.66809	0.0	0.0	0.0	0.0	0.0
Node 478		0.69301	0.0	0.0	0.7467900000000001	0.99614	0.0	1.71625	0.8216899999999999	1.5029000000000001	1.77303	1.62097	0.89285	0.0	1.6453900000000001	2.3685500000000004	0.0	0.0	0.0	0.0	0.0	0.0	0.0	0.0
Node 285		0.0	0.94772	0.84863	0.64734	0.0	0.85022	0.0	0.7636999999999999	1.5029000000000001	0.9288599999999999	0.0	0.0	0.0	0.83643	0.66524	1.24689	0.90246	1.28529	0.0	0.0	0.0	0.0	0.0
Node 174		0.0	0.9823200000000001	0.0	0.0	0.6689299999999999	0.85022	0.0	0.0	0.56002	0.0	1.50428	0.0	0.8667400000000001	1.70628	0.0	0.64723	0.95592	0.67669	0.0	0.0	0.0	0.0	0.0
Node 392		0.5551	1.6113100000000002	1.61321	0.7467900000000001	1.42164	1.62597	0.0	0.0	0.7065100000000001	0.57091	0.0	0.0	0.65625	0.83643	1.6139899999999998	0.0	0.0	0.0	0.0	0.0	0.0	0.0	0.0
Node 438		1.2903	0.0	2.38155	0.64734	1.34684	0.0	0.76435	0.7636999999999999	0.0	2.16297	1.50428	0.0	3.78437	0.0	0.0	0.0	0.90246	0.0	0.0	0.0	0.0	0.0	0.0
Node 56		1.2903	0.94772	1.61321	1.6659799999999998	0.0	0.85022	0.9648199999999999	1.36818	0.0	0.0	0.88468	1.67252	0.8667400000000001	1.7076600000000002	1.6448999999999998	0.9565300000000001	0.95592	0.0	0.0	0.0	0.0	0.0	0.0
Node 135		1.2903	0.0	0.0	0.0	2.0777	1.27538	0.76435	0.0	0.0	1.6740899999999999	0.0	0.77967	0.0	0.58399	1.57496	1.37182	0.0	0.0	0.0	0.0	0.0	0.0	0.0
Node 39		0.0	0.0	0.0	0.62758	0.6689299999999999	1.62597	0.0	0.8216899999999999	0.0	0.9272	0.0	0.0	0.0	0.87123	1.3807699999999998	0.0	0.0	0.6086	0.0	0.0	0.0	0.0	0.0
Node 25		0.8004000000000001	0.0	0.84863	1.45183	1.34684	2.0589199999999996	0.96401	2.18531	0.0	3.9863799999999996	0.7545	0.0	1.63903	0.0	2.3788199999999997	0.0	2.54629	0.66809	0.0	0.0	0.0	0.0	0.0
Node 23		0.59729	0.0	0.0	0.8761	0.0	0.85022	1.76129	1.73208	0.56002	0.83655	2.5056499999999997	0.0	0.51076	0.0	1.39916	0.0	0.90246	0.0	0.0	0.0	0.0	0.0	0.0
Node 434		0.0	0.98725	0.0	0.62758	0.0	1.35771	0.71931	0.7636999999999999	0.0	1.7327599999999999	0.0	0.0	0.0	1.81886	0.0	0.9565300000000001	1.40304	0.84992	0.0	0.0	0.0	0.0	0.0
Node 19		0.0	0.0	0.68074	0.0	0.67791	0.70121	2.93066	0.7636999999999999	0.0	0.83655	0.6196	0.0	0.95444	0.0	2.97412	0.0	0.0	1.3447799999999999	0.0	0.0	0.0	0.0	0.0
Node 362		0.9022199999999999	2.6603499999999998	0.84863	0.0	0.85199	0.0	0.9969399999999999	0.8216899999999999	0.56002	0.57091	0.0	0.0	1.61069	1.84005	0.75456	0.0	0.7793300000000001	1.9533800000000001	0.0	0.0	0.0	0.0	0.0
Node 137		0.59729	0.0	1.54125	0.0	0.0	0.0	0.9689	0.0	1.4380799999999998	0.0	0.88468	0.0	0.86202	0.86985	0.66524	0.5996600000000001	0.0	0.0	0.0	0.0	0.0	0.0	0.0
Node 266		2.52473	0.9823200000000001	0.0	0.0	0.0	1.27538	0.76435	0.8216899999999999	0.0	1.38509	0.86647	1.67252	2.41159	0.0	0.6262099999999999	0.0	0.0	0.0	0.0	0.0	0.0	0.0	0.0
Node 21		0.0	0.94772	0.84776	1.64012	0.0	0.52436	0.96401	1.36818	0.0	0.57091	0.62207	0.99317	0.68459	1.45522	1.39916	0.64723	0.0	0.0	0.90773	0.0	0.0	0.0	0.0
Node 4		0.73543	1.60993	0.0	0.0	2.0093199999999998	0.70121	1.76129	0.54649	0.7065100000000001	0.9272	0.88468	0.0	0.95444	0.58399	0.6262099999999999	0.0	0.0	0.0	0.0	0.0	0.0	0.0	0.0
Node 59		1.0956000000000001	0.94772	0.84776	0.64734	1.43707	0.70121	0.0	0.67153	0.0	0.0	2.1834599999999997	0.7605200000000001	0.51076	0.83643	0.94875	0.0	0.9953399999999999	1.5979899999999998	0.90773	0.0	0.0	0.0	0.0
Node 44		0.5405	0.94772	0.76458	0.91919	1.59847	0.57417	0.9689	0.8216899999999999	0.0	1.40746	0.88468	0.7605200000000001	1.39936	0.83643	0.94875	0.0	0.0	1.60865	0.0	0.0	0.0	0.0	0.0
Node 207		1.2335099999999999	0.94772	0.0	0.62758	0.65606	0.0	1.96584	0.54649	0.0	0.77788	0.0	0.72765	0.68459	0.0	1.6139899999999998	1.24689	0.0	1.28529	0.0	0.0	0.0	0.0	0.0
Node 352		1.0956000000000001	1.93004	0.0	1.5954200000000003	0.85199	0.0	0.0	0.0	0.64169	3.1722	0.0	0.0	0.8886	0.87123	2.97412	0.5996600000000001	0.0	0.0	0.96075	0.0	0.0	0.0	0.0
Node 428		0.0	0.0	1.42632	0.64734	0.0	0.0	0.71931	0.0	0.64169	2.48827	1.61769	0.7605200000000001	0.65625	2.61206	0.73392	0.5996600000000001	0.95592	0.0	0.52026	0.0	0.0	0.0	0.0
Node 268		0.0	0.0	1.42632	1.39413	0.65606	0.50749	0.0	0.67153	0.0	1.6740899999999999	0.0	0.0	0.68459	0.0	0.73392	0.9565300000000001	0.0	0.0	0.0	0.0	0.0	0.0	0.0
Node 144		1.6376499999999998	0.62761	0.0	0.8761	0.90133	0.0	0.9648199999999999	0.7636999999999999	0.7963899999999999	1.46712	0.0	0.0	0.79743	0.9702000000000001	0.6262099999999999	0.9565300000000001	1.68847	0.53769	0.0	0.0	0.0	0.0	0.0
Node 148		1.2903	0.0	0.0	0.8761	1.57026	0.7757499999999999	0.0	0.8216899999999999	0.0	0.0	0.6196	3.2167399999999997	1.61069	0.58399	0.94875	0.7721600000000001	0.0	0.6086	0.0	0.0	0.0	0.0	0.0
Node 108		0.0	1.7810200000000003	0.0	2.15102	1.34684	0.0	1.92883	1.73208	0.62443	0.83655	0.95784	0.0	0.51076	0.0	1.37096	0.5996600000000001	0.9953399999999999	0.0	0.0	0.0	0.0	0.0	0.0
Node 280		0.0	2.2389200000000002	0.0	2.38699	0.65606	0.50749	1.71625	0.0	1.18445	1.40746	0.86319	2.38102	0.0	0.0	0.0	0.0	1.9512600000000002	0.66809	0.0	0.0	0.0	0.0	0.0
Node 324		0.5405	0.9823200000000001	0.0	0.0	0.0	0.0	0.0	0.0	0.75987	0.0	0.0	0.0	0.0	2.4240399999999998	2.05842	1.24689	0.0	0.66809	0.90773	0.0	0.0	0.0	0.0
Node 156		0.0	0.9823200000000001	0.0	0.0	2.0841499999999997	1.4093	0.63634	0.8751200000000001	0.0	0.0	0.86647	0.0	0.95444	0.83643	0.0	0.5996600000000001	0.95592	0.66809	0.0	0.0	0.0	0.0	0.0
Node 305		0.0	0.9823200000000001	1.41444	1.50368	2.6519999999999997	1.55143	0.0	0.91039	1.36498	1.38509	3.16921	0.0	0.65625	0.7654700000000001	0.73392	1.24689	0.0	0.0	0.0	0.0	0.0	0.0	0.0
Node 309		2.02573	0.0	0.84863	0.0	0.0	0.0	0.9689	0.8751200000000001	0.0	1.44773	2.37075	1.54019	0.0	0.86985	0.0	0.0	0.0	0.9893900000000001	0.0	0.0	0.0	0.0	0.0
Node 211		0.69301	0.0	0.0	1.3743699999999999	0.6689299999999999	0.7757499999999999	0.9689	1.58539	1.5029000000000001	0.8141799999999999	0.88468	0.0	0.95444	0.0	2.37284	0.8035000000000001	0.0	0.66809	0.0	0.0	0.0	0.0	0.0
Node 203		0.0	1.6113100000000002	0.0	0.0	0.7591600000000001	2.1256	0.0	0.7636999999999999	0.62443	0.0	0.6196	0.0	0.51076	0.9702000000000001	0.75456	0.0	0.5581	0.0	0.0	0.0	0.0	0.0	0.0
Node 363		1.2335099999999999	0.62761	0.0	0.0	0.65606	0.70121	1.68821	1.5304200000000001	2.12485	0.8962100000000001	0.0	0.99317	0.0	0.0	0.73392	0.0	0.90246	1.65748	0.52026	0.0	0.0	0.0	0.0
Node 308		0.0	0.9823200000000001	0.84776	0.0	0.6689299999999999	1.55143	0.71931	0.0	0.7963899999999999	0.6369	0.0	0.0	0.8886	0.86985	0.0	0.0	0.0	0.95679	0.0	0.0	0.0	0.0	0.0
Node 473		0.5551	0.94772	0.0	0.0	1.42164	0.50749	1.9609499999999997	1.63882	0.62443	0.0	0.88468	0.0	0.65625	0.0	0.66524	0.0	1.8583800000000001	0.0	1.48101	0.0	0.0	0.0	0.0
Node 255		0.73543	0.0	0.76458	1.27492	0.0	0.57417	2.72611	0.0	0.56002	0.77788	0.0	0.0	1.5229899999999998	0.86985	0.0	0.9565300000000001	0.0	0.66809	0.0	0.0	0.0	0.0	0.0
Node 461		1.2335099999999999	2.9172900000000004	0.0	0.0	2.09955	1.55143	0.0	1.21802	1.55626	1.40746	0.0	0.99317	0.0	0.0	1.48848	0.0	0.6942	1.2766899999999999	0.0	0.0	0.0	0.0	0.0
Node 146		0.0	0.0	0.0	0.64734	0.0	2.45624	0.0	1.49322	0.64169	0.83655	0.86319	0.72765	1.83377	2.3906199999999997	1.7033099999999999	0.0	1.9512600000000002	0.66809	0.0	0.0	0.0	0.0	0.0
Node 210		1.0956000000000001	0.0	1.41357	0.64734	0.65606	1.22557	0.0	0.0	0.56002	0.8141799999999999	0.95784	0.0	0.0	0.9702000000000001	1.39916	0.7721600000000001	0.9953399999999999	0.0	0.52026	0.0	0.0	0.0	0.0
Node 383		0.0	0.0	0.0	0.0	0.0	0.0	1.96584	0.0	0.0	0.65115	0.0	0.0	0.95444	2.6764799999999997	0.0	0.0	0.0	1.7904799999999998	0.52026	0.0	0.0	0.0	0.0
Node 188		1.3327200000000001	1.93004	0.0	0.7467900000000001	0.65606	0.85022	0.9689	2.49578	0.7963899999999999	3.2085000000000004	0.86319	0.72765	0.0	0.83643	0.6262099999999999	1.53077	0.0	0.0	0.0	0.0	0.0	0.0	0.0
Node 215		1.2903	0.0	0.0	2.153	0.67791	0.0	2.69318	0.0	1.33094	0.0	2.20167	0.54957	0.0	0.0	0.0	1.6557	0.95592	0.9893900000000001	0.0	0.0	0.0	0.0	0.0
Node 109		0.0	0.62761	0.84776	2.66581	0.65606	0.0	0.0	0.0	0.0	1.6507299999999998	1.72966	0.0	0.95444	1.7185099999999998	0.75456	0.7721600000000001	1.68847	1.28529	0.0	0.0	0.0	0.0	0.0
Node 191		1.9835399999999999	0.62761	0.84863	0.0	0.6689299999999999	2.0013199999999998	1.9337199999999999	0.0	0.0	2.27599	0.6196	0.0	0.0	0.83643	0.73392	0.7721600000000001	0.0	1.60265	0.0	0.0	0.0	0.0	0.0
Node 386		0.59729	1.44431	0.76458	0.0	2.0844	0.85022	0.0	0.0	0.62443	3.1178500000000002	2.12635	1.72082	0.0	0.83643	0.0	0.0	0.90246	0.67669	0.0	0.0	0.0	0.0	0.0
Node 145		0.0	0.0	0.96711	1.39413	0.65606	1.4093	1.71625	1.5466499999999999	0.0	0.0	0.0	0.0	0.0	0.0	1.3931799999999999	0.0	1.5955899999999998	0.0	0.0	0.0	0.0	0.0	0.0
Node 393		0.73543	0.0	2.38749	0.0	0.65606	0.0	0.63634	0.0	0.0	3.1722	0.0	0.99317	2.41159	2.42542	0.0	0.0	0.0	1.9533800000000001	0.0	0.0	0.0	0.0	0.0
Node 189		2.19252	0.0	0.84776	1.27492	0.65606	0.0	0.0	2.25692	1.53694	2.33466	0.0	0.0	0.51076	0.0	0.61777	0.0	0.0	0.9893900000000001	0.0	0.0	0.0	0.0	0.0
Node 147		0.5551	0.0	0.76458	0.78171	1.33141	0.0	0.0	1.58539	1.27613	0.0	0.0	0.77967	0.65625	0.86985	0.0	0.62854	0.0	0.67669	0.0	0.0	0.0	0.0	0.0
Node 165		0.0	0.0	0.0	0.0	0.0	1.2087	0.96401	0.7636999999999999	0.0	0.0	0.0	1.6205	2.1214500000000003	0.87123	0.66524	1.37182	0.9953399999999999	0.53769	0.0	0.0	0.0	0.0	0.0
Node 388		0.73543	0.62761	1.42632	1.8688799999999999	0.0	0.0	1.96176	2.1318799999999998	0.0	1.6507299999999998	0.95784	0.99317	1.7553400000000001	1.5541900000000002	2.43723	1.24689	0.64849	1.2766899999999999	0.0	0.0	0.0	0.0	0.0
Node 127		0.8004000000000001	0.8167000000000001	1.70827	2.13768	0.66248	2.1256	0.9689	0.7636999999999999	0.0	0.0	1.57991	2.26784	1.5229899999999998	0.0	0.66524	1.4377199999999999	0.79412	0.0	0.0	0.0	0.0	0.0	0.0
Node 270		0.0	0.62761	2.5569	0.7056899999999999	2.19883	0.70121	0.9689	0.8216899999999999	0.0	0.0	0.86647	1.7777100000000001	0.8667400000000001	1.42042	0.73392	0.7721600000000001	0.0	0.0	0.52026	0.0	0.0	0.0	0.0
Node 118		0.0	0.0	1.61321	2.25047	1.3249900000000001	0.0	1.7452200000000002	0.8216899999999999	1.3564100000000001	2.21232	0.0	0.7605200000000001	0.8667400000000001	1.70628	2.05842	2.20342	0.0	1.66608	0.0	0.0	0.0	0.0	0.0
Node 196		1.3327200000000001	0.62761	0.84863	1.39413	1.31854	0.0	0.0	1.63882	0.62443	0.0	0.95784	0.98916	0.95444	1.57758	0.0	0.0	1.6490500000000001	1.66608	0.0	0.0	0.0	0.0	0.0
Node 153		0.5405	0.94772	0.84863	0.8761	0.0	0.70121	0.0	0.0	0.0	1.6740899999999999	0.86647	0.0	0.0	0.86985	0.94875	0.7721600000000001	0.90246	0.6086	0.0	0.0	0.0	0.0	0.0
Node 403		0.0	0.98725	0.96711	1.50368	0.0	0.50749	1.9609499999999997	1.73208	0.0	0.57091	0.86647	0.99317	3.36603	0.0	0.0	0.0	0.0	1.3447799999999999	0.96075	0.0	0.0	0.0	0.0
Node 375		0.73543	0.0	0.0	2.38367	1.41522	0.57417	0.0	0.7636999999999999	0.62443	0.0	0.0	1.6533699999999998	0.0	0.0	0.75456	1.55619	0.90246	2.6643	0.0	0.0	0.0	0.0	0.0
Node 407		1.6376499999999998	1.7644199999999999	0.0	0.7467900000000001	0.0	0.7757499999999999	1.96176	0.67153	0.7963899999999999	1.7103899999999999	0.0	0.0	0.0	0.87123	1.60935	0.0	0.90246	2.33417	0.52026	0.0	0.0	0.0	0.0
Node 323		2.0909299999999997	1.60993	0.0	0.8761	2.74046	0.0	1.9337199999999999	1.58539	0.56002	1.46712	0.86319	0.89285	0.51076	0.86985	1.6139899999999998	0.0	1.9512600000000002	0.66809	0.96075	0.0	0.0	0.0	0.0
Node 489		1.24811	0.9823200000000001	0.0	0.64734	2.19883	0.57417	0.9648199999999999	0.0	0.7963899999999999	0.0	0.6196	0.89285	0.8886	0.0	0.0	0.0	0.90246	0.0	0.0	0.0	0.0	0.0	0.0
Node 54		0.9051699999999999	1.74233	0.0	0.62758	2.7466299999999997	1.42439	0.0	0.0	0.56002	0.7572599999999999	0.0	0.72765	1.7553400000000001	0.0	0.66524	0.64723	0.0	0.0	0.0	0.0	0.0	0.0	0.0
Node 158		1.2903	0.8167000000000001	0.0	0.78171	0.7591600000000001	0.70121	0.0	0.0	0.0	1.76541	3.36884	0.0	0.0	0.9702000000000001	0.66524	1.55619	0.0	0.6086	0.0	0.0	0.0	0.0	0.0
Node 7		0.0	0.94772	1.42632	0.0	0.0	0.0	0.9969399999999999	0.0	0.7065100000000001	0.77788	0.6196	0.98916	1.5229899999999998	0.0	1.3807699999999998	0.0	0.9953399999999999	0.67669	0.0	0.0	0.0	0.0	0.0
Node 193		0.0	0.0	1.7091399999999999	2.8978099999999998	0.66248	0.0	0.9689	0.8216899999999999	0.0	1.61443	1.5638599999999998	0.0	0.8886	1.5248	0.0	0.7721600000000001	0.0	0.0	0.52026	0.0	0.0	0.0	0.0
Node 259		0.8004000000000001	1.44431	0.55987	1.8688799999999999	0.0	1.44117	0.9689	0.0	0.7963899999999999	0.0	2.20167	0.7605200000000001	0.0	0.9702000000000001	0.75456	0.9565300000000001	1.8978	0.67669	0.52026	0.0	0.0	0.0	0.0
Node 249		1.0956000000000001	0.9823200000000001	0.0	1.6578099999999998	0.0	1.55143	0.9969399999999999	0.54649	0.0	2.5779300000000003	0.88468	0.0	0.0	1.7185099999999998	1.7157200000000001	0.0	0.0	0.84992	0.96075	0.0	0.0	0.0	0.0
Node 238		0.5551	0.0	0.55987	0.0	1.42164	0.70121	1.96584	0.8216899999999999	0.0	0.65115	1.48607	0.0	0.79743	2.495	2.3479099999999997	0.7721600000000001	0.90246	0.0	0.0	0.0	0.0	0.0	0.0
Node 250		1.2903	0.0	0.0	0.8761	0.7591600000000001	0.85022	1.73325	1.58539	0.64169	1.40746	0.0	0.0	0.65625	0.0	0.7669699999999999	0.0	0.6931299999999999	0.66809	0.0	0.0	0.0	0.0	0.0
Node 120		0.69301	0.0	0.0	1.54677	2.09057	0.7757499999999999	0.0	1.49322	0.62443	0.0	1.71234	1.6533699999999998	1.82118	0.9702000000000001	0.75456	1.55619	0.0	0.0	0.52026	0.0	0.0	0.0	0.0
Node 313		1.6376499999999998	0.0	1.69639	1.3743699999999999	0.65606	0.70121	0.9689	2.89211	0.64169	3.14884	0.86647	0.72765	1.7411599999999998	0.8486600000000001	1.36013	0.0	0.5581	0.66809	0.0	0.0	0.0	0.0	0.0
Node 115		0.59729	0.62761	0.0	0.62758	1.42164	0.0	1.96584	1.5466499999999999	1.44993	0.0	0.0	0.77967	1.61069	1.80663	1.6139899999999998	0.0	0.9953399999999999	0.84992	0.0	0.0	0.0	0.0	0.0
Node 496		1.3327200000000001	0.9823200000000001	0.8605099999999999	0.0	1.4280899999999999	0.0	1.73325	1.33315	1.4380799999999998	1.68446	0.95784	0.77967	1.82118	1.42042	0.0	0.0	0.0	1.66708	1.8684800000000001	0.0	0.0	0.0	0.0
Node 449		0.5405	0.62761	0.84776	1.6203599999999998	1.41522	0.0	1.92883	0.8751200000000001	0.62443	0.83655	2.37075	1.52266	0.8667400000000001	0.0	0.6262099999999999	1.24689	0.95592	0.0	0.0	0.0	0.0	0.0	0.0
Node 328		0.73543	0.0	1.7091399999999999	0.99278	1.42164	0.0	0.0	1.58539	0.0	1.82341	0.0	0.0	0.51076	0.86985	0.6262099999999999	0.0	0.0	1.66608	0.0	0.0	0.0	0.0	0.0
Node 75		0.0	0.87538	0.0	1.5234400000000001	1.42164	0.0	0.9648199999999999	0.91039	0.0	0.8962100000000001	0.95784	0.7605200000000001	1.807	0.86985	1.48848	0.0	0.9953399999999999	1.2766899999999999	0.52026	0.0	0.0	0.0	0.0
Node 318		0.0	0.0	1.70827	2.25047	2.7466299999999997	0.52436	0.0	0.0	1.30057	2.51926	0.0	0.77967	1.84304	0.86985	0.73392	2.32835	0.0	0.66809	0.52026	0.0	0.0	0.0	0.0
Node 402		2.3859000000000004	0.0	0.0	0.0	0.0	1.62597	1.96584	0.0	0.62443	0.56159	0.95784	0.7605200000000001	0.79743	0.0	0.73392	0.0	0.0	0.0	0.90773	0.0	0.0	0.0	0.0
Node 96		0.0	0.0	0.84863	0.8761	0.0	0.85022	2.92577	1.6740899999999999	2.2146	2.33466	0.6011500000000001	0.77967	1.84304	0.86985	1.39916	0.0	0.6931299999999999	0.66809	0.0	0.0	0.0	0.0	0.0
Node 170		0.0	0.62761	0.84863	0.0	2.09057	0.0	2.5981	0.0	0.7963899999999999	1.61443	1.74787	0.0	0.51076	0.0	0.6262099999999999	0.0	0.0	2.5170000000000003	0.0	0.0	0.0	0.0	0.0
Node 459		1.3327200000000001	0.62761	0.55987	0.64734	0.0	0.0	0.0	1.49322	0.0	1.6507299999999998	0.86319	0.7605200000000001	0.8886	0.9702000000000001	0.94875	0.64723	1.60441	0.0	0.0	0.0	0.0	0.0	0.0
Node 237		0.5405	2.5285800000000003	2.2740799999999997	0.0	0.66248	1.47696	2.93066	0.0	0.0	0.0	0.6196	0.0	0.0	0.9702000000000001	0.0	0.0	0.0	0.0	0.0	0.0	0.0	0.0	0.0
Node 252		0.0	0.0	0.56581	0.0	1.31854	2.07579	1.96584	1.58539	0.0	0.0	0.88468	0.76214	0.0	1.84005	0.6262099999999999	0.5996600000000001	0.0	0.0	0.0	0.0	0.0	0.0	0.0
Node 320		0.0	0.62761	0.84863	0.8761	0.99614	1.3745800000000001	0.9648199999999999	1.49322	1.46638	0.77788	1.57991	0.77967	0.8886	0.86985	2.44964	0.0	0.0	0.6086	0.0	0.0	0.0	0.0	0.0
Node 366		0.0	1.44431	0.0	0.64734	0.0	0.85022	0.96401	1.6740899999999999	1.53694	1.68446	0.0	0.89285	0.0	0.83643	0.0	1.24689	0.0	0.0	0.96075	0.0	0.0	0.0	0.0
Node 427		0.0	0.62761	0.55987	0.0	0.0	0.70121	0.9648199999999999	0.8216899999999999	0.0	0.0	1.75115	0.0	0.95444	0.0	1.57496	1.24689	0.95592	0.0	0.96075	0.0	0.0	0.0	0.0
Node 182		0.0	1.74233	0.0	1.27492	0.66248	0.0	1.96584	0.0	0.0	1.1325	0.86647	0.7605200000000001	2.05561	0.58399	1.6139899999999998	0.5996600000000001	0.0	0.6086	0.0	0.0	0.0	0.0	0.0
Node 381		0.5405	0.87538	0.0	0.62758	2.106	0.85022	0.0	2.85684	1.46638	0.0	1.50428	0.77967	0.8667400000000001	1.5541900000000002	0.66524	0.0	0.64849	0.6086	0.0	0.0	0.0	0.0	0.0
Node 113		0.73543	0.62761	0.84863	0.7467900000000001	0.6689299999999999	0.70121	0.0	0.7636999999999999	0.64169	1.46712	0.0	0.89285	1.1670099999999999	0.0	0.0	0.9565300000000001	0.0	0.0	0.0	0.0	0.0	0.0	0.0
Node 240		0.0	0.9823200000000001	0.84863	0.0	0.7591600000000001	1.47696	0.0	1.36818	0.0	0.0	0.95784	0.54957	0.8667400000000001	0.0	2.0169300000000003	0.9565300000000001	0.0	0.67669	0.0	0.0	0.0	0.0	0.0
Node 287		0.0	0.0	0.0	0.62758	0.0	0.8849400000000001	2.84522	0.7636999999999999	0.0	1.82341	1.45189	0.77967	0.51076	0.0	2.37284	1.37182	0.0	2.27468	0.0	0.0	0.0	0.0	0.0
Node 82		0.0	0.0	0.0	2.25047	0.66248	0.0	1.96584	0.8216899999999999	1.4380799999999998	1.40746	0.62207	0.99317	0.0	0.0	1.6826699999999999	0.0	0.95592	0.66809	0.0	0.0	0.0	0.0	0.0
Node 264		1.6376499999999998	0.0	0.0	0.0	0.67791	0.50749	0.76435	1.58539	1.42082	1.7103899999999999	0.86647	1.54019	1.54485	1.8414300000000001	0.94875	0.64723	0.0	1.2766899999999999	0.0	0.0	0.0	0.0	0.0
Node 168		1.4995100000000001	0.62761	0.0	0.0	0.65606	0.70121	1.96176	0.0	0.56002	2.5469399999999998	0.0	0.0	0.8667400000000001	0.83643	2.15372	0.0	0.0	0.0	0.0	0.0	0.0	0.0	0.0
Node 81		0.0	0.0	0.0	0.99278	1.66507	0.52436	3.6450799999999997	0.8216899999999999	0.0	0.77788	0.0	1.48817	1.50811	0.87123	0.0	0.0	0.9953399999999999	0.67669	0.0	0.0	0.0	0.0	0.0
Node 104		1.34745	0.8167000000000001	0.84863	0.7467900000000001	0.0	0.85022	0.96401	0.0	0.0	0.83655	1.52158	0.7605200000000001	2.23006	1.80663	0.0	0.7721600000000001	0.0	0.6086	0.52026	0.0	0.0	0.0	0.0
Node 134		1.45732	0.94772	0.0	0.0	1.42164	0.0	0.9648199999999999	0.0	0.7963899999999999	0.57091	1.50428	1.54019	2.03375	0.58399	0.7669699999999999	0.7721600000000001	0.0	0.67669	0.0	0.0	0.0	0.0	0.0
Node 332		1.29053	0.94772	0.56581	0.62758	0.0	0.0	0.0	1.49322	0.7963899999999999	0.0	0.0	1.54019	0.8886	0.9702000000000001	0.94875	0.5996600000000001	0.0	0.0	0.0	0.0	0.0	0.0	0.0
Node 101		0.5405	0.0	0.0	0.0	0.6689299999999999	0.0	0.9689	1.49322	0.75987	2.58067	0.0	0.0	0.0	0.8486600000000001	0.7669699999999999	0.0	0.0	0.0	0.96075	0.0	0.0	0.0	0.0
Node 463		0.9051699999999999	0.0	0.0	0.64734	1.42164	0.50749	0.9689	0.0	1.3842999999999999	1.74138	2.12635	1.48979	0.0	2.68871	0.6262099999999999	0.0	0.95592	1.66608	0.0	0.0	0.0	0.0	0.0
Node 26		0.0	0.9823200000000001	1.44739	0.0	0.0	1.4093	0.71931	0.8216899999999999	0.0	0.0	0.69739	0.0	1.84304	0.0	1.3931799999999999	0.0	0.0	1.7904799999999998	0.0	0.0	0.0	0.0	0.0
Node 103		0.0	0.94772	2.67625	0.0	0.0	0.0	1.96176	0.0	0.7963899999999999	0.0	0.0	1.6533699999999998	0.65625	0.87123	0.73392	0.0	0.0	0.0	0.0	0.0	0.0	0.0	0.0
Node 126		0.0	0.9823200000000001	1.7091399999999999	0.5147900000000001	1.42164	1.55143	1.73325	1.63882	0.62443	0.8141799999999999	1.50428	0.0	0.51076	2.26908	1.3807699999999998	1.55619	0.0	1.3447799999999999	0.0	0.0	0.0	0.0	0.0
Node 83		0.0	0.9823200000000001	0.0	0.0	0.0	0.57417	2.56759	0.8216899999999999	0.62443	1.7050800000000002	0.88468	0.0	1.39936	0.86985	0.6262099999999999	0.0	0.0	2.2660799999999997	0.0	0.0	0.0	0.0	0.0
Node 400		0.5551	0.94772	0.0	1.64012	1.42164	0.0	0.9648199999999999	0.54649	0.56002	0.77788	1.61769	0.99317	0.0	0.0	1.6826699999999999	0.0	0.0	0.0	0.0	0.0	0.0	0.0	0.0
Node 457		1.3327200000000001	0.94772	2.2740799999999997	1.39413	0.66248	0.0	0.0	0.7636999999999999	0.0	0.77788	0.86319	0.0	2.2661000000000002	0.83643	2.05842	0.0	0.0	0.0	0.0	0.0	0.0	0.0	0.0
Node 339		0.0	0.0	0.55987	1.6203599999999998	0.0	0.0	3.2313300000000003	0.0	1.18445	0.9272	0.0	0.7605200000000001	0.8886	0.9702000000000001	1.7033099999999999	0.64723	0.0	1.2766899999999999	0.0	0.0	0.0	0.0	0.0
Node 272		1.6376499999999998	1.42222	0.84863	0.0	0.7591600000000001	0.0	0.0	0.0	0.62443	0.0	0.69739	0.72765	0.8886	1.80663	0.73392	0.64723	0.0	0.55903	0.0	0.0	0.0	0.0	0.0
Node 99		1.2903	0.9823200000000001	0.0	0.62758	0.67791	0.85022	0.76435	3.2272299999999996	0.0	0.0	1.82431	0.0	2.41159	0.86985	1.57496	0.0	1.60441	0.0	0.0	0.0	0.0	0.0	0.0
Node 432		1.3409	0.0	0.0	0.99278	0.0	0.0	1.96176	0.7636999999999999	0.0	0.87682	0.0	0.0	0.65625	1.7076600000000002	0.73392	0.9565300000000001	0.64849	2.27468	0.0	0.0	0.0	0.0	0.0
Node 183		0.0	0.8167000000000001	0.84863	0.0	0.0	0.85022	0.9969399999999999	0.8216899999999999	0.0	0.0	1.74787	0.0	0.51076	0.0	2.15372	0.0	0.0	0.66809	0.0	0.0	0.0	0.0	0.0
Node 422		1.2903	0.0	0.0	0.0	0.0	0.0	2.89773	0.0	0.0	0.0	0.0	0.0	0.51076	0.87123	0.0	0.9565300000000001	1.9512600000000002	0.6086	0.54101	0.0	0.0	0.0	0.0
Node 121		0.73543	0.9823200000000001	0.0	0.8761	0.65606	0.0	0.71931	0.54649	1.18445	0.0	0.6196	0.77967	0.0	0.87123	0.0	0.0	0.0	0.66809	0.0	0.0	0.0	0.0	0.0
Node 155		0.0	1.79902	0.0	1.70567	1.3339699999999999	1.22557	0.9648199999999999	0.0	0.62443	0.8962100000000001	0.88468	1.8539900000000002	0.65625	0.7654700000000001	0.0	0.64723	0.0	0.0	0.0	0.0	0.0	0.0	0.0
Node 37		0.0	0.0	0.0	0.62758	2.0777	0.0	0.71931	1.73208	0.7963899999999999	0.57091	1.50428	0.0	1.51827	0.0	0.66524	0.64723	0.0	0.66809	0.96075	0.0	0.0	0.0	0.0
Node 102		1.2903	0.94772	1.7091399999999999	0.8761	0.7591600000000001	1.55143	0.0	0.0	1.2665300000000002	1.40746	0.88468	1.50732	0.95444	2.65529	2.08655	0.0	2.85372	0.66809	0.96075	0.0	0.0	0.0	0.0
Node 452		0.69301	0.0	0.76458	2.8978099999999998	0.0	0.70121	0.0	1.49322	0.0	0.0	0.88468	0.0	0.8667400000000001	0.0	0.94875	0.0	0.0	0.0	0.0	0.0	0.0	0.0	0.0
Node 3		0.69301	0.9823200000000001	1.41357	0.0	2.09057	0.0	1.92883	0.8216899999999999	0.0	2.6012899999999997	0.86319	1.48817	2.33194	1.5248	0.8754299999999999	0.62854	0.0	0.55903	0.0	0.0	0.0	0.0	0.0
Node 142		1.29053	0.9823200000000001	0.0	0.8761	0.7591600000000001	0.85022	1.9337199999999999	0.0	0.62443	0.9272	0.0	0.0	0.8886	1.42042	0.61777	1.24689	1.39185	0.9893900000000001	0.0	0.0	0.0	0.0	0.0
Node 291		1.2903	0.94772	1.4085	1.6203599999999998	0.0	0.70121	0.0	1.36818	0.0	3.14884	0.6196	0.0	0.8886	0.86985	1.29145	1.24689	0.90246	0.66809	0.0	0.0	0.0	0.0	0.0
Node 448		0.0	2.4266300000000003	3.2398999999999996	0.0	2.0777	0.0	0.0	0.0	1.26612	1.74138	0.0	0.7605200000000001	0.0	1.70628	2.37284	0.0	0.0	0.0	0.0	0.0	0.0	0.0	0.0
Node 353		1.2903	0.0	0.0	0.62758	0.66248	2.8336900000000003	1.9337199999999999	0.0	0.64169	0.0	1.50675	1.50732	0.65625	0.83643	0.94875	0.7721600000000001	0.0	0.0	0.0	0.0	0.0	0.0	0.0
Node 10		0.8004000000000001	0.87538	0.0	0.0	1.3249900000000001	0.52436	0.0	0.0	0.62443	0.0	1.72966	0.98916	0.8667400000000001	0.83643	0.73392	0.0	0.9953399999999999	1.3447799999999999	0.0	0.0	0.0	0.0	0.0
Node 227		0.0	0.0	0.84776	0.0	0.7591600000000001	0.0	0.0	2.25692	0.62443	0.57091	0.86647	0.0	2.47743	0.0	2.05842	0.0	0.95592	0.9893900000000001	0.0	0.0	0.0	0.0	0.0
Node 218		0.0	0.0	0.84776	0.0	0.0	1.3745800000000001	0.9969399999999999	0.8751200000000001	0.62443	2.5779300000000003	0.86319	0.77967	0.8667400000000001	1.81886	1.4198	0.7721600000000001	0.0	0.0	0.0	0.0	0.0	0.0	0.0
Node 258		0.73543	0.0	0.0	0.0	1.42164	0.0	0.0	0.0	1.26612	3.49552	0.95784	0.0	2.47743	0.9702000000000001	2.02537	0.0	0.0	0.9405600000000001	0.0	0.0	0.0	0.0	0.0
Node 57		1.27593	0.89593	0.84863	0.0	0.0	0.70121	0.76435	0.54649	0.7963899999999999	0.8962100000000001	0.86647	0.7605200000000001	0.51076	1.80663	0.7669699999999999	1.55619	0.0	0.67669	0.0	0.0	0.0	0.0	0.0
Node 35		1.27593	2.55903	1.52698	1.6659799999999998	0.0	1.35771	1.96584	0.0	0.62443	0.0	0.0	0.0	0.82141	0.83643	0.0	0.0	0.64849	1.66608	0.0	0.0	0.0	0.0	0.0
Node 13		1.2903	2.55903	0.8605099999999999	0.0	1.4280899999999999	1.98445	0.0	0.8216899999999999	0.0	1.7327599999999999	0.0	0.0	0.8886	0.9702000000000001	0.9796600000000001	0.5996600000000001	1.4724599999999999	0.0	0.0	0.0	0.0	0.0	0.0
Node 296		0.0	0.0	0.84863	0.99278	2.09955	0.0	0.0	0.67153	1.82614	0.7572599999999999	0.0	0.0	0.68459	0.0	1.7033099999999999	0.0	0.9953399999999999	2.516	0.52026	0.0	0.0	0.0	0.0
Node 283		0.0	0.0	0.0	0.99278	0.0	1.03185	0.71931	1.6740899999999999	0.0	1.7050800000000002	0.0	0.77967	2.1214500000000003	0.86985	0.0	0.64723	0.0	0.9405600000000001	0.0	0.0	0.0	0.0	0.0
Node 167		0.73543	1.60993	0.0	0.0	1.5299	0.0	0.0	0.0	0.64169	2.30367	1.82103	0.0	0.0	1.74108	1.7033099999999999	0.0	0.9953399999999999	0.0	0.0	0.0	0.0	0.0	0.0
Node 277		1.6376499999999998	0.0	0.0	1.39413	0.0	0.0	1.73325	1.63882	0.0	0.83655	0.0	0.7605200000000001	2.41159	0.0	0.7669699999999999	0.5996600000000001	0.9953399999999999	1.65748	0.0	0.0	0.0	0.0	0.0
Node 354		0.0	0.62761	0.0	1.45715	0.0	0.0	0.76435	0.67153	0.62443	1.46712	0.0	1.50732	1.3775000000000002	0.83643	0.94875	1.24689	0.0	1.7904799999999998	1.11578	0.0	0.0	0.0	0.0
Node 276		0.9022199999999999	0.0	0.0	0.0	2.7466299999999997	0.0	3.38985	0.67153	0.0	4.27167	1.58207	0.0	1.75062	1.81886	1.6139899999999998	1.55619	0.0	0.6086	0.54101	0.0	0.0	0.0	0.0
Node 31		1.5981800000000002	0.0	0.8605099999999999	0.0	0.6689299999999999	0.0	2.93066	0.8751200000000001	0.0	0.0	0.86319	0.0	1.7553400000000001	2.29027	0.0	0.0	0.0	0.0	0.0	0.0	0.0	0.0	0.0
Node 221		0.0	0.94772	0.55987	1.50368	0.6689299999999999	0.0	2.72611	1.49322	1.30057	0.77788	1.75115	0.0	0.65625	0.0	1.50089	0.9565300000000001	0.9953399999999999	0.0	0.0	0.0	0.0	0.0	0.0
Node 219		1.42844	1.60993	0.0	2.51622	0.67791	0.8849400000000001	0.0	0.0	0.0	0.0	1.50549	0.0	0.95444	0.0	0.73392	0.0	0.0	0.0	0.0	0.0	0.0	0.0	0.0
Node 418		1.2335099999999999	1.60993	0.84863	0.0	0.7591600000000001	1.55143	0.9689	2.12011	0.62443	2.54163	0.7545	0.0	0.0	0.83643	1.6299899999999998	0.52618	0.0	0.0	0.0	0.0	0.0	0.0	0.0
Node 164		0.69301	0.62761	1.7091399999999999	0.8761	0.7591600000000001	0.52436	0.0	1.58539	0.75987	2.2216400000000003	0.88468	0.0	0.0	1.84005	1.39916	0.64723	0.64849	0.0	0.0	0.0	0.0	0.0	0.0
Node 169		0.73543	0.9823200000000001	0.0	0.99278	1.42164	0.0	0.0	1.98172	0.7963899999999999	0.87682	0.0	0.0	0.68459	1.6453900000000001	0.73392	0.0	0.90246	0.72652	0.0	0.0	0.0	0.0	0.0
Node 299		0.69301	1.93004	0.56581	0.0	1.4280899999999999	1.7351599999999998	0.0	1.49322	0.0	0.8962100000000001	2.24057	1.6533699999999998	0.0	0.58399	0.0	1.24689	0.9953399999999999	0.9405600000000001	1.11578	0.0	0.0	0.0	0.0
Node 178		0.69301	0.0	0.0	0.0	0.0	0.0	0.9648199999999999	0.0	0.0	0.0	0.0	0.0	0.8886	1.70628	1.48848	0.0	0.0	2.53855	0.52026	0.0	0.0	0.0	0.0
Node 199		0.73543	0.0	0.8605099999999999	0.64734	0.0	0.70121	1.9337199999999999	2.4055400000000002	0.0	1.40746	0.6196	0.0	1.84304	0.87123	0.68739	0.9565300000000001	0.0	0.0	0.0	0.0	0.0	0.0	0.0
Node 345		1.6376499999999998	1.5753300000000001	0.0	0.0	0.0	1.3745800000000001	2.45256	0.0	0.62443	0.83655	0.0	0.0	2.1214500000000003	0.87123	2.3685500000000004	1.55619	0.0	0.66809	0.7417499999999999	0.0	0.0	0.0	0.0
Node 131		2.02573	1.93004	0.56581	0.62758	0.0	0.0	0.9648199999999999	0.7636999999999999	0.0	1.7050800000000002	0.0	0.7605200000000001	0.8886	1.45384	0.0	0.0	0.90246	0.55903	0.0	0.0	0.0	0.0	0.0
Node 331		0.0	0.9823200000000001	0.0	0.64734	0.0	0.0	1.73325	1.58539	0.56002	0.57091	0.88468	1.7728399999999997	0.95444	0.83643	0.0	0.7721600000000001	0.9953399999999999	0.0	0.0	0.0	0.0	0.0	0.0
Node 48		0.59729	0.0	1.69639	0.64734	1.31854	0.70121	0.0	0.0	1.40517	0.9272	0.0	0.0	1.1670099999999999	0.86985	1.29145	0.64723	0.0	1.66608	0.0	0.0	0.0	0.0	0.0
Node 401		2.02573	0.9823200000000001	0.0	0.0	0.67791	0.85022	0.0	0.0	0.56002	0.8141799999999999	1.50675	0.0	1.5229899999999998	0.6975699999999999	1.57496	0.0	0.6931299999999999	0.0	0.0	0.0	0.0	0.0	0.0
Node 445		1.3409	1.42222	0.0	0.7467900000000001	1.42164	0.70121	2.92577	0.0	0.75987	0.77788	2.78708	0.72765	0.8886	0.9702000000000001	0.0	0.64723	0.95592	0.0	0.0	0.0	0.0	0.0	0.0
Node 411		0.59729	0.0	0.84863	0.7467900000000001	2.09057	0.50749	0.0	0.8216899999999999	0.0	0.57091	2.20167	1.6533699999999998	0.0	0.9702000000000001	1.50089	1.6037599999999999	0.0	1.66608	0.0	0.0	0.0	0.0	0.0
Node 306		0.59729	0.62761	0.0	0.0	0.65606	2.0589199999999996	0.71931	0.53518	0.0	1.74138	0.0	1.6533699999999998	0.8667400000000001	0.0	0.94875	0.64723	0.90246	0.0	0.0	0.0	0.0	0.0	0.0
Node 140		1.6376499999999998	0.62761	0.84776	0.99278	0.0	0.70121	1.96176	0.7636999999999999	0.0	1.6740899999999999	0.0	0.76214	2.6079000000000003	2.6900899999999996	0.0	0.0	0.0	1.3447799999999999	0.0	0.0	0.0	0.0	0.0
Node 490		0.73543	0.0	0.0	0.0	0.0	1.6404999999999998	0.0	0.0	0.0	1.40746	1.82431	0.0	0.0	1.5948	0.66524	0.64723	0.95592	1.3447799999999999	0.90773	0.0	0.0	0.0	0.0
Node 204		0.8004000000000001	1.8231000000000002	0.0	0.7467900000000001	3.4132299999999995	0.8849400000000001	0.0	0.0	0.7963899999999999	0.9272	0.95784	0.0	1.55133	2.48398	0.7669699999999999	0.5996600000000001	0.95592	0.66809	0.0	0.0	0.0	0.0	0.0
Node 369		0.59729	0.7946099999999999	0.0	0.8761	2.7466299999999997	0.70121	1.71625	1.58539	0.64169	1.6740899999999999	0.86647	1.6533699999999998	0.95444	0.0	1.39916	0.5996600000000001	0.0	0.0	0.96075	0.0	0.0	0.0	0.0
Node 429		0.5551	0.94772	1.42632	1.39413	2.4600299999999997	0.0	1.96584	0.7636999999999999	0.62443	1.74138	0.0	0.89285	0.0	0.9702000000000001	0.0	0.0	0.0	1.2766899999999999	0.0	0.0	0.0	0.0	0.0
Node 257		0.0	0.62761	0.84863	0.0	1.42164	0.0	0.9689	0.0	1.3564100000000001	0.83655	1.5774400000000002	0.77967	1.81646	0.7654700000000001	0.0	0.0	1.9512600000000002	2.3926	0.0	0.0	0.0	0.0	0.0
Node 151		1.24811	0.8167000000000001	0.84863	1.5234400000000001	0.67791	1.55143	1.96176	0.0	0.0	0.0	0.6196	0.0	0.95444	0.83643	1.3931799999999999	0.0	0.0	0.9893900000000001	0.0	0.0	0.0	0.0	0.0
Node 175		1.53583	0.62761	1.69639	1.39413	0.0	0.85022	0.0	0.0	0.0	2.6012899999999997	1.38534	0.77967	0.0	1.42042	1.39916	0.64723	1.4724599999999999	0.66809	0.52026	0.0	0.0	0.0	0.0
Node 224		0.59729	0.0	0.0	2.15102	2.09057	0.70121	1.72917	0.0	0.0	1.76375	0.86647	0.77967	0.65625	0.0	0.73392	0.0	0.90246	1.9346100000000002	0.0	0.0	0.0	0.0	0.0
Node 333		0.0	1.5753300000000001	1.70827	0.0	0.0	0.0	3.69501	2.34562	0.8690399999999999	0.0	0.88468	0.99317	0.0	1.84005	0.0	0.0	1.8978	0.0	0.0	0.0	0.0	0.0	0.0
Node 107		0.59729	0.0	0.0	0.0	0.0	0.0	0.9969399999999999	1.58539	0.56002	0.87682	0.88468	1.6205	0.85256	0.0	0.94875	0.0	0.0	1.7904799999999998	0.90773	0.0	0.0	0.0	0.0
Node 355		1.2903	2.74674	0.84863	0.0	0.0	0.0	0.0	0.8216899999999999	1.18445	0.57091	0.0	0.0	1.82118	0.8486600000000001	0.0	0.64723	0.0	0.0	0.0	0.0	0.0	0.0	0.0
Node 334		1.3327200000000001	0.62761	1.70827	0.0	0.85199	0.0	0.0	0.0	1.42082	0.0	1.82431	2.4330399999999996	0.0	0.0	0.0	0.0	0.9953399999999999	2.33417	0.0	0.0	0.0	0.0	0.0
Node 232		0.0	0.0	0.0	0.0	1.34039	1.2832400000000002	0.0	0.67153	0.7963899999999999	0.0	0.0	2.64654	0.65625	0.83643	0.66524	0.0	0.64849	2.33417	0.96075	0.0	0.0	0.0	0.0
Node 398		0.0	0.0	1.4085	0.0	0.65606	0.70121	0.9969399999999999	1.73208	0.7963899999999999	1.82341	0.0	1.54019	0.51076	0.83643	0.94875	1.6037599999999999	0.0	1.28529	1.48101	0.0	0.0	0.0	0.0
Node 365		2.02573	1.5753300000000001	1.42632	0.0	1.43707	0.0	0.76435	1.43523	0.0	1.68446	0.0	0.0	0.0	0.0	1.7157200000000001	0.0	0.0	1.51801	0.52026	0.0	0.0	0.0	0.0
Node 412		1.0956000000000001	2.55903	1.70827	1.39413	0.0	2.2913900000000003	1.96176	1.43523	1.18445	1.7327599999999999	0.0	0.0	1.66417	0.0	0.0	0.9565300000000001	0.95592	0.66809	0.0	0.0	0.0	0.0	0.0
Node 166		0.5551	1.60993	0.89225	0.0	1.34684	0.0	1.73325	0.0	0.0	0.9272	0.6196	2.20294	0.8667400000000001	0.8486600000000001	2.15372	0.7721600000000001	0.9953399999999999	1.8470199999999999	0.0	0.0	0.0	0.0	0.0
Node 246		0.59729	1.7644199999999999	0.0	0.8761	0.0	0.0	0.9648199999999999	0.0	0.74342	2.27599	0.6196	0.7605200000000001	0.0	2.3038800000000004	0.0	1.24689	0.0	0.0	0.0	0.0	0.0	0.0	0.0
Node 184		0.73543	0.0	0.0	0.62758	1.41522	0.70121	0.0	0.0	0.0	1.3487900000000002	0.6196	1.48817	1.3775000000000002	0.9702000000000001	0.0	0.0	0.95592	0.6086	0.0	0.0	0.0	0.0	0.0
Node 92		0.0	0.0	0.84776	1.5234400000000001	0.0	1.58615	2.68515	3.45192	0.56002	0.83655	0.0	0.72765	0.0	1.80663	1.57496	0.0	0.90246	1.5979899999999998	0.0	0.0	0.0	0.0	0.0
Node 162		0.0	0.0	0.0	0.0	0.75299	1.27538	0.71931	0.53518	0.0	0.0	0.0	0.0	2.58934	0.0	0.0	1.37182	0.9953399999999999	1.5979899999999998	0.0	0.0	0.0	0.0	0.0
Node 78		0.0	0.87538	1.7091399999999999	0.64734	1.31854	0.0	0.0	0.0	0.7963899999999999	2.51926	0.0	1.50732	0.0	0.0	0.94875	0.0	1.8583800000000001	0.66809	0.0	0.0	0.0	0.0	0.0
Node 327		0.59729	1.44431	0.8605099999999999	0.0	0.0	2.2595199999999998	1.9337199999999999	0.0	2.9744699999999997	1.7327599999999999	0.95784	0.0	1.7411599999999998	1.84005	0.0	0.5996600000000001	0.0	0.6086	0.0	0.0	0.0	0.0	0.0
Node 53		1.56408	0.0	0.8605099999999999	0.64734	0.0	0.50749	0.0	1.69681	1.30057	2.2216400000000003	0.0	1.5418100000000001	1.7263400000000002	2.42542	0.73392	0.0	0.90246	0.67669	0.90773	0.0	0.0	0.0	0.0
Node 66		0.0	0.0	0.0	1.50368	0.65606	0.52436	1.96176	0.7636999999999999	1.3564100000000001	0.83655	0.0	0.72765	0.8886	2.09656	0.0	0.0	0.90246	1.28529	0.0	0.0	0.0	0.0	0.0
Node 376		1.39769	0.0	0.0	0.99278	0.65606	0.70121	0.0	0.0	0.62443	0.7572599999999999	0.6196	0.99317	0.51076	0.87123	0.73392	0.0	0.90246	0.84992	0.52026	0.0	0.0	0.0	0.0
Node 439		1.2903	0.9823200000000001	0.84776	1.91197	1.3249900000000001	0.85022	0.66374	0.0	0.0	0.9272	0.0	0.0	0.8886	1.54599	1.39916	0.0	0.0	0.6086	0.0	0.0	0.0	0.0	0.0
Node 205		0.69301	0.62761	1.70827	0.0	0.66248	0.85022	0.9969399999999999	0.0	0.0	0.0	0.0	0.0	1.51827	1.66777	0.94875	0.9565300000000001	0.95592	0.66809	0.0	0.0	0.0	0.0	0.0
Node 416		0.59729	0.94772	1.70827	0.0	0.0	0.85022	1.9337199999999999	0.7636999999999999	0.62443	2.48827	0.6196	0.7605200000000001	0.0	0.86985	0.94875	0.64723	0.95592	1.2766899999999999	0.0	0.0	0.0	0.0	0.0
Node 408		0.0	0.83915	0.56581	0.64734	0.0	0.70121	1.96584	0.8216899999999999	1.33094	0.8962100000000001	0.0	0.0	0.95444	0.83643	1.57496	0.0	0.95592	0.66809	0.0	0.0	0.0	0.0	0.0
Node 420		0.5405	1.60993	0.84776	0.64734	2.09313	0.70121	0.0	0.0	2.9744699999999997	0.0	1.48607	0.0	1.84304	0.67614	0.61777	0.0	0.9953399999999999	0.0	0.0	0.0	0.0	0.0	0.0
Node 154		1.27593	1.93004	0.0	0.62758	1.42164	0.85022	0.9689	0.8216899999999999	0.0	2.245	0.88468	0.0	2.3538	0.9702000000000001	1.50089	0.0	0.0	0.6086	0.0	0.0	0.0	0.0	0.0
Node 222		1.9835399999999999	0.9823200000000001	0.55987	0.62758	0.65606	0.70121	2.69807	0.0	0.0	0.8141799999999999	0.0	0.0	0.0	1.80663	2.1271	1.6037599999999999	0.6931299999999999	0.9405600000000001	0.0	0.0	0.0	0.0	0.0
Node 316		2.02573	0.94772	0.0	0.62758	0.66248	0.85022	1.96584	0.54649	0.56002	0.0	0.86647	0.0	1.84304	1.71989	0.0	1.2282	2.33696	0.66809	0.52026	0.0	0.0	0.0	0.0
Node 364		0.5551	0.62761	1.40763	3.1438	1.4280899999999999	0.85022	2.93066	0.7636999999999999	0.7963899999999999	2.51926	0.88468	0.0	0.95444	0.0	1.6826699999999999	0.0	0.0	0.0	0.0	0.0	0.0	0.0	0.0
Node 315		0.8004000000000001	1.7810200000000003	0.0	0.0	0.6689299999999999	0.50749	0.0	0.7636999999999999	0.62443	0.0	1.31699	0.0	0.0	0.0	2.15372	0.9565300000000001	0.90246	0.0	0.90773	0.0	0.0	0.0	0.0
Node 180		0.0	0.8167000000000001	0.8605099999999999	0.91919	0.6689299999999999	1.2832400000000002	0.71931	0.54649	0.0	1.1325	1.45189	0.77967	0.0	2.4240399999999998	0.0	0.7721600000000001	0.0	0.0	0.0	0.0	0.0	0.0	0.0
Node 206		0.0	1.79902	0.8605099999999999	0.62758	0.90133	2.30933	2.92577	0.8751200000000001	0.0	0.0	0.62207	0.7605200000000001	2.4241800000000002	0.0	0.0	0.9565300000000001	0.90246	0.0	0.0	0.0	0.0	0.0	0.0
Node 231		1.2335099999999999	0.62761	0.0	0.64734	0.0	0.70121	0.9969399999999999	0.0	0.64169	0.0	1.74787	0.0	0.8793300000000001	0.83643	0.0	0.0	0.0	0.0	0.0	0.0	0.0	0.0	0.0
Node 132		3.70107	0.62761	0.0	0.0	1.4280899999999999	0.0	0.9969399999999999	0.0	0.0	0.0	0.0	0.0	0.65625	0.0	0.0	0.0	0.0	0.67669	0.0	0.0	0.0	0.0	0.0
Node 163		0.0	0.0	0.84863	0.0	0.0	0.0	1.9337199999999999	1.43523	1.53981	1.6507299999999998	0.95784	1.54274	0.0	1.5248	1.5665200000000001	1.4007	1.8978	1.9533800000000001	0.0	0.0	0.0	0.0	0.0
Node 423		1.29053	0.94772	0.0	0.7467900000000001	0.0	0.52436	0.0	0.0	1.4380799999999998	0.83655	0.0	2.64654	1.75062	0.0	0.6262099999999999	2.46898	0.0	0.67669	0.0	0.0	0.0	0.0	0.0
Node 373		1.53583	0.7946099999999999	1.7091399999999999	0.62758	3.50245	1.4093	0.71931	0.8216899999999999	0.62443	0.0	2.33657	0.0	2.3974100000000003	0.0	0.0	0.5996600000000001	0.9953399999999999	1.65748	1.44874	0.0	0.0	0.0	0.0
Node 194		0.0	0.0	0.0	2.25047	2.09057	0.0	1.96176	1.63882	0.0	0.8962100000000001	0.88468	0.0	2.93494	0.0	0.6262099999999999	0.0	1.9512600000000002	0.84992	0.0	0.0	0.0	0.0	0.0
Node 5		1.0956000000000001	0.8167000000000001	0.0	0.62758	0.0	0.85022	0.9689	0.7636999999999999	1.53694	0.0	0.0	0.0	0.0	0.9702000000000001	1.29145	0.0	0.9953399999999999	0.6086	1.48101	0.0	0.0	0.0	0.0
Node 30		0.5551	0.0	0.68074	1.64012	1.43707	0.0	0.0	0.0	0.0	3.9984100000000002	3.12197	2.64654	0.0	1.84005	0.94875	0.5996600000000001	0.0	0.0	0.52026	0.0	0.0	0.0	0.0
Node 192		0.59729	0.94772	0.89225	1.6203599999999998	0.7591600000000001	0.0	0.71931	0.0	1.42082	0.9272	2.10486	0.0	0.65625	1.8414300000000001	0.94875	0.0	0.9953399999999999	0.84992	0.0	0.0	0.0	0.0	0.0
Node 455		0.0	0.0	0.84776	0.0	0.0	2.0589199999999996	0.0	0.0	0.56002	0.0	1.1744700000000001	0.7605200000000001	0.0	2.5775099999999997	2.3685500000000004	3.13653	0.0	1.66608	0.0	0.0	0.0	0.0	0.0
Node 8		0.0	1.56379	1.7091399999999999	0.64734	2.0777	0.0	1.96176	1.49322	0.0	1.32817	1.3740999999999999	2.4330399999999996	0.8886	0.87123	1.48848	0.5996600000000001	0.0	0.0	0.52026	0.0	0.0	0.0	0.0
Node 228		1.3327200000000001	0.87538	0.84863	0.0	0.66248	0.85022	0.0	0.8216899999999999	1.55626	0.8962100000000001	0.0	2.6336600000000003	0.8667400000000001	0.0	1.4198	0.0	0.0	1.3447799999999999	0.0	0.0	0.0	0.0	0.0
Node 494		0.0	0.62761	2.2740799999999997	0.0	0.6689299999999999	0.0	0.76435	0.0	0.0	0.0	0.95784	2.64654	0.0	0.0	1.6139899999999998	0.9565300000000001	0.0	0.9893900000000001	0.0	0.0	0.0	0.0	0.0
Node 430		0.8004000000000001	0.0	0.0	0.8761	0.85199	0.85022	0.0	0.8216899999999999	1.2017099999999998	1.7050800000000002	2.5217	0.7605200000000001	0.65625	0.0	0.73392	0.5996600000000001	1.60441	0.66809	0.0	0.0	0.0	0.0	0.0
Node 440		1.2903	0.94772	0.84776	0.0	0.65606	0.0	0.71931	2.25692	0.62443	1.6740899999999999	0.88468	0.72765	0.0	1.5248	0.66524	1.37182	0.0	0.0	0.0	0.0	0.0	0.0	0.0
Node 2		0.0	1.60993	1.42632	0.0	0.6689299999999999	0.70121	1.73325	0.8216899999999999	0.0	1.49811	0.0	0.54957	2.37555	0.86985	0.66524	0.5996600000000001	0.9953399999999999	0.53769	0.52026	0.0	0.0	0.0	0.0
Node 119		0.0	0.62761	0.0	0.0	1.42164	0.70121	0.9648199999999999	0.7636999999999999	0.0	1.46712	0.95784	0.0	0.8667400000000001	1.8414300000000001	1.3931799999999999	1.24689	1.78946	0.6086	0.0	0.0	0.0	0.0	0.0
Node 38		0.73543	1.79902	1.7091399999999999	0.0	2.0777	1.09853	1.96584	0.7636999999999999	0.0	2.51926	0.0	0.0	0.8886	0.0	0.0	0.5996600000000001	0.0	1.66608	0.0	0.0	0.0	0.0	0.0
Node 368		0.69301	0.98725	0.0	0.99278	0.6689299999999999	1.39052	1.48366	1.49322	0.7963899999999999	1.7327599999999999	0.88468	0.89285	0.0	0.83643	1.6139899999999998	0.5996600000000001	1.5734499999999998	1.28529	0.0	0.0	0.0	0.0	0.0
Node 382		2.02573	1.93004	0.56581	1.5234400000000001	0.0	0.0	0.9648199999999999	0.0	1.18445	0.0	0.86647	0.0	0.65625	1.7076600000000002	0.6262099999999999	1.55619	0.95592	0.0	0.0	0.0	0.0	0.0	0.0
Node 18		0.59729	1.44431	0.68074	0.0	0.75299	0.57417	3.38985	0.0	0.7963899999999999	1.76375	0.86647	0.99317	0.65625	0.9702000000000001	0.0	0.0	0.95592	0.0	0.0	0.0	0.0	0.0	0.0
Node 275		0.0	1.44431	0.55987	0.62758	0.66248	0.85022	1.96176	0.7636999999999999	0.0	3.05918	1.75115	1.50732	0.51076	2.29027	2.11469	1.55619	0.95592	0.0	0.0	0.0	0.0	0.0	0.0
Node 254		1.6376499999999998	0.0	1.70827	0.0	2.0777	1.27538	0.9689	0.0	0.0	1.53514	0.57429	0.0	1.5229899999999998	0.87123	0.94875	0.0	0.6931299999999999	1.45852	1.48101	0.0	0.0	0.0	0.0
Node 378		0.0	0.94772	0.0	0.62758	2.5170600000000003	0.0	0.0	0.0	0.0	0.8962100000000001	0.0	0.0	0.65625	0.0	1.7157200000000001	0.0	0.0	0.66809	0.0	0.0	0.0	0.0	0.0
Node 498		0.69301	0.0	0.0	0.8761	0.7591600000000001	2.11051	0.9648199999999999	0.7636999999999999	0.64169	0.57091	1.50428	1.48817	0.65625	0.9702000000000001	0.94875	0.52618	0.95592	0.7417499999999999	0.0	0.0	0.0	0.0	0.0
Node 14		0.69301	0.94772	0.0	0.0	1.4280899999999999	0.52436	0.76435	0.8216899999999999	0.64169	0.8141799999999999	0.88468	0.7605200000000001	0.8886	2.39465	0.0	0.7721600000000001	0.0	0.0	0.0	0.0	0.0	0.0	0.0
Node 284		1.0956000000000001	0.0	2.58985	0.99278	0.65606	0.7757499999999999	1.72917	0.0	0.62443	0.9272	0.0	0.89285	0.86202	1.80663	1.4198	0.64723	0.95592	0.84992	0.0	0.0	0.0	0.0	0.0
Node 337		0.0	0.94772	0.0	0.64734	1.42164	0.85022	1.96176	0.7636999999999999	0.62443	1.6740899999999999	0.0	0.7605200000000001	0.0	0.9702000000000001	0.0	0.52618	0.0	0.0	0.0	0.0	0.0	0.0	0.0
Node 314		0.69301	1.74233	0.76458	0.8761	0.7591600000000001	1.22557	2.84522	0.0	0.0	0.0	0.6196	0.0	0.8886	0.8486600000000001	0.73392	0.64723	1.9512600000000002	0.0	0.52026	0.0	0.0	0.0	0.0
Node 342		1.2903	0.0	0.55987	0.0	0.6689299999999999	0.57417	0.9969399999999999	1.43523	0.0	0.0	0.0	0.77967	1.57319	0.0	1.39916	0.0	0.9953399999999999	0.67669	0.0	0.0	0.0	0.0	0.0
Node 60		0.0	1.6113100000000002	1.42632	0.64734	0.85199	0.70121	1.96584	0.67153	0.64169	0.56159	1.50428	0.77967	1.54485	0.87123	1.60935	0.0	0.90246	0.0	0.52026	0.0	0.0	0.0	0.0
Node 73		0.5405	0.7946099999999999	0.0	0.64734	0.85199	0.0	1.96584	0.0	0.0	0.57091	0.0	1.54019	2.3974100000000003	0.58399	0.0	0.7721600000000001	0.0	0.0	0.52026	0.0	0.0	0.0	0.0
Node 98		0.0	0.0	0.84863	0.0	0.0	0.70121	0.9969399999999999	0.91039	0.7963899999999999	0.57091	0.6196	0.0	2.92235	0.0	0.0	0.0	0.0	1.28529	0.0	0.0	0.0	0.0	0.0
Node 341		0.73543	0.94772	1.12568	0.62758	0.85199	0.8849400000000001	0.71931	0.0	0.7963899999999999	0.57091	0.6196	0.89285	0.65625	1.71989	0.0	0.0	1.9512600000000002	0.0	1.48101	0.0	0.0	0.0	0.0
Node 159		0.69301	0.62761	0.0	0.0	0.0	0.0	1.9337199999999999	0.7636999999999999	0.62443	0.0	2.2587800000000002	0.7605200000000001	0.8886	0.0	0.66524	0.9565300000000001	0.9953399999999999	0.0	0.0	0.0	0.0	0.0	0.0
Node 476		0.8004000000000001	0.62761	0.76458	0.62758	2.0844	0.0	1.96176	1.6740899999999999	0.0	0.0	1.50428	0.0	1.4652	0.9702000000000001	2.5546200000000003	0.64723	0.0	1.9533800000000001	0.0	0.0	0.0	0.0	0.0
Node 297		0.0	0.9823200000000001	1.7091399999999999	0.5147900000000001	0.0	1.47696	0.0	0.0	0.0	0.8962100000000001	0.0	0.0	1.51827	1.7076600000000002	0.0	0.5996600000000001	0.90246	1.2766899999999999	0.52026	0.0	0.0	0.0	0.0
Node 251		0.0	0.62761	0.0	0.0	0.65606	1.35771	0.9969399999999999	0.0	0.0	1.32817	2.75654	0.54957	2.92235	0.9702000000000001	0.7669699999999999	0.0	0.95592	0.0	0.0	0.0	0.0	0.0	0.0
Node 1		0.0	0.62761	0.0	0.0	0.6689299999999999	0.0	0.9689	1.63882	0.64169	0.57091	0.0	0.0	0.65625	0.0	0.0	0.0	0.6931299999999999	0.66809	0.0	0.0	0.0	0.0	0.0
Node 202		1.44272	0.0	0.96711	0.99278	1.42164	0.50749	0.9689	1.36818	0.7065100000000001	0.77788	1.48607	1.6533699999999998	0.0	0.0	2.15372	0.64723	0.0	0.0	0.0	0.0	0.0	0.0	0.0
Node 16		0.69301	0.0	0.0	0.64734	1.43707	0.0	0.0	0.91039	0.0	0.57091	1.5638599999999998	0.7605200000000001	2.37555	1.70628	0.75456	0.81369	0.0	1.6707400000000001	1.8684800000000001	0.0	0.0	0.0	0.0
Node 133		0.0	1.93004	3.25871	0.7467900000000001	0.0	1.55143	0.0	0.0	0.62443	0.0	0.0	0.0	0.8667400000000001	2.47175	0.73392	0.0	1.9512600000000002	0.0	0.0	0.0	0.0	0.0	0.0
Node 43		0.9022199999999999	0.9823200000000001	1.72934	0.0	0.0	1.26201	0.9648199999999999	0.0	0.0	1.49811	0.88468	1.44242	0.8793300000000001	0.0	0.94875	0.0	0.0	0.0	0.0	0.0	0.0	0.0	0.0
Node 351		0.69301	0.0	0.0	1.39413	1.42164	2.4363699999999997	1.68821	0.67153	1.44993	0.0	0.6196	0.0	0.0	2.6764799999999997	0.94875	0.0	0.0	0.9893900000000001	0.0	0.0	0.0	0.0	0.0
Node 413		0.59729	0.0	0.84776	0.8761	0.0	0.70121	0.9969399999999999	0.0	1.46638	1.38509	0.0	0.0	0.95444	1.81886	1.39916	0.64723	0.90246	0.0	0.0	0.0	0.0	0.0	0.0
Node 186		1.8310300000000002	0.94772	0.84776	0.0	0.65606	0.0	1.9609499999999997	0.0	0.0	1.74138	2.44391	1.6533699999999998	2.05561	0.83643	0.0	0.9565300000000001	0.0	0.66809	0.52026	0.0	0.0	0.0	0.0
Node 371		0.59729	0.0	0.0	1.6203599999999998	0.0	0.0	1.73325	0.7636999999999999	0.0	0.0	0.88468	0.77967	2.65518	1.70628	1.57496	0.0	0.0	0.0	0.52026	0.0	0.0	0.0	0.0
Node 486		1.45732	1.79902	3.25871	0.0	0.0	0.85022	1.96584	1.5819199999999998	0.0	1.7050800000000002	1.48607	0.72765	0.51076	0.0	0.66524	0.0	0.6931299999999999	0.0	0.0	0.0	0.0	0.0	0.0
Node 261		1.53583	0.0	2.46097	1.5234400000000001	0.65606	1.22557	0.0	3.45192	1.4380799999999998	0.0	0.0	2.26784	2.05561	0.86985	1.7033099999999999	0.0	0.6931299999999999	0.0	0.96075	0.0	0.0	0.0	0.0
Node 213		0.0	0.0	0.0	0.8368499999999999	0.0	0.0	0.9969399999999999	0.0	0.56002	0.0	0.0	0.52107	0.0	0.9702000000000001	0.0	0.64723	1.5955899999999998	0.53769	0.0	0.0	0.0	0.0	0.0
Node 114		0.0	0.0	1.42632	0.0	1.9874699999999998	0.85022	1.9337199999999999	0.0	0.0	0.0	1.2416699999999998	0.0	0.0	0.0	0.7669699999999999	0.5996600000000001	0.95592	0.0	0.5955199999999999	0.0	0.0	0.0	0.0
Node 244		0.73543	0.0	0.0	0.0	0.0	0.70121	0.0	0.8751200000000001	1.18445	3.9984100000000002	0.0	0.0	0.0	2.3250699999999997	0.9796600000000001	0.0	0.0	0.66809	0.0	0.0	0.0	0.0	0.0
Node 201		0.69301	0.62761	0.0	0.0	0.65606	0.7757499999999999	2.92985	0.54649	1.4380799999999998	1.7327599999999999	1.5605799999999999	0.0	1.84304	2.29027	1.36013	0.64723	0.0	0.0	0.0	0.0	0.0	0.0	0.0
Node 22		1.6376499999999998	0.0	0.84863	0.99278	0.6689299999999999	0.0	1.96584	1.58539	0.0	0.9272	1.84252	0.89285	0.68459	0.83643	1.48848	0.0	0.0	0.66809	0.52026	0.0	0.0	0.0	0.0
Node 288		0.0	1.93004	0.76458	0.62758	1.41522	0.85022	0.9969399999999999	0.7636999999999999	0.0	0.57091	0.86319	0.77967	0.95444	0.0	0.6262099999999999	0.0	0.90246	0.6086	1.8684800000000001	0.0	0.0	0.0	0.0
Node 485		0.0	0.62761	0.0	0.99278	0.6689299999999999	0.0	2.68515	0.0	0.0	0.0	0.86647	0.0	0.51076	1.57758	0.6262099999999999	0.0	0.0	0.6086	0.52026	0.0	0.0	0.0	0.0
Node 220		0.0	1.44431	0.56581	0.99278	1.43707	0.85022	1.48366	1.58539	0.0	1.82341	1.5774400000000002	0.7605200000000001	1.7553400000000001	0.58399	0.9796600000000001	0.9565300000000001	1.8978	0.0	0.52026	0.0	0.0	0.0	0.0
Node 446		1.6376499999999998	1.8231000000000002	0.76458	0.0	0.0	1.35771	0.9969399999999999	0.0	0.64169	1.53514	1.75115	1.54019	1.54485	1.54599	0.0	0.0	2.85372	0.66809	0.52026	0.0	0.0	0.0	0.0
Node 87		1.6376499999999998	0.94772	0.0	0.0	2.65046	0.85022	0.0	0.54649	0.0	0.0	0.0	0.7605200000000001	0.8886	1.84005	0.94875	0.0	0.0	1.66608	0.0	0.0	0.0	0.0	0.0
Node 458		0.0	0.9823200000000001	0.0	0.8761	0.66248	1.42439	0.0	0.0	0.7405499999999999	2.25537	0.0	0.0	0.0	0.9702000000000001	0.7669699999999999	0.9565300000000001	1.68847	2.12661	0.0	0.0	0.0	0.0	0.0
Node 79		0.73543	0.94772	0.55987	0.0	0.0	0.0	0.0	0.0	0.0	0.0	0.0	0.72765	0.95444	2.3906199999999997	0.0	0.0	0.0	0.67669	0.52026	0.0	0.0	0.0	0.0
Node 384		0.0	0.62761	1.61321	0.64734	0.0	1.35771	2.84522	0.0	1.18445	1.6507299999999998	0.0	0.7605200000000001	2.37555	1.45522	1.6826699999999999	0.9565300000000001	0.0	1.3447799999999999	0.0	0.0	0.0	0.0	0.0
Node 479		0.5551	0.0	0.0	0.0	0.0	0.0	0.9648199999999999	0.0	0.62443	1.40746	0.88468	0.0	1.4652	0.0	0.73392	0.0	1.8583800000000001	0.0	0.0	0.0	0.0	0.0	0.0
Node 198		0.9022199999999999	0.0	1.4085	1.54677	0.0	0.0	0.76435	0.54649	0.75987	0.87682	1.45189	1.48817	1.61069	0.86985	0.0	0.0	0.0	0.0	0.0	0.0	0.0	0.0	0.0
Node 425		0.73543	0.0	0.0	0.8761	0.7591600000000001	0.0	0.0	0.0	1.3842999999999999	1.74138	0.6196	0.89285	0.8886	2.27949	0.75456	0.5996600000000001	0.90246	1.66608	0.0	0.0	0.0	0.0	0.0
Node 106		0.59729	1.5251000000000001	0.0	0.0	2.76848	0.70121	0.9969399999999999	0.0	0.0	1.49811	0.88468	0.89285	0.7605200000000001	1.6018999999999999	0.94875	0.0	0.0	1.66608	0.0	0.0	0.0	0.0	0.0
Node 49		0.0	0.8167000000000001	0.0	0.0	0.6689299999999999	0.0	1.96584	0.8216899999999999	0.0	0.7572599999999999	0.0	0.0	2.05561	1.5248	0.94875	0.7721600000000001	0.0	0.0	0.0	0.0	0.0	0.0	0.0
Node 51		1.53583	2.4266300000000003	0.55987	0.64734	2.76206	1.34992	1.96584	0.7636999999999999	1.42082	0.87682	0.86647	1.7536900000000002	0.51076	1.43265	0.73392	0.0	0.0	2.6643	0.0	0.0	0.0	0.0	0.0
Node 111		0.0	0.98725	0.0	0.0	1.42164	0.0	0.9969399999999999	1.58539	0.62443	1.82341	0.86647	0.0	0.65625	0.83643	2.43723	0.0	1.8978	0.84992	0.52026	0.0	0.0	0.0	0.0
Node 24		0.0	0.9823200000000001	0.76458	0.0	0.0	0.0	0.9969399999999999	0.0	0.56002	2.30367	0.0	1.50732	0.95444	0.83643	1.48848	0.0	0.50058	0.0	0.0	0.0	0.0	0.0	0.0
Node 50		0.0	0.0	0.68074	0.0	0.66248	1.55143	1.96176	0.54649	0.62443	0.77788	0.7545	0.7605200000000001	0.0	0.9702000000000001	0.0	0.0	0.90246	1.9533800000000001	1.55627	0.0	0.0	0.0	0.0
Node 65		0.69301	0.94772	0.0	0.64734	0.66248	0.0	0.0	0.0	0.0	1.7327599999999999	1.75115	0.0	1.7553400000000001	1.5541900000000002	1.36013	0.64723	0.0	0.0	0.52026	0.0	0.0	0.0	0.0
Node 441		0.73543	1.5753300000000001	0.0	0.64734	0.65606	0.52436	0.0	0.8216899999999999	1.42082	1.38509	2.18018	0.0	1.4652	2.1179900000000003	0.73392	0.0	0.0	0.0	0.52026	0.0	0.0	0.0	0.0
Node 470		0.59729	0.0	0.0	0.7056899999999999	2.19883	0.0	1.54307	0.0	0.0	0.0	1.72966	0.0	0.51076	1.61413	0.66524	0.5996600000000001	0.6931299999999999	0.66809	0.0	0.0	0.0	0.0	0.0
Node 437		2.3859000000000004	0.0	0.0	0.0	1.4280899999999999	1.4093	1.96176	0.0	0.0	1.6507299999999998	1.48607	1.54019	2.2661000000000002	1.7185099999999998	0.0	0.9565300000000001	1.8978	0.6086	0.0	0.0	0.0	0.0	0.0
Node 29		0.0	0.0	0.0	0.9776999999999999	0.6689299999999999	0.52436	0.0	1.5466499999999999	1.42082	1.6507299999999998	0.6196	0.77967	2.6079000000000003	2.58433	2.11469	0.0	0.9953399999999999	0.67669	0.0	0.0	0.0	0.0	0.0
Node 177		1.3327200000000001	0.0	0.0	1.64012	1.42164	2.2913900000000003	0.0	0.8216899999999999	1.42082	1.46712	0.0	1.67252	0.0	2.4240399999999998	1.29145	0.0	0.90646	1.66608	0.0	0.0	0.0	0.0	0.0
Node 265		1.47157	0.0	0.0	0.7467900000000001	0.0	1.42439	0.0	0.54649	0.56002	2.2216400000000003	0.0	2.40017	0.8886	0.0	0.94875	0.88354	0.0	1.28529	0.0	0.0	0.0	0.0	0.0
Node 359		1.13779	0.0	0.0	0.0	0.0	0.0	0.9689	0.54649	0.62443	0.0	0.6196	0.0	0.0	1.45384	0.6262099999999999	0.0	0.95592	0.0	0.90773	0.0	0.0	0.0	0.0
Node 426		0.5405	0.98725	0.0	0.64734	0.0	1.55143	0.0	1.58539	0.0	0.0	0.0	0.0	2.03375	2.45177	0.73392	0.0	0.0	0.0	0.0	0.0	0.0	0.0	0.0
Node 72		0.5405	1.7810200000000003	0.84863	0.0	0.0	0.0	1.76129	0.0	0.8664	1.7103899999999999	0.62207	0.0	0.0	1.7076600000000002	0.0	0.5996600000000001	1.60441	1.28529	0.0	0.0	0.0	0.0	0.0
Node 181		0.5551	0.94772	0.84776	0.8761	0.0	0.85022	0.9969399999999999	0.0	0.62443	1.76375	2.2938400000000003	0.0	0.51076	0.83643	0.0	1.6037599999999999	1.9512600000000002	0.0	0.52026	0.0	0.0	0.0	0.0
Node 286		0.9022199999999999	0.0	0.0	1.50368	0.0	0.0	2.68515	0.0	0.7963899999999999	0.77788	0.0	0.0	0.0	0.83643	0.0	0.0	0.0	0.0	0.52026	0.0	0.0	0.0	0.0
Node 469		0.5551	0.98725	0.0	0.64734	0.65606	0.0	1.96176	0.7636999999999999	0.7963899999999999	0.57091	0.86647	2.61451	0.0	0.87123	0.6262099999999999	0.9565300000000001	0.0	1.26421	0.0	0.0	0.0	0.0	0.0
Node 499		1.29053	0.0	0.0	0.99278	0.99614	0.70121	0.0	0.67153	0.5162599999999999	0.9272	1.2416699999999998	0.0	1.7263400000000002	0.0	0.6262099999999999	0.0	1.6490500000000001	1.65748	0.0	0.0	0.0	0.0	0.0
Node 93		0.0	0.62761	0.0	0.62758	0.0	0.0	0.0	1.31019	0.0	0.57091	0.88468	0.0	0.51076	1.81886	2.4702800000000003	1.45073	0.9953399999999999	0.0	0.0	0.0	0.0	0.0	0.0
Node 46		0.0	0.98725	1.7091399999999999	0.99278	1.31854	0.0	0.0	0.0	0.0	0.0	0.6196	0.0	1.82118	0.9702000000000001	0.0	0.64723	0.9953399999999999	1.66608	0.0	0.0	0.0	0.0	0.0
Node 187		0.5405	0.0	0.0	0.0	2.0844	0.0	0.9969399999999999	0.7636999999999999	0.7065100000000001	0.83655	0.86647	0.0	1.3775000000000002	1.45522	1.3847399999999999	0.0	1.6490500000000001	0.0	0.0	0.0	0.0	0.0	0.0
Node 483		0.69301	1.93004	0.84776	0.64734	1.99645	0.0	1.9246699999999999	0.0	0.0	1.82341	0.0	0.77967	0.8886	0.87123	0.75456	0.5996600000000001	0.90246	0.0	0.96075	0.0	0.0	0.0	0.0
Node 360		0.5405	0.87538	0.0	0.0	0.7591600000000001	0.0	0.0	1.58539	0.62443	2.2813	0.6196	0.7605200000000001	0.95444	1.7076600000000002	1.39916	0.0	0.0	0.0	0.0	0.0	0.0	0.0	0.0
Node 435		2.02573	0.0	0.55987	0.7467900000000001	0.0	1.2832400000000002	1.72917	0.8216899999999999	1.46638	1.82341	1.1938900000000001	1.6205	0.65625	0.86985	2.32952	0.0	0.95592	0.0	0.0	0.0	0.0	0.0	0.0
Node 358		0.5405	0.87538	0.0	0.64734	0.0	2.37779	0.9969399999999999	0.0	0.0	0.0	2.31508	0.54957	0.85256	0.58399	0.94875	0.0	0.6931299999999999	0.0	0.0	0.0	0.0	0.0	0.0
Node 361		0.59729	0.0	0.84776	0.0	0.0	1.42439	0.0	1.58539	1.3564100000000001	0.0	0.86647	0.0	2.41159	1.81886	2.3685500000000004	0.0	0.0	0.66809	0.54101	0.0	0.0	0.0	0.0
Node 290		0.5551	0.0	0.0	0.0	0.6689299999999999	0.0	0.0	0.0	0.62443	0.8962100000000001	0.0	1.48817	0.8886	1.45522	0.0	0.0	0.0	0.0	0.0	0.0	0.0	0.0	0.0
Node 391		1.2903	0.0	0.56581	0.0	0.0	2.0208899999999996	1.90238	1.49322	0.62443	0.0	0.88468	0.7605200000000001	1.82118	0.58399	2.97412	0.0	0.0	0.0	0.0	0.0	0.0	0.0	0.0
Node 89		0.5551	0.0	0.0	0.8761	1.4280899999999999	0.0	0.71931	0.0	0.62443	0.0	0.88468	0.72765	0.0	0.86985	1.3931799999999999	0.0	0.50058	0.66809	0.0	0.0	0.0	0.0	0.0
Node 405		0.0	0.0	0.56581	0.64734	0.0	0.8849400000000001	0.0	0.8216899999999999	0.0	3.2085000000000004	2.2587800000000002	0.77967	2.47743	0.72495	0.0	0.64723	0.0	0.6086	0.0	0.0	0.0	0.0	0.0
Node 100		1.7026199999999998	0.0	1.41357	1.36221	0.7591600000000001	0.85022	1.9609499999999997	0.53518	0.7405499999999999	0.0	1.58207	1.6533699999999998	0.68459	1.5541900000000002	1.57496	0.9565300000000001	0.0	0.53769	0.52026	0.0	0.0	0.0	0.0
Node 399		1.42844	1.93004	0.0	0.7056899999999999	0.65606	0.0	0.0	0.0	0.0	1.38509	0.86647	0.0	2.47743	1.8414300000000001	0.94875	0.7721600000000001	0.9953399999999999	0.0	0.90773	0.0	0.0	0.0	0.0
Node 467		0.0	0.0	0.55987	0.64734	1.5299	1.2087	0.9969399999999999	0.8216899999999999	0.0	0.8962100000000001	1.50428	1.6533699999999998	0.0	0.0	0.73392	0.0	0.95592	0.0	0.96075	0.0	0.0	0.0	0.0
Node 123		1.8454000000000002	0.0	0.0	0.62758	0.0	0.85022	1.72917	0.0	1.3481999999999998	0.81013	0.0	0.0	0.85256	0.67614	0.73392	0.9269400000000001	0.90246	0.66809	0.0	0.0	0.0	0.0	0.0
Node 454		0.59729	1.5753300000000001	0.0	0.62758	0.6689299999999999	1.78287	0.0	0.67153	0.74342	0.8962100000000001	1.82431	0.7605200000000001	0.65625	0.67614	2.3685500000000004	0.55418	0.9953399999999999	0.6086	0.0	0.0	0.0	0.0	0.0
Node 71		0.69301	2.74674	0.0	1.6203599999999998	0.65606	0.0	0.9689	0.0	0.7963899999999999	0.83655	1.63918	0.7605200000000001	1.84304	0.58399	0.0	0.0	0.0	0.0	2.07653	0.0	0.0	0.0	0.0
Node 190		0.69301	0.0	1.42038	1.8688799999999999	0.7591600000000001	0.0	0.0	0.8216899999999999	0.62443	1.7327599999999999	0.95784	0.77967	0.0	0.58399	0.7669699999999999	0.9565300000000001	0.0	0.0	0.0	0.0	0.0	0.0	0.0
Node 143		0.59729	0.0	0.0	1.7009	0.6689299999999999	0.61477	0.0	1.58539	0.0	0.0	0.0	1.67252	0.8886	0.0	0.66524	0.0	0.0	0.55903	0.0	0.0	0.0	0.0	0.0
Node 138		0.69301	1.8231000000000002	0.0	1.64012	0.66248	1.55143	0.9689	0.0	1.42082	1.46712	1.50428	0.0	0.8667400000000001	0.0	1.57496	0.0	0.0	1.9533800000000001	0.90773	0.0	0.0	0.0	0.0
Node 298		0.59729	0.8167000000000001	0.0	0.0	0.65606	0.50749	0.9648199999999999	0.0	0.75987	1.46712	0.0	0.77967	1.7553400000000001	3.2618500000000004	0.94875	0.55418	0.90246	1.3447799999999999	0.0	0.0	0.0	0.0	0.0
Node 495		0.5551	0.8167000000000001	0.0	0.7467900000000001	2.95154	0.7757499999999999	1.48366	0.7636999999999999	0.0	0.7572599999999999	0.0	0.0	0.95444	0.58399	0.73392	0.0	0.95592	0.0	1.06127	0.0	0.0	0.0	0.0
Node 209		0.73543	0.0	0.84863	0.0	1.4309	0.85022	0.9689	0.0	0.0	0.0	0.88468	1.48817	0.8886	0.83643	0.73392	0.0	0.0	0.0	0.0	0.0	0.0	0.0	0.0
Node 319		1.6376499999999998	0.0	0.0	0.0	0.0	0.0	0.0	0.0	2.14459	1.7133700000000003	0.0	0.0	0.51076	0.83643	0.0	0.0	1.34721	0.0	0.0	0.0	0.0	0.0	0.0
Node 335		0.0	0.0	0.55987	0.8761	2.09057	0.7399600000000001	1.72917	0.0	0.0	0.57091	1.50428	1.54019	1.39936	0.0	0.7669699999999999	0.9565300000000001	1.60441	0.72652	0.52026	0.0	0.0	0.0	0.0
Node 410		0.0	0.0	0.55987	0.0	0.7591600000000001	0.0	2.68107	0.54649	1.3564100000000001	0.0	0.0	0.89285	0.95444	2.31146	0.0	0.0	0.0	0.66809	0.0	0.0	0.0	0.0	0.0
Node 36		0.0	0.0	0.0	0.64734	2.0844	0.0	0.9689	2.25692	1.42082	0.0	0.88468	0.0	2.01957	0.0	1.57496	0.64723	2.33696	0.0	0.0	0.0	0.0	0.0	0.0
Node 253		1.3327200000000001	0.62761	1.65683	1.9240799999999998	1.33141	1.78287	1.67508	0.0	1.42082	0.0	0.0	0.0	1.3775000000000002	0.83643	0.0	1.24689	1.60441	0.0	0.0	0.0	0.0	0.0	0.0
Node 474		0.0	1.60993	0.0	0.8761	0.6689299999999999	0.0	1.54307	0.8216899999999999	0.0	0.57091	0.0	0.0	1.39936	0.58399	2.3479099999999997	0.0	0.0	0.0	0.52026	0.0	0.0	0.0	0.0
Node 357		1.42844	0.0	0.0	0.62758	0.75299	0.0	0.9689	1.31019	0.0	1.691	0.0	0.0	0.0	0.0	0.0	0.64723	0.90246	0.67669	0.0	0.0	0.0	0.0	0.0
Node 404		0.5551	2.4045400000000003	1.33039	0.8761	0.0	0.0	0.93756	0.0	0.7065100000000001	1.46712	0.88468	1.50732	0.65625	2.65529	1.6826699999999999	0.0	0.90246	0.6086	0.0	0.0	0.0	0.0	0.0
Node 124		0.69301	0.9823200000000001	0.55987	2.25047	1.34684	1.39052	0.9648199999999999	0.54649	0.0	1.82341	1.48607	0.0	0.85256	0.0	0.0	0.88354	0.6931299999999999	0.66809	0.0	0.0	0.0	0.0	0.0
Node 55		0.5551	0.62761	0.0	1.27492	1.4280899999999999	2.30933	0.9689	0.0	0.56002	1.74138	0.0	0.0	1.61069	0.83643	0.94875	0.0	0.0	0.66809	0.0	0.0	0.0	0.0	0.0
Node 6		1.6376499999999998	0.0	0.84863	1.6203599999999998	0.65606	1.39052	2.92985	0.8216899999999999	0.0	2.5779300000000003	0.0	0.0	0.8886	0.0	0.94875	0.0	0.90246	0.66809	0.0	0.0	0.0	0.0	0.0
Node 91		0.0	0.8167000000000001	0.0	0.8761	0.99614	0.8849400000000001	3.6491599999999997	0.7636999999999999	0.0	0.77788	0.0	0.77967	0.8667400000000001	0.0	0.94875	0.0	1.9512600000000002	0.9893900000000001	0.0	0.0	0.0	0.0	0.0
Node 419		1.0956000000000001	0.0	0.84776	0.0	1.31854	0.0	0.9689	0.0	1.57291	0.83655	1.58207	0.77967	0.0	1.70628	1.60935	0.0	0.0	1.5979899999999998	0.52026	0.0	0.0	0.0	0.0
Node 76		0.0	0.62761	0.0	0.0	0.0	0.0	0.96401	0.67153	2.14459	0.57091	0.6196	1.50732	0.95444	0.83643	0.0	0.0	0.9953399999999999	1.5979899999999998	0.0	0.0	0.0	0.0	0.0
Node 197		0.0	0.0	0.76458	1.9240799999999998	0.0	1.4093	1.92883	0.7636999999999999	0.7405499999999999	2.58721	0.0	0.0	2.3538	1.70628	1.60587	0.0	0.0	0.0	0.0	0.0	0.0	0.0	0.0
Node 311		1.87322	0.0	0.0	0.0	0.65606	1.44117	0.0	2.25692	2.12485	0.0	1.74787	0.77967	0.8886	0.86985	1.36013	0.64723	0.0	0.0	0.52026	0.0	0.0	0.0	0.0
Node 86		0.0	0.0	0.0	0.99278	0.7591600000000001	0.85022	0.9648199999999999	1.49322	0.0	0.0	0.0	1.54274	0.8886	0.0	2.3479099999999997	0.5996600000000001	1.8583800000000001	0.0	0.52026	0.0	0.0	0.0	0.0
Node 282		1.2335099999999999	1.87825	0.0	0.8761	0.7591600000000001	1.55143	0.71931	0.7636999999999999	0.0	0.77788	0.0	0.0	0.65625	1.80663	0.0	0.9565300000000001	1.86238	0.0	0.0	0.0	0.0	0.0	0.0
Node 67		0.0	1.93004	0.0	0.0	0.0	1.55143	0.76435	0.0	1.3126499999999999	0.8962100000000001	0.88468	0.7605200000000001	0.65625	0.83643	0.0	0.0	0.0	1.9533800000000001	0.90773	0.0	0.0	0.0	0.0
Node 475		0.5551	1.5753300000000001	0.55987	1.50368	0.85199	0.57417	2.6481399999999997	0.0	0.5162599999999999	1.74138	0.0	0.77967	2.70978	0.0	0.0	0.0	0.9953399999999999	0.0	0.0	0.0	0.0	0.0	0.0
Node 450		0.73543	0.0	0.55987	0.0	1.4280899999999999	0.70121	0.71931	1.49322	0.56002	1.691	0.6196	1.67252	0.51076	0.83643	0.6262099999999999	0.64723	0.0	0.6086	0.0	0.0	0.0	0.0	0.0
Node 464		0.0	0.0	0.0	0.78171	0.0	0.0	2.68107	1.58539	0.0	0.83655	0.86647	0.77967	0.8886	1.74108	0.0	0.0	2.34777	0.72652	0.52026	0.0	0.0	0.0	0.0
Node 424		0.9022199999999999	0.9823200000000001	0.84776	0.0	0.6689299999999999	1.7351599999999998	0.0	0.0	0.0	1.38509	0.86319	0.7605200000000001	1.54485	2.3038800000000004	0.94875	0.0	0.0	0.0	0.54101	0.0	0.0	0.0	0.0
Node 292		0.0	0.0	0.84863	1.45183	3.08671	0.0	0.96401	1.21802	1.30057	0.0	0.0	0.0	0.51076	0.86985	2.37284	0.9565300000000001	0.0	0.66809	0.0	0.0	0.0	0.0	0.0
Node 263		0.5405	2.74674	1.40763	0.64734	0.0	1.27538	1.96176	0.0	0.62443	1.59206	0.57429	0.0	0.8886	3.4207599999999996	1.36013	0.0	0.0	2.2660799999999997	0.0	0.0	0.0	0.0	0.0
Node 88		0.69301	0.0	0.0	1.64012	0.65606	0.0	0.9648199999999999	0.7636999999999999	0.64169	1.6740899999999999	0.0	2.4330399999999996	0.95444	0.0	2.32952	0.0	0.0	1.65748	0.0	0.0	0.0	0.0	0.0
Node 444		0.59729	0.0	0.84863	0.0	1.61115	1.35771	0.63634	0.7636999999999999	0.64169	0.83655	1.50428	2.40017	2.41159	0.83643	1.48848	0.0	0.0	0.55903	0.0	0.0	0.0	0.0	0.0
Node 491		0.5551	1.79902	1.61321	1.50368	0.85199	0.70121	0.9689	0.0	0.64169	0.0	0.0	0.7605200000000001	1.39936	0.87123	0.7669699999999999	0.0	0.0	0.0	1.42799	0.0	0.0	0.0	0.0
Node 171		1.0956000000000001	3.3020300000000002	0.0	0.7467900000000001	0.6689299999999999	0.70121	0.9969399999999999	0.0	0.7963899999999999	0.83655	1.71234	0.0	0.8886	0.83643	1.7157200000000001	0.5996600000000001	0.95592	0.0	0.0	0.0	0.0	0.0	0.0
Node 336		0.5551	0.62761	0.84863	0.0	1.42164	1.3001099999999999	1.90238	0.91039	0.56002	0.0	1.48607	0.89285	0.0	1.54599	0.94875	0.9565300000000001	0.9953399999999999	0.66809	0.96075	0.0	0.0	0.0	0.0
Node 248		0.0	0.8167000000000001	0.0	0.0	2.43321	0.73765	1.68821	0.7636999999999999	1.2017099999999998	2.16297	0.0	0.99317	1.7553400000000001	0.0	1.6826699999999999	0.0	0.0	0.0	0.0	0.0	0.0	0.0	0.0
Node 17		0.0	0.94772	0.8605099999999999	0.62758	0.65606	0.0	0.0	0.7636999999999999	0.0	1.82341	0.62207	1.6205	0.0	0.0	0.6262099999999999	0.64723	1.8583800000000001	0.0	0.0	0.0	0.0	0.0	0.0
Node 370		0.5551	0.8167000000000001	3.2398999999999996	1.64012	0.0	0.85022	2.92577	0.0	0.64169	0.57091	0.0	0.7605200000000001	0.8886	1.80663	0.73392	0.5996600000000001	0.90246	0.66809	0.0	0.0	0.0	0.0	0.0
Node 274		0.0	0.62761	0.0	0.8761	0.66248	0.85022	0.9689	0.8216899999999999	0.62443	0.57091	1.5638599999999998	0.7605200000000001	0.8667400000000001	2.29027	3.10676	0.9565300000000001	0.0	2.2660799999999997	0.0	0.0	0.0	0.0	0.0
Node 390		1.0956000000000001	0.9823200000000001	0.0	1.6203599999999998	0.0	0.0	0.0	0.0	1.42082	0.0	0.0	0.0	0.51076	1.45522	0.66524	0.0	0.90246	0.9893900000000001	0.0	0.0	0.0	0.0	0.0
Node 387		1.6376499999999998	0.94772	0.0	0.64734	0.7591600000000001	0.0	1.68413	0.67153	0.0	0.7572599999999999	0.6196	0.0	0.8667400000000001	0.0	0.7669699999999999	0.5996600000000001	1.8583800000000001	0.66809	0.0	0.0	0.0	0.0	0.0
Node 468		1.7886099999999998	0.0	0.0	0.0	0.0	0.0	1.9337199999999999	2.3103499999999997	1.18445	0.77788	0.0	0.99317	0.0	0.0	0.0	0.5996600000000001	2.85772	0.66809	0.52026	0.0	0.0	0.0	0.0
Node 312		0.59729	0.0	1.70827	0.62758	0.75299	0.0	0.9969399999999999	0.0	0.62443	2.33466	0.69739	0.72765	1.54485	0.8486600000000001	0.94875	1.55619	1.6490500000000001	1.51801	0.0	0.0	0.0	0.0	0.0
Node 69		0.0	0.9823200000000001	0.0	0.64734	0.0	0.70121	0.9648199999999999	1.58539	0.0	0.7572599999999999	0.0	1.7777100000000001	2.03375	1.42042	1.6139899999999998	0.0	0.9953399999999999	0.0	0.0	0.0	0.0	0.0	0.0
Node 260		0.5551	0.62761	0.0	0.7467900000000001	0.66248	2.79888	0.9648199999999999	0.7636999999999999	0.0	1.7050800000000002	0.0	0.0	0.0	1.80663	1.5628199999999999	0.7721600000000001	0.0	0.0	0.0	0.0	0.0	0.0	0.0
Node 356		0.5405	0.0	0.56581	0.64734	0.67791	0.57417	0.0	0.0	0.62443	0.0	0.88468	1.54274	0.65625	0.83643	2.57874	0.0	0.0	0.66809	0.0	0.0	0.0	0.0	0.0
Node 279		0.69301	1.5753300000000001	1.7091399999999999	0.7467900000000001	1.42164	0.0	0.9689	0.8216899999999999	0.7065100000000001	1.7050800000000002	0.0	2.38102	0.0	0.0	0.0	0.0	0.50058	0.6086	0.90773	0.0	0.0	0.0	0.0
Node 414		0.5551	0.0	0.0	1.50368	0.65606	0.50749	0.0	2.89211	0.7065100000000001	2.2216400000000003	1.75115	0.77967	1.1670099999999999	1.80663	0.6262099999999999	0.9565300000000001	1.5955899999999998	0.0	0.96075	0.0	0.0	0.0	0.0
Node 150		0.5551	0.0	0.0	0.62758	0.85199	0.0	1.72836	0.8751200000000001	0.62443	0.0	1.82431	0.0	1.61069	1.8414300000000001	0.94875	1.55619	1.34162	0.0	0.0	0.0	0.0	0.0	0.0
Node 173		0.0	1.60993	0.84776	0.0	1.6740499999999998	1.55143	1.96176	0.0	0.0	0.7572599999999999	2.36747	1.7536900000000002	0.79743	0.9702000000000001	2.15372	0.0	0.0	1.3447799999999999	0.0	0.0	0.0	0.0	0.0
Node 303		0.73543	0.94772	0.0	0.0	2.74046	1.2832400000000002	1.96176	0.8216899999999999	0.0	2.6012899999999997	0.0	0.77967	1.39936	0.0	1.6826699999999999	0.0	0.90246	0.9893900000000001	0.0	0.0	0.0	0.0	0.0
Node 415		1.2903	0.62761	0.56581	0.62758	0.0	0.85022	0.76435	0.0	0.0	3.53678	0.0	0.76214	0.68459	2.4240399999999998	0.73392	0.64723	1.9512600000000002	0.0	1.44874	0.0	0.0	0.0	0.0
Node 302		0.0	1.74233	0.0	0.8761	0.0	0.0	1.72917	1.73208	0.0	0.0	1.50428	1.6533699999999998	0.8667400000000001	0.83643	0.94875	0.64723	0.0	0.0	0.0	0.0	0.0	0.0	0.0
Node 58		1.44272	0.0	0.0	0.7467900000000001	1.43707	1.47696	0.96401	0.0	1.18445	3.47414	0.6196	0.99317	0.0	1.5674199999999998	2.3685500000000004	1.4193900000000002	1.8978	0.0	0.0	0.0	0.0	0.0	0.0
Node 394		0.9022199999999999	0.0	0.84863	0.0	0.0	0.0	1.72836	0.0	0.7065100000000001	0.0	0.0	0.7605200000000001	0.51076	1.84005	1.39916	1.24689	2.59975	0.6086	0.90773	0.0	0.0	0.0	0.0
Node 443		0.0	0.94772	0.84863	0.0	0.0	0.50749	0.9689	0.0	0.0	0.8141799999999999	0.0	2.53336	0.0	2.6764799999999997	1.3807699999999998	0.0	0.9953399999999999	2.33417	0.0	0.0	0.0	0.0	0.0
Node 374		0.0	2.5576499999999998	0.0	0.64734	0.6689299999999999	0.70121	0.0	2.1318799999999998	0.62443	2.2216400000000003	0.0	1.7536900000000002	0.0	0.86985	0.0	0.7721600000000001	0.0	0.66809	0.0	0.0	0.0	0.0	0.0
Node 349		1.2903	0.0	0.84863	0.0	0.0	0.0	0.76435	0.0	0.7963899999999999	1.46712	1.75115	0.54957	0.62878	0.67614	1.6139899999999998	0.0	0.95592	1.2766899999999999	0.0	0.0	0.0	0.0	0.0
Node 322		1.0956000000000001	0.62761	1.42038	2.0566299999999997	0.66248	0.85022	1.73325	0.0	0.62443	0.0	0.62207	0.0	1.1670099999999999	3.4207599999999996	0.75456	0.5996600000000001	0.0	0.6086	0.52026	0.0	0.0	0.0	0.0
Node 262		1.56408	0.0	0.84863	1.5502099999999999	0.0	0.85022	0.9648199999999999	0.0	0.64169	2.2216400000000003	0.88468	0.0	0.8886	0.83643	1.6139899999999998	0.0	0.0	0.0	0.96075	0.0	0.0	0.0	0.0
Node 176		1.39769	0.87538	1.69639	0.0	1.31854	1.55143	1.71625	0.8216899999999999	0.7963899999999999	1.7541399999999998	0.0	0.0	1.3775000000000002	0.8486600000000001	0.0	0.0	1.9512600000000002	1.5979899999999998	0.0	0.0	0.0	0.0	0.0
Node 161		0.59729	0.8167000000000001	2.2740799999999997	0.0	2.19883	0.85022	0.0	0.0	0.75987	1.82341	1.50337	0.7605200000000001	1.39936	0.0	0.73392	0.0	2.85372	0.0	0.0	0.0	0.0	0.0	0.0
Node 379		1.24811	1.39408	0.84863	0.0	0.6689299999999999	0.70121	0.71931	1.58539	0.7963899999999999	0.0	0.0	0.77967	0.51076	0.0	1.29145	0.64723	0.0	0.66809	0.0	0.0	0.0	0.0	0.0
Node 466		0.0	0.0	0.55987	1.5502099999999999	0.7591600000000001	1.62597	0.9648199999999999	1.45688	0.62443	0.57091	0.6196	0.0	0.0	0.86985	1.39916	0.0	0.50058	0.0	0.0	0.0	0.0	0.0	0.0
Node 344		1.8308000000000002	1.7644199999999999	0.55987	0.0	2.09057	1.4093	0.9969399999999999	0.0	1.53694	2.51926	1.50428	0.0	0.65625	0.0	2.3479099999999997	2.20342	1.55095	0.66809	0.0	0.0	0.0	0.0	0.0
Node 433		0.5405	0.0	0.8605099999999999	1.1621299999999999	2.09955	0.52436	0.9689	0.67153	0.7963899999999999	1.46712	0.0	0.77967	1.63903	0.83643	0.73392	0.5996600000000001	0.6931299999999999	0.6086	0.0	0.0	0.0	0.0	0.0
Node 340		1.87322	0.0	0.0	1.7744900000000001	0.0	0.70121	0.9689	0.8216899999999999	0.56002	2.5469399999999998	0.0	0.99317	0.65625	0.83643	1.29145	0.5996600000000001	0.0	0.66809	0.0	0.0	0.0	0.0	0.0
Node 456		0.73543	0.9823200000000001	3.40061	0.8761	2.41778	0.50749	0.9648199999999999	1.36818	0.7963899999999999	1.46712	1.63918	0.0	0.0	1.43265	1.6826699999999999	0.0	0.0	0.66809	0.0	0.0	0.0	0.0	0.0
Node 214		0.0	0.94772	1.42632	2.25047	1.31854	1.7351599999999998	1.96584	0.0	0.0	0.57091	1.50428	0.99317	0.8886	0.0	1.92841	0.64723	0.90246	0.0	0.52026	0.0	0.0	0.0	0.0
Node 317		0.0	0.94772	0.0	0.64734	1.42164	0.50749	1.96176	0.0	0.0	0.7572599999999999	0.0	1.6205	0.0	0.58399	0.0	0.0	1.9512600000000002	0.0	0.54101	0.0	0.0	0.0	0.0
Node 128		0.59729	0.94772	0.84863	0.8761	0.0	1.4093	0.0	0.8216899999999999	0.0	0.57091	0.6196	0.0	0.65625	0.67614	2.5546200000000003	2.20342	0.90246	0.66809	0.0	0.0	0.0	0.0	0.0
Node 471		0.0	0.0	0.0	0.99278	0.0	0.0	0.0	0.0	1.82614	0.57091	0.86647	0.77967	1.54485	0.0	0.0	1.55619	0.0	0.6086	0.0	0.0	0.0	0.0	0.0
Node 481		2.0909299999999997	0.0	0.0	1.96228	0.0	0.0	0.9648199999999999	0.67153	0.62443	0.0	0.0	0.0	0.65625	0.87123	1.6139899999999998	1.34441	1.5955899999999998	0.0	0.54101	0.0	0.0	0.0	0.0
Node 32		1.2335099999999999	0.8167000000000001	0.0	0.0	1.33141	0.0	0.0	2.09314	0.62443	0.57091	0.6196	0.7605200000000001	0.8886	0.9702000000000001	1.5628199999999999	1.4193900000000002	0.90246	0.67669	0.0	0.0	0.0	0.0	0.0
Node 195		0.59729	0.9823200000000001	0.84863	0.0	0.66248	0.70121	0.0	1.43523	0.7963899999999999	0.0	0.62207	0.7605200000000001	2.2661000000000002	0.87123	1.6299899999999998	0.0	1.8978	0.66809	0.52026	0.0	0.0	0.0	0.0
Node 172		0.0	0.0	1.42632	0.7056899999999999	0.0	0.0	2.68107	0.0	0.0	0.0	0.86647	0.0	2.47743	0.0	2.14774	0.7721600000000001	1.4565	0.0	0.0	0.0	0.0	0.0	0.0
Node 395		0.59729	0.0	0.0	0.7056899999999999	0.0	0.70121	1.9337199999999999	0.8216899999999999	0.56002	0.57091	0.88468	0.89285	0.51076	1.80663	0.0	0.0	0.0	0.0	0.52026	0.0	0.0	0.0	0.0
Node 33		1.27593	0.87538	0.0	2.66581	0.0	0.0	1.72917	0.0	0.7963899999999999	1.40746	0.86647	0.0	0.0	1.45522	0.94875	2.32835	1.8978	0.84992	0.0	0.0	0.0	0.0	0.0
Node 243		0.0	0.8167000000000001	2.2622	0.62758	1.42164	0.70121	0.0	0.8216899999999999	0.7963899999999999	0.9272	0.0	0.0	0.51076	0.0	0.0	0.0	0.0	1.3447799999999999	0.0	0.0	0.0	0.0	0.0
Node 141		0.73543	0.94772	0.76458	1.5234400000000001	0.0	1.42439	0.76435	0.7636999999999999	0.62443	1.76375	0.6196	0.7605200000000001	0.8886	0.9702000000000001	1.35169	0.9565300000000001	1.8978	1.26421	0.0	0.0	0.0	0.0	0.0
Node 267		0.0	0.9823200000000001	0.76458	1.27492	0.65606	0.50749	0.0	0.0	1.18445	0.8962100000000001	0.0	0.0	1.7553400000000001	0.83643	1.37096	1.8400699999999999	0.90246	0.66809	0.52026	0.0	0.0	0.0	0.0
Node 389		0.59729	1.93004	0.0	0.99278	0.0	0.0	0.9689	0.7636999999999999	0.7963899999999999	0.0	0.6196	0.0	0.8793300000000001	1.70628	0.73392	0.9565300000000001	0.95592	1.28529	0.0	0.0	0.0	0.0	0.0
Node 61		0.59729	1.8577	0.0	0.0	0.0	0.70121	1.9337199999999999	0.0	0.7963899999999999	1.38509	2.2372900000000002	0.0	0.0	0.9702000000000001	0.7669699999999999	0.0	0.90246	0.6086	0.0	0.0	0.0	0.0	0.0
Node 40		0.59729	0.87538	0.0	0.99278	0.6689299999999999	1.46499	0.0	0.0	0.0	0.0	0.0	0.7605200000000001	1.84304	0.86985	0.0	0.0	0.5581	0.67669	0.54101	0.0	0.0	0.0	0.0
Node 105		0.73543	0.9823200000000001	0.84776	0.62758	0.66248	0.70121	0.0	0.0	0.0	2.58067	2.2587800000000002	0.99317	1.3775000000000002	0.87123	1.7157200000000001	0.0	0.0	0.0	0.0	0.0	0.0	0.0	0.0
Node 406		0.5405	0.7728999999999999	0.0	1.39413	1.3339699999999999	1.22557	0.0	0.8216899999999999	0.5162599999999999	0.8141799999999999	0.0	0.0	0.86202	0.0	0.6262099999999999	1.55619	1.8978	0.0	0.0	0.0	0.0	0.0	0.0
Node 185		0.73543	1.76857	0.0	0.0	1.42164	0.50749	0.0	0.8216899999999999	0.7963899999999999	0.77788	0.86647	0.89285	1.4652	2.3906199999999997	0.0	0.0	0.0	0.0	0.54101	0.0	0.0	0.0	0.0
Node 230		0.69301	1.7810200000000003	0.0	2.36715	0.0	0.0	0.96401	1.58539	0.7065100000000001	0.7572599999999999	0.0	1.6205	0.65625	0.9702000000000001	2.44195	0.0	0.0	0.0	0.0	0.0	0.0	0.0	0.0
Node 242		0.5405	0.87538	0.0	0.7467900000000001	0.0	0.80783	0.9648199999999999	0.0	0.7963899999999999	0.57091	0.0	0.0	0.0	0.83643	0.73392	0.0	0.0	1.5979899999999998	0.0	0.0	0.0	0.0	0.0
Node 117		0.69301	0.0	0.0	0.62758	2.0777	2.8336900000000003	0.9689	0.0	0.62443	0.0	0.88468	0.0	0.8886	1.84005	2.11469	0.64723	0.9953399999999999	0.6086	0.0	0.0	0.0	0.0	0.0
Node 480		2.63143	0.98725	0.84863	2.25047	0.0	0.7399600000000001	0.0	0.8751200000000001	0.56002	0.0	0.86647	0.0	2.47743	2.58433	0.0	0.55418	0.0	0.0	0.0	0.0	0.0	0.0	0.0
Node 301		1.6376499999999998	2.2389200000000002	2.3747399999999996	1.8688799999999999	0.0	0.0	1.73325	1.6740899999999999	0.7963899999999999	1.40746	1.74787	0.0	0.7605200000000001	0.0	0.0	0.64723	1.40304	0.0	0.0	0.0	0.0	0.0	0.0
Node 492		1.0956000000000001	0.9823200000000001	0.91919	0.0	0.7591600000000001	0.0	1.9337199999999999	0.0	1.82614	1.59381	1.50549	3.26101	0.95444	0.83643	0.6262099999999999	0.0	1.8978	0.0	0.0	0.0	0.0	0.0	0.0
Node 472		1.2903	0.8167000000000001	2.94888	0.0	0.85199	0.0	0.0	0.7636999999999999	0.0	1.7050800000000002	0.88468	0.0	0.0	1.70628	0.0	0.0	1.9512600000000002	0.6086	0.52026	0.0	0.0	0.0	0.0
Node 160		0.59729	0.0	0.0	2.61567	0.0	0.70121	0.0	0.8751200000000001	0.56002	0.0	0.0	0.89285	1.51827	0.0	0.94875	0.64723	1.8978	0.0	0.96075	0.0	0.0	0.0	0.0
Node 462		0.59729	0.0	0.0	0.8761	0.0	0.70121	0.9689	0.0	1.36498	1.74138	0.6196	0.99317	0.8886	1.64634	1.36013	0.0	1.6490500000000001	0.0	0.0	0.0	0.0	0.0	0.0
Node 442		1.2903	0.62761	0.84863	0.0	0.0	1.34992	0.0	0.0	1.36498	0.0	0.7545	0.0	0.0	0.58399	1.5665200000000001	1.55619	1.8583800000000001	0.0	0.0	0.0	0.0	0.0	0.0
Node 20		0.0	0.0	1.41357	0.0	1.33141	0.0	1.96584	0.67153	0.0	0.57091	1.48607	0.54957	0.0	1.42042	0.6262099999999999	1.6037599999999999	0.0	0.0	0.0	0.0	0.0	0.0	0.0
Node 152		0.59729	0.94772	1.61321	0.0	0.0	0.0	0.9648199999999999	0.0	0.0	0.8962100000000001	0.0	0.0	1.7553400000000001	0.0	0.0	0.5996600000000001	0.0	0.9893900000000001	0.0	0.0	0.0	0.0	0.0
Node 90		1.42844	0.0	0.0	0.0	1.42164	0.7757499999999999	0.9689	1.58539	1.22277	2.2813	1.63918	0.7605200000000001	0.0	0.9702000000000001	1.57496	0.64723	0.0	0.95679	0.0	0.0	0.0	0.0	0.0
Node 367		0.73543	0.94772	0.0	0.8761	0.0	0.70121	2.93066	0.7636999999999999	0.75987	1.59206	0.7545	0.0	2.92235	0.83643	0.0	0.5996600000000001	0.0	0.6086	0.0	0.0	0.0	0.0	0.0
Node 256		1.3327200000000001	0.94772	0.0	1.5075699999999999	2.19883	0.85022	0.9648199999999999	0.0	0.0	0.0	0.95784	0.0	0.0	0.83643	0.6262099999999999	0.9565300000000001	0.0	0.6086	0.0	0.0	0.0	0.0	0.0
Node 380		0.5405	0.7946099999999999	0.55987	0.62758	1.41522	0.85022	0.96401	0.0	0.0	0.57091	1.50428	0.7605200000000001	0.68459	0.86985	1.39916	0.0	0.0	0.0	0.90773	0.0	0.0	0.0	0.0
Node 0		0.0	0.94772	0.0	0.62758	0.6689299999999999	0.52436	0.9648199999999999	0.54649	1.3564100000000001	0.0	0.88468	0.0	2.37555	1.51162	0.75456	0.0	0.0	0.84992	0.0	0.0	0.0	0.0	0.0
Node 451		1.0956000000000001	0.8167000000000001	0.0	0.0	1.41522	0.50749	1.96584	0.0	0.0	0.0	0.6196	0.0	0.0	1.81886	0.66524	0.5996600000000001	1.8978	0.0	0.0	0.0	0.0	0.0	0.0
Node 139		0.0	0.7946099999999999	1.7738299999999998	1.9704800000000002	0.0	0.85022	0.0	0.8216899999999999	0.7963899999999999	3.2308700000000004	0.86647	0.0	0.0	0.86985	1.29145	0.5996600000000001	0.95592	0.0	0.0	0.0	0.0	0.0	0.0
Node 273		0.5551	0.0	0.0	0.64734	1.34684	0.57417	1.96176	0.0	1.3564100000000001	4.25202	2.20167	2.26784	0.0	1.81886	2.30888	0.0	0.69872	0.66809	0.0	0.0	0.0	0.0	0.0
Node 330		0.5551	0.94772	0.0	0.64734	1.42164	1.27538	2.73019	2.14173	0.75987	1.7327599999999999	0.86647	0.0	0.0	0.86985	0.9796600000000001	0.0	0.9953399999999999	0.0	0.96075	0.0	0.0	0.0	0.0
Node 397		2.02573	0.9823200000000001	2.38068	0.0	0.0	0.0	3.6491599999999997	1.43523	0.0	0.0	1.48854	0.77967	0.95444	0.0	0.73392	0.5996600000000001	0.0	0.0	0.0	0.0	0.0	0.0	0.0
Node 149		0.0	0.0	0.0	2.49646	0.65606	1.62597	0.9969399999999999	0.0	0.0	0.0	0.95784	0.0	1.4652	0.8486600000000001	2.97412	0.0	0.90246	0.0	0.0	0.0	0.0	0.0	0.0
Node 85		0.0	0.94772	0.0	0.99278	1.3249900000000001	0.52436	2.69318	1.63882	0.7963899999999999	0.77788	1.48607	1.48979	0.86202	0.87123	0.7669699999999999	0.0	0.95592	0.66809	0.0	0.0	0.0	0.0	0.0
Node 488		0.0	0.98725	0.8605099999999999	1.27492	1.42164	0.52436	2.92577	1.58539	0.56002	0.57091	0.0	1.6533699999999998	1.84304	0.8486600000000001	1.39916	0.0	1.8978	0.67669	0.0	0.0	0.0	0.0	0.0
Node 208		0.0	0.0	0.55987	0.62758	0.66248	1.4093	2.68107	0.0	0.0	0.0	0.0	0.0	0.8667400000000001	0.86985	0.94875	0.0	0.0	0.84992	0.0	0.0	0.0	0.0	0.0
Node 348		0.73543	0.0	0.84776	1.50368	0.0	0.0	1.96584	1.43523	1.30057	0.0	0.88468	0.7605200000000001	0.51076	0.0	0.73392	1.24689	0.0	0.0	0.0	0.0	0.0	0.0	0.0
Node 77		0.0	0.0	0.0	0.0	1.41522	1.55143	0.76435	0.8216899999999999	0.7963899999999999	0.9272	0.86647	0.77967	1.7553400000000001	0.0	1.29145	0.64723	2.85772	0.0	0.0	0.0	0.0	0.0	0.0
Node 289		1.45732	0.0	0.0	1.5234400000000001	0.0	0.0	0.9648199999999999	2.14173	0.0	0.57091	0.0	1.6533699999999998	0.8667400000000001	2.6764799999999997	0.94875	2.32835	1.8583800000000001	0.0	0.52026	0.0	0.0	0.0	0.0
Node 80		1.9835399999999999	0.94772	0.0	2.51622	0.65606	0.70121	0.0	0.54649	0.0	3.1178500000000002	0.0	0.0	0.0	1.80663	0.0	0.0	0.0	2.2660799999999997	1.48101	0.0	0.0	0.0	0.0
Node 64		0.5551	0.8167000000000001	0.0	0.99278	0.66248	0.8849400000000001	0.0	0.67153	2.12772	0.77788	0.0	2.53336	0.0	0.0	0.94875	0.7721600000000001	0.0	0.0	0.0	0.0	0.0	0.0	0.0
Node 385		0.0	0.8167000000000001	0.0	0.99278	1.34684	0.70121	0.0	1.49322	0.7065100000000001	0.77788	0.69739	3.26101	0.8667400000000001	1.6018999999999999	0.94875	0.0	0.6931299999999999	0.0	0.0	0.0	0.0	0.0	0.0
Node 27		0.59729	0.8167000000000001	0.55987	0.7467900000000001	0.0	0.8849400000000001	1.96176	0.0	0.0	1.53514	1.50428	0.89285	2.1214500000000003	1.45384	1.6139899999999998	0.0	0.0	0.67669	0.0	0.0	0.0	0.0	0.0
Node 477		0.73543	0.9823200000000001	0.0	0.62758	1.3249900000000001	0.70121	0.9689	0.0	0.56002	1.76375	1.48607	0.7605200000000001	0.0	2.6764799999999997	0.94875	0.0	0.0	0.0	0.0	0.0	0.0	0.0	0.0
Node 217		2.63143	0.0	0.84776	0.99278	0.65606	0.70121	0.9689	3.2557099999999997	1.22277	0.87682	0.6196	0.0	2.03375	0.86985	3.4292999999999996	0.5996600000000001	1.9512600000000002	0.66809	0.0	0.0	0.0	0.0	0.0
Node 97		0.0	0.9823200000000001	0.0	0.64734	1.41522	0.50749	1.71625	0.7636999999999999	0.0	1.74138	0.86647	0.0	1.82118	0.9702000000000001	0.94875	0.9565300000000001	0.95592	0.0	0.0	0.0	0.0	0.0	0.0
Node 482		0.5551	0.94772	0.0	0.0	0.0	0.8849400000000001	0.9689	0.0	2.14459	0.9272	1.82431	0.7605200000000001	0.8886	0.58399	0.0	0.9565300000000001	0.0	2.516	0.0	0.0	0.0	0.0	0.0
Node 212		0.5551	0.62761	0.84863	2.0566299999999997	0.0	1.55143	1.76129	0.7636999999999999	0.8664	1.82341	0.0	0.99317	3.50721	0.83643	0.94875	0.0	1.8583800000000001	0.6086	0.0	0.0	0.0	0.0	0.0
Node 493		0.69301	0.62761	0.0	1.39413	1.75332	0.0	1.96176	1.63882	0.0	0.0	0.0	0.0	2.49929	0.58399	0.68739	0.0	0.95592	2.3926	0.0	0.0	0.0	0.0	0.0
Node 321		1.3327200000000001	2.76418	0.0	0.8761	0.99614	0.0	1.96176	0.0	0.0	0.0	0.0	0.7605200000000001	0.51076	0.0	0.0	0.5996600000000001	0.95592	0.66809	0.0	0.0	0.0	0.0	0.0
Node 484		0.0	0.0	0.84863	0.62758	1.31854	0.0	0.0	0.7636999999999999	0.0	0.8141799999999999	0.0	0.0	2.01957	0.0	1.92841	0.64723	0.0	0.0	0.0	0.0	0.0	0.0	0.0
Node 95		0.0	0.0	0.84863	0.0	1.33141	1.55143	0.0	0.8216899999999999	1.14069	0.0	1.74787	0.0	0.0	1.71989	1.6826699999999999	0.0	0.95592	1.2766899999999999	0.5955199999999999	0.0	0.0	0.0	0.0
Node 294		0.0	0.0	0.84863	1.50368	0.7591600000000001	1.42439	0.71931	1.43523	0.0	0.0	1.75115	0.0	3.78437	0.83643	0.73392	0.0	0.0	0.0	0.0	0.0	0.0	0.0	0.0
Node 34		1.29053	0.0	0.0	0.99278	0.0	0.0	1.92883	1.58539	0.7963899999999999	0.77788	0.88468	1.54019	1.82118	0.6975699999999999	0.0	0.5996600000000001	0.0	0.0	0.0	0.0	0.0	0.0	0.0
Node 52		0.5551	0.8167000000000001	0.0	1.96228	2.09057	1.55143	2.73019	0.7636999999999999	1.42082	0.0	0.0	0.0	0.8667400000000001	0.0	1.6139899999999998	0.7721600000000001	0.9953399999999999	0.0	0.0	0.0	0.0	0.0	0.0
Node 112		0.0	0.62761	0.55987	2.27023	1.42164	0.85022	0.0	1.73208	0.62443	3.05918	0.88468	0.99317	0.0	0.0	0.8754299999999999	0.0	0.0	0.67669	0.0	0.0	0.0	0.0	0.0
Node 377		0.0	0.7946099999999999	0.0	0.0	4.17138	0.0	1.71625	0.7636999999999999	0.64169	1.74138	1.72966	0.0	1.7553400000000001	0.0	0.94875	0.0	0.0	0.0	0.0	0.0	0.0	0.0	0.0
Node 295		0.59729	0.0	0.8605099999999999	0.0	0.65606	1.55143	0.0	0.67153	0.56002	1.76375	0.88468	0.0	0.8886	2.6900899999999996	0.7669699999999999	0.5996600000000001	0.0	1.6707400000000001	0.0	0.0	0.0	0.0	0.0
Node 125		0.0	0.0	0.0	0.0	0.0	1.09853	3.3448100000000003	0.7636999999999999	0.7963899999999999	0.83655	0.6196	0.89285	1.82118	1.5674199999999998	0.0	0.0	0.64849	0.66809	0.0	0.0	0.0	0.0	0.0
Node 310		0.0	0.62761	0.0	0.0	1.43707	0.8849400000000001	0.0	0.7636999999999999	0.0	1.82341	1.75115	0.0	0.0	0.7654700000000001	1.6139899999999998	0.7721600000000001	0.0	0.0	0.0	0.0	0.0	0.0	0.0
Node 225		0.0	0.62761	0.84776	0.64734	0.0	0.57417	0.0	0.8751200000000001	2.67977	0.0	0.6011500000000001	0.0	1.39936	0.83643	0.9796600000000001	0.0	1.7500399999999998	0.0	0.0	0.0	0.0	0.0	0.0
Node 116		0.69301	0.0	0.84863	0.0	0.66248	0.87978	2.93066	1.31019	0.64169	0.8962100000000001	0.86319	0.77967	0.65625	0.9702000000000001	0.94875	0.0	0.9953399999999999	0.0	0.90773	0.0	0.0	0.0	0.0
Node 129		0.0	1.93004	0.0	0.0	0.0	0.85022	1.92883	1.36818	0.0	0.0	0.0	0.89285	2.70978	1.81886	1.3847399999999999	0.64723	0.0	0.0	0.0	0.0	0.0	0.0	0.0
Node 281		0.5551	0.0	0.0	0.0	1.41522	0.57417	0.0	0.8216899999999999	0.0	2.30367	0.86647	0.99317	0.51076	0.0	1.57496	0.7721600000000001	0.90246	0.66809	0.0	0.0	0.0	0.0	0.0
Node 396		2.17815	0.0	0.8605099999999999	0.0	0.7591600000000001	1.55143	1.73325	0.8216899999999999	0.56002	0.9272	0.0	0.65139	1.84304	0.58399	1.57496	0.5996600000000001	0.9953399999999999	0.0	0.52026	0.0	0.0	0.0	0.0
Node 269		1.0956000000000001	0.0	0.0	1.8688799999999999	1.42164	0.70121	0.0	0.0	0.0	2.245	0.86647	0.72765	0.65625	0.58399	1.57496	0.0	0.0	1.51801	0.0	0.0	0.0	0.0	0.0
Node 9		0.0	2.4266300000000003	0.76458	0.0	0.6689299999999999	0.70121	1.73325	0.0	0.0	0.83655	1.50428	1.50732	2.2661000000000002	0.0	2.32952	1.6557	0.0	0.0	1.42799	0.0	0.0	0.0	0.0
Node 338		0.0	1.93004	0.55987	0.0	0.0	0.0	0.9969399999999999	0.7636999999999999	0.56002	0.0	0.86647	1.67252	1.5229899999999998	0.0	0.0	0.0	0.0	0.67669	0.52026	0.0	0.0	0.0	0.0
Node 245		0.5551	0.9823200000000001	0.0	0.64734	3.00088	0.70121	0.0	0.67153	1.5029000000000001	0.0	0.95784	0.0	0.8667400000000001	1.84005	0.8754299999999999	0.9565300000000001	0.79412	0.0	0.0	0.0	0.0	0.0	0.0
Node 278		0.5405	0.94772	0.0	1.96228	0.6689299999999999	2.21692	0.76435	1.36818	0.7963899999999999	1.46712	1.61769	0.0	1.81646	0.0	2.5936500000000002	0.9565300000000001	0.0	1.66608	0.0	0.0	0.0	0.0	0.0
Node 346		0.5551	0.0	0.0	0.8761	0.66248	0.85199	0.9648199999999999	0.0	0.7963899999999999	0.0	0.0	0.0	0.0	0.67614	0.0	0.0	0.6931299999999999	0.84992	0.7417499999999999	0.0	0.0	0.0	0.0
Node 130		0.5405	0.62761	0.0	0.64734	0.65606	1.55143	0.9689	0.0	0.0	0.7572599999999999	1.45189	0.0	0.8886	3.54771	2.02537	0.0	2.54629	0.0	0.0	0.0	0.0	0.0	0.0
Node 372		0.59729	0.0	0.84863	0.64734	0.0	0.0	0.9689	0.0	2.06251	1.3487900000000002	0.69739	0.0	0.8886	1.45522	0.0	0.0	0.95592	0.0	0.52026	0.0	0.0	0.0	0.0
Node 465		1.39769	0.0	0.0	0.78171	0.85199	0.70121	0.0	0.7636999999999999	0.7963899999999999	0.0	0.7545	0.0	1.39936	0.0	0.0	0.5996600000000001	0.0	0.0	0.0	0.0	0.0	0.0	0.0
Node 70		0.5405	0.0	0.0	0.0	1.31854	0.0	0.0	0.91039	0.62443	0.77788	2.46796	0.0	0.0	0.86985	1.6826699999999999	0.0	0.0	1.28529	0.52026	0.0	0.0	0.0	0.0
Node 179		0.0	0.9823200000000001	0.55987	0.0	2.0777	0.0	0.0	0.0	0.0	1.82341	1.74787	0.99317	2.41159	0.86985	0.0	1.37182	0.0	0.0	0.52026	0.0	0.0	0.0	0.0
Node 63		0.0	0.0	0.84863	1.39413	0.65606	1.09853	0.76435	0.54649	0.0	0.83655	0.88468	0.0	0.8667400000000001	0.83643	2.96568	0.64723	1.9512600000000002	0.0	0.0	0.0	0.0	0.0	0.0
Node 235		0.69301	0.0	0.56581	0.0	0.99614	0.0	1.92883	0.67153	0.7963899999999999	1.74138	0.88468	1.54019	0.0	0.86985	0.0	0.5996600000000001	0.0	1.28529	0.0	0.0	0.0	0.0	0.0
Node 417		1.34745	0.0	0.0	0.8761	1.89747	0.0	0.71931	0.0	0.56002	1.7103899999999999	0.0	0.0	0.0	0.58399	0.0	0.64723	0.90246	1.3447799999999999	0.0	0.0	0.0	0.0	0.0
Node 11		1.24811	0.94772	3.07417	0.78171	1.42164	0.7757499999999999	2.93066	1.3200399999999999	0.0	0.9272	0.6196	0.0	1.1670099999999999	0.0	1.6139899999999998	0.0	0.6931299999999999	0.0	0.0	0.0	0.0	0.0	0.0
Node 68		0.0	1.44431	0.0	0.0	0.85199	0.85022	0.9969399999999999	0.54649	0.0	0.9272	2.18018	1.48817	0.95444	0.0	2.3685500000000004	0.7721600000000001	0.50058	0.0	0.0	0.0	0.0	0.0	0.0
Node 453		0.73543	0.0	1.61321	0.0	0.0	0.0	0.0	1.7692800000000002	0.0	0.77788	1.63918	0.0	0.0	0.9702000000000001	0.75456	0.7721600000000001	0.0	0.66809	0.0	0.0	0.0	0.0	0.0
Node 226		0.5405	0.9823200000000001	0.84863	0.99278	0.0	1.3001099999999999	3.6450799999999997	0.0	0.62443	0.0	0.6196	0.0	0.8886	0.0	1.57496	0.9565300000000001	0.90246	0.0	0.0	0.0	0.0	0.0	0.0
Node 236		0.8004000000000001	1.93004	0.84776	0.8761	0.0	1.58615	0.9969399999999999	0.0	0.0	1.82341	0.95784	0.7605200000000001	1.84304	1.45522	1.57496	0.0	0.95592	0.0	0.0	0.0	0.0	0.0	0.0
Node 122		0.0	1.60993	0.0	0.0	1.41522	0.0	1.96584	0.0	0.7963899999999999	1.7103899999999999	0.0	2.40017	1.84304	1.42042	1.57496	0.0	0.90246	0.0	0.52026	0.0	0.0	0.0	0.0
Node 431		0.5551	0.0	0.84776	0.0	0.7591600000000001	0.85022	1.89333	0.0	0.0	0.83655	2.24057	1.54019	2.33194	0.0	1.36013	0.0	0.90246	0.0	0.0	0.0	0.0	0.0	0.0
Node 497		0.5405	0.7946099999999999	0.0	2.5429899999999996	0.66248	1.22557	0.9969399999999999	1.5466499999999999	0.7963899999999999	0.9272	0.0	0.0	0.0	0.0	0.7669699999999999	1.55619	0.0	1.26421	0.0	0.0	0.0	0.0	0.0
Node 241		0.59729	0.0	1.41444	0.0	2.0777	0.0	0.9648199999999999	0.0	1.18445	0.8141799999999999	0.0	0.77967	0.0	1.80663	0.8754299999999999	0.64723	0.9953399999999999	0.6086	0.0	0.0	0.0	0.0	0.0
Node 300		0.59729	0.78625	0.84863	0.0	1.42164	0.7757499999999999	1.96176	0.0	0.0	2.6012899999999997	2.1834599999999997	0.0	0.65625	0.87123	0.0	1.4832	0.90246	0.0	0.0	0.0	0.0	0.0	0.0
Node 447		0.73543	0.94772	0.0	0.64734	0.6689299999999999	0.0	2.7253	0.0	0.0	0.0	0.86647	1.6533699999999998	0.68459	1.6353199999999999	0.73392	0.0	0.0	0.66809	0.52026	0.0	0.0	0.0	0.0
Node 41		0.0	0.94772	2.3890100000000003	1.64012	0.0	0.0	2.45256	0.0	0.0	0.8141799999999999	1.75115	0.0	0.65625	2.42542	0.6262099999999999	0.0	0.0	0.0	0.5955199999999999	0.0	0.0	0.0	0.0
Node 223		0.0	1.60993	1.69639	0.7467900000000001	0.90133	2.45624	0.0	0.67153	1.33094	0.8141799999999999	0.0	0.0	2.6079000000000003	0.0	0.0	0.0	0.0	0.0	0.52026	0.0	0.0	0.0	0.0
Node 12		1.2903	0.8167000000000001	0.0	1.27492	1.42164	2.0589199999999996	0.0	0.7636999999999999	2.01916	0.8141799999999999	0.0	1.6533699999999998	2.92235	1.74108	1.6139899999999998	0.0	0.9953399999999999	0.67669	0.0	0.0	0.0	0.0	0.0
Node 15		1.2903	0.0	0.68074	0.7467900000000001	2.0777	0.0	2.93066	0.0	0.62443	0.0	2.42705	0.0	1.84304	1.71989	1.6826699999999999	0.0	0.0	0.66809	0.0	0.0	0.0	0.0	0.0
Node 326		0.0	0.8167000000000001	0.8605099999999999	0.5147900000000001	0.0	1.09853	0.9969399999999999	0.54649	1.40517	0.7572599999999999	1.48854	0.0	0.8793300000000001	0.7654700000000001	0.75456	0.9565300000000001	2.59975	0.0	0.90773	0.0	0.0	0.0	0.0
Node 74		1.45732	0.0	0.56581	0.62758	1.33141	0.85022	0.0	1.73208	0.56002	0.57091	0.88468	0.0	0.8886	1.42042	0.73392	0.9565300000000001	0.9953399999999999	0.6086	0.0	0.0	0.0	0.0	0.0
Node 293		0.59729	1.60993	0.84776	1.50368	2.09313	0.0	0.0	0.0	0.56002	1.7103899999999999	0.0	1.50732	1.39936	0.58399	0.94875	0.0	0.9953399999999999	0.0	0.96075	0.0	0.0	0.0	0.0
Node 62		0.0	0.94772	0.84863	0.0	0.65606	1.7351599999999998	0.0	2.34562	0.7963899999999999	0.0	2.10486	0.0	0.8886	1.84005	0.0	0.0	0.0	0.0	0.90773	0.0	0.0	0.0	0.0
Node 487		1.24811	0.0	0.0	0.99278	0.0	0.7757499999999999	0.9648199999999999	0.7636999999999999	0.75987	0.77788	0.0	1.54019	0.95444	0.83643	0.9796600000000001	0.0	0.0	0.67669	0.0	0.0	0.0	0.0	0.0
Node 94		0.5405	0.9823200000000001	0.0	1.6203599999999998	1.61115	0.70121	0.0	0.67153	0.0	0.0	0.86319	0.0	1.84304	0.87123	1.6826699999999999	0.0	1.8583800000000001	0.0	0.0	0.0	0.0	0.0	0.0
Node 216		0.0	0.94772	0.0	0.64734	0.7591600000000001	0.52436	0.9648199999999999	0.0	1.3564100000000001	0.0	0.86647	2.26946	0.8886	0.0	0.0	0.0	2.59093	0.0	0.0	0.0	0.0	0.0	0.0
Node 42		0.73543	0.94772	1.7091399999999999	1.6203599999999998	0.0	1.44117	0.71931	0.7636999999999999	0.5162599999999999	0.57091	0.0	0.0	0.0	0.87123	0.6262099999999999	0.9565300000000001	0.95592	1.66608	0.0	0.0	0.0	0.0	0.0
Node 460		0.0	0.9823200000000001	0.0	1.6203599999999998	0.6689299999999999	0.0	0.76435	0.0	0.62443	0.83655	0.0	0.0	0.0	0.83643	0.0	0.64723	0.95592	0.84992	0.0	0.0	0.0	0.0	0.0
Node 421		1.56408	0.62761	0.84863	0.64734	0.66248	0.0	2.72611	0.8216899999999999	0.7963899999999999	0.8962100000000001	0.0	0.0	0.65625	0.9702000000000001	0.0	1.55619	2.12095	0.0	1.50325	0.0	0.0	0.0	0.0
Node 247		0.0	0.62761	1.52698	0.0	2.5664	0.70121	0.0	0.54649	0.64169	0.9272	0.0	0.0	1.1670099999999999	0.87123	0.0	0.64723	0.6931299999999999	1.5979899999999998	0.0	0.0	0.0	0.0	0.0
Node 304		0.5551	0.0	0.0	0.62758	0.0	0.85022	0.0	0.0	0.0	1.7327599999999999	1.48607	0.0	0.0	0.9702000000000001	0.0	0.0	0.79412	0.66809	0.0	0.0	0.0	0.0	0.0
Node 229		1.13779	0.8167000000000001	0.0	0.0	0.66248	0.7757499999999999	0.9689	0.0	0.7963899999999999	0.57091	1.71234	0.98916	0.0	0.0	0.8754299999999999	0.0	0.0	0.0	0.0	0.0	0.0	0.0	0.0
Node 271		0.5551	0.0	1.61321	0.64734	0.0	1.55143	0.0	0.0	0.7963899999999999	0.83655	1.50428	0.77967	0.65625	0.0	0.0	0.9565300000000001	0.0	0.0	0.0	0.0	0.0	0.0	0.0
Node 307		0.0	0.9823200000000001	0.0	0.0	2.09057	0.0	0.9969399999999999	0.7636999999999999	0.0	0.57091	0.0	0.7605200000000001	0.0	0.87123	0.94875	0.0	1.9512600000000002	0.0	0.0	0.0	0.0	0.0	0.0
Node 45		1.53583	0.0	0.0	0.8761	0.65606	0.0	1.48366	2.25692	0.62443	1.59381	0.6196	0.0	0.51076	1.5948	0.73392	0.0	0.90246	1.2766899999999999	0.0	0.0	0.0	0.0	0.0
Node 329		0.9022199999999999	0.0	0.84863	0.0	1.42164	1.55143	0.76435	0.0	0.0	0.0	1.82431	0.54957	0.8886	0.7654700000000001	0.0	0.55418	0.0	0.67669	0.0	0.0	0.0	0.0	0.0
Node 409		0.0	0.0	0.0	0.8761	2.0029000000000003	0.85022	0.71931	1.36818	0.62443	0.0	0.0	2.4330399999999996	1.54485	0.0	0.0	0.0	1.8978	0.67669	0.0	0.0	0.0	0.0	0.0
Node 84		0.0	1.60993	0.84863	1.64012	0.0	0.85022	1.9246699999999999	2.45704	0.64169	1.65347	0.95784	0.0	0.0	2.2916499999999997	0.0	0.0	0.95592	0.0	0.0	0.0	0.0	0.0	0.0
