Node 1		8.38741	7.335500000000001	9.39765	2.36697	8.697000000000001	2.82275	5.46019	9.21467	3.39241	0.86232	2.29191	5.299729999999999	4.61628	3.81659	1.38323	4.05429	6.66241	8.16419	2.94461	0.0	0.0	0.0	0.0
Node 80		4.47021	4.56989	6.28373	5.24419	4.919239999999999	4.1995499999999995	3.03053	5.40136	3.1976400000000003	6.74082	3.29495	3.01808	8.44092	3.5812999999999997	2.37454	2.4038299999999997	2.92315	4.27263	2.81413	0.53308	0.0	0.0	0.0
Node 94		5.94256	7.75783	3.70387	2.77807	1.64109	1.97832	3.8278399999999997	6.57576	3.49699	5.55627	2.9935300000000002	5.4712	4.00289	7.311280000000001	6.30614	2.9253	4.00204	4.99385	6.301220000000001	0.0	0.0	0.0	0.0
Node 169		2.9047	2.65366	6.97204	6.25762	3.72805	7.086919999999999	6.18152	4.75219	2.85329	3.99246	4.10086	8.6612	7.14076	2.87947	4.31845	4.66312	7.3553	6.23095	4.39477	0.0	0.0	0.0	0.0
Node 32		3.77002	2.3859000000000004	2.6622500000000002	3.9758	6.29209	7.03887	4.71393	2.93923	5.03719	3.93579	4.55126	6.81737	7.84556	3.8016300000000003	5.38767	3.04526	5.47916	5.30138	4.61668	2.27344	0.0	0.0	0.0
Node 128		5.58686	4.27697	6.740549999999999	7.30932	3.6982	3.68128	6.22357	6.777819999999999	4.75368	3.8299399999999997	2.77401	6.09062	2.5646	3.62475	2.8241	4.39273	2.24926	1.87247	6.17902	1.74085	0.0	0.0	0.0
Node 74		5.50731	0.59729	3.1690799999999997	8.11197	7.527100000000001	6.392530000000001	3.6369499999999997	7.0717	4.20967	4.591880000000001	6.36438	6.25669	2.94223	5.20141	4.61605	5.16718	8.12884	2.44003	5.801	0.0	0.0	0.0	0.0
Node 67		3.6658700000000004	5.0309800000000005	5.366689999999999	4.38681	5.47121	6.33915	3.53165	3.7249200000000005	4.78735	3.59928	5.55628	5.91318	5.3888300000000005	2.2664	3.64214	3.28081	4.12526	1.30269	3.3699100000000004	0.0	0.0	0.0	0.0
Node 125		3.6326700000000005	6.06208	2.4451400000000003	5.89412	6.319039999999999	4.50684	0.69743	4.6022300000000005	2.04893	3.74149	5.24676	3.6890899999999998	2.84912	4.24883	7.606730000000001	2.80702	6.611459999999999	6.944259999999999	4.2782599999999995	0.9308500000000001	0.0	0.0	0.0
Node 26		5.02352	4.73764	5.28489	7.5826400000000005	3.98909	8.18332	3.5713799999999996	4.0932200000000005	4.66264	3.36829	4.78588	6.15931	6.5112000000000005	7.0446800000000005	5.39299	3.87109	7.94069	1.80402	4.96297	2.13165	0.0	0.0	0.0
Node 92		6.69241	4.174930000000001	6.88229	7.45884	7.628310000000001	4.40364	5.70303	7.02702	6.0495399999999995	6.17861	1.84857	7.893269999999999	10.81302	2.8813600000000004	4.12357	3.9571500000000004	6.5735	5.81308	3.60849	0.0	0.0	0.0	0.0
Node 195		6.833749999999999	7.22884	5.35742	5.5708899999999995	5.46688	9.31778	4.96759	8.41296	4.30055	2.76664	3.94298	5.17913	5.66955	4.06872	2.38859	1.52607	5.44001	5.393400000000001	2.78368	2.05065	0.0	0.0	0.0
Node 29		4.7027	6.715019999999999	4.53465	5.29416	4.60186	2.37686	5.1525099999999995	1.47251	4.87383	5.94932	4.75147	3.71577	5.5728	4.62978	8.88868	4.27278	7.7528500000000005	3.4366	3.33494	0.58672	0.0	0.0	0.0
Node 119		7.78274	3.8594999999999997	6.11542	3.91042	2.50379	5.82463	4.4664	8.9194	4.53974	3.89823	6.968820000000001	3.41903	6.99133	5.44197	4.85542	4.07694	4.72345	2.7948899999999997	2.1551899999999997	3.7695800000000004	0.0	0.0	0.0
Node 22		1.57133	2.9635700000000003	6.16436	7.94192	3.4528299999999996	4.378830000000001	3.8618300000000003	2.4569	3.7763400000000003	4.62749	3.9898700000000002	4.51344	3.376	4.8557999999999995	3.53679	0.78362	3.5232	4.74937	3.99336	3.7695800000000004	0.0	0.0	0.0
Node 15		5.96987	4.05917	2.80788	4.186100000000001	3.70472	2.04826	1.52955	3.85871	7.9324699999999995	3.10377	3.72498	6.0528699999999995	4.09516	4.29714	4.125290000000001	3.86796	8.05191	6.92668	3.74024	1.9298	0.0	0.0	0.0
Node 88		8.40347	2.85216	7.120990000000001	5.42535	2.2875300000000003	3.8725099999999997	2.23693	5.69487	5.28618	3.34555	7.65182	7.785069999999999	5.62074	4.93139	4.67246	2.2827	6.83309	2.2505100000000002	1.40134	0.0	0.0	0.0	0.0
Node 105		1.6489299999999998	5.703119999999999	4.38814	5.1389499999999995	6.738510000000001	6.09844	2.20993	5.34762	9.48233	4.39164	3.69202	3.67746	6.82061	1.4958900000000002	3.65854	4.77999	4.451639999999999	1.87839	4.25281	0.58672	0.0	0.0	0.0
Node 152		5.460430000000001	7.62278	4.49859	4.40559	4.12763	3.9903800000000005	1.52955	0.94646	3.01091	6.04786	3.30296	7.12944	3.61539	3.1204300000000003	6.20066	9.39772	3.39016	4.62021	7.23084	0.7885700000000001	0.0	0.0	0.0
Node 135		5.07794	0.73543	6.86281	5.45772	2.45869	4.4309899999999995	4.86646	2.32593	5.37807	3.47912	7.66437	6.4707799999999995	4.68126	2.97602	2.16241	2.74493	6.1828	7.46208	3.1274999999999995	0.0	0.0	0.0	0.0
Node 159		5.33069	4.6012200000000005	4.53545	4.15581	5.36614	4.62622	3.55515	4.26446	1.93404	4.07904	2.4376700000000002	5.68032	7.5789599999999995	4.41683	1.87398	4.7340100000000005	7.503260000000001	3.0768	2.53195	0.0	0.0	0.0	0.0
Node 65		1.53763	3.4132599999999997	6.279719999999999	6.57364	3.31223	5.9971	6.462759999999999	6.82653	5.9501100000000005	2.23135	7.2695099999999995	7.560709999999999	5.57402	4.51304	3.7567700000000004	1.46892	4.02991	3.4827700000000004	5.94407	0.9308500000000001	0.0	0.0	0.0
Node 89		3.7934200000000002	6.1851	8.75107	4.73772	5.159529999999999	1.6955000000000002	6.13776	5.872809999999999	5.04624	2.6256000000000004	4.98629	5.9634100000000005	4.87133	4.48396	3.72045	4.21901	4.242640000000001	4.58895	3.92174	0.0	0.0	0.0	0.0
Node 177		4.4384	1.99678	3.58241	6.69125	6.75371	4.0804100000000005	2.09364	8.43887	2.79156	1.43408	1.5836800000000002	4.4991	6.02401	4.35344	7.692309999999999	1.8317900000000003	9.64767	4.5335399999999995	4.44476	3.06201	0.0	0.0	0.0
Node 134		7.299300000000001	5.55917	5.5494200000000005	3.47378	4.34277	4.12301	5.217490000000001	4.5628	7.64818	6.83395	7.414890000000001	2.99423	7.6980900000000005	7.619610000000001	3.25303	8.356020000000001	6.00318	3.13385	4.799790000000001	0.0	0.0	0.0	0.0
Node 155		7.4227799999999995	3.7514499999999997	8.55028	5.1991000000000005	3.7402499999999996	2.1711899999999997	5.42795	5.41994	1.62399	5.90866	4.53173	6.694310000000001	4.9190499999999995	0.6712199999999999	6.68811	4.19398	5.18056	4.93131	5.60277	1.34308	0.0	0.0	0.0
Node 161		5.067279999999999	5.05032	3.64997	7.14428	4.7001800000000005	2.2667900000000003	4.1877699999999995	3.32464	3.01942	6.21108	7.8986600000000005	3.5545100000000005	7.03951	4.18581	4.35481	4.89833	5.00033	5.58501	4.42448	0.0	0.0	0.0	0.0
Node 79		3.7855399999999997	3.7741700000000002	6.4773499999999995	2.69645	7.400080000000001	3.4412900000000004	4.566549999999999	4.36541	5.68683	2.70849	5.446899999999999	2.51913	7.03223	4.27491	7.07793	3.89396	6.73604	1.33024	4.37234	3.0625	0.0	0.0	0.0
Node 86		2.7884800000000003	6.782589999999999	9.15073	5.81981	4.05234	4.34131	6.08347	4.51093	9.998569999999999	6.43282	2.71346	5.20179	4.67056	5.46078	5.589659999999999	6.12918	7.915560000000001	4.83042	6.921539999999999	0.9308500000000001	0.0	0.0	0.0
Node 41		4.9714	6.53594	7.40411	6.14506	5.3817200000000005	3.05783	4.17158	3.8721400000000004	5.51205	4.49159	3.56713	4.92352	5.99385	5.17712	4.39328	4.9091700000000005	10.04915	6.01019	4.307049999999999	0.8099999999999999	0.0	0.0	0.0
Node 157		4.85295	3.73692	4.6956999999999995	5.24101	6.55675	5.0849400000000005	4.1254800000000005	3.27536	3.50544	3.03719	4.87412	3.6852799999999997	5.5357	5.82812	5.12176	1.31948	5.28322	2.00767	8.91243	0.0	0.0	0.0	0.0
Node 179		4.1706199999999995	8.03859	5.17987	3.71263	4.40912	3.59567	5.1431	3.5557600000000003	7.402290000000001	2.1531000000000002	4.35543	5.34943	8.18737	5.37262	5.10105	5.31535	10.42043	5.96826	5.63026	0.7885700000000001	0.0	0.0	0.0
Node 112		6.887980000000001	5.09546	1.8263999999999998	5.97795	1.62418	7.981870000000001	4.36925	6.81153	2.9243	2.47986	2.62599	4.23688	7.553840000000001	5.87525	8.25464	4.57421	3.052	5.1146400000000005	2.65741	0.0	0.0	0.0	0.0
Node 113		4.895370000000001	7.68871	3.34664	4.39325	5.45513	5.13368	7.27116	8.3603	1.7682	5.04541	6.13232	4.46138	3.37109	3.12055	5.996379999999999	7.74166	4.0752299999999995	3.20933	4.50714	0.0	0.0	0.0	0.0
Node 59		2.00604	1.53583	4.38321	7.230390000000001	3.9779500000000003	5.741899999999999	5.89172	7.722519999999999	4.06097	6.572939999999999	2.58621	8.64181	5.38795	3.2022500000000003	4.53179	5.68677	5.90879	5.85663	3.29541	0.0	0.0	0.0	0.0
Node 84		5.77661	3.85825	4.12144	6.99369	3.25816	1.6876700000000002	4.82694	4.41315	1.85663	2.82578	4.78941	3.6945699999999997	6.815880000000001	6.79583	3.1691499999999997	5.67765	8.9123	4.6579500000000005	5.80145	0.0	0.0	0.0	0.0
Node 168		5.32317	4.2749299999999995	3.13996	8.084810000000001	4.81737	3.06042	5.76819	7.481350000000001	4.02598	3.27608	1.45061	3.11799	5.4932099999999995	7.00886	8.384229999999999	3.65675	5.614240000000001	3.3123	3.79744	2.32708	0.0	0.0	0.0
Node 183		7.06906	6.681570000000001	8.595220000000001	5.346150000000001	5.16069	5.37705	3.8965	6.13581	5.32116	4.57376	3.43565	9.06615	5.97156	4.226520000000001	3.9511600000000002	3.8147100000000003	7.34468	8.407580000000001	4.87889	1.32165	0.0	0.0	0.0
Node 187		2.19143	5.58006	1.70673	4.9106700000000005	6.63014	4.3415	1.95327	6.4069	7.7477599999999995	8.26448	6.41991	4.60134	5.8254399999999995	1.9690200000000002	4.04324	2.68775	3.2093999999999996	2.8979	2.01816	2.2525	0.0	0.0	0.0
Node 182		3.3354799999999996	0.8004000000000001	3.6038	8.0146	4.1198	4.1345600000000005	7.8997399999999995	4.1083	0.5907199999999999	5.07969	6.850630000000001	4.95226	9.61656	2.72238	5.61852	4.99821	6.725739999999999	3.89223	4.53331	0.0	0.0	0.0	0.0
Node 71		3.04381	5.54603	8.20051	1.97431	3.1836499999999996	4.31744	2.812	3.41601	2.61947	1.44296	5.66896	3.2511400000000004	5.21459	5.8028900000000005	7.538880000000001	10.42206	9.8226	4.1488700000000005	3.4667999999999997	0.0	0.0	0.0	0.0
Node 106		2.88098	1.9101	7.20315	6.72292	4.90641	2.89098	3.03788	4.48705	5.3631	4.44769	3.3627200000000004	3.56502	4.5202800000000005	4.08964	4.56717	4.55853	5.70785	7.6053	3.65491	0.0	0.0	0.0	0.0
Node 73		2.55809	2.36448	4.03482	5.45219	7.53052	3.1771000000000003	4.08489	3.9628900000000002	3.4905199999999996	4.917479999999999	0.74617	7.2171899999999996	5.91457	3.12073	7.1780800000000005	4.315329999999999	6.675109999999999	4.16617	3.54827	0.0	0.0	0.0	0.0
Node 104		2.82684	5.5712600000000005	5.0173700000000006	0.9776999999999999	4.70007	5.88649	1.95624	5.569	5.13862	7.588970000000001	8.18302	3.82775	3.94821	4.19977	7.511189999999999	0.8497299999999999	6.29671	2.14704	7.33923	0.9308500000000001	0.0	0.0	0.0
Node 154		3.71063	2.8404100000000003	4.13962	3.90591	8.504249999999999	5.21222	5.07441	6.179930000000001	3.2982400000000003	4.23491	5.71339	5.294709999999999	3.55387	4.48449	2.34298	7.2099899999999995	4.12256	7.9066399999999994	5.931489999999999	0.53308	0.0	0.0	0.0
Node 9		3.1805899999999996	3.47108	2.6299	7.8960799999999995	5.52427	4.2096599999999995	2.82542	5.19664	3.7491299999999996	4.07407	2.5018	6.858820000000001	4.826020000000001	5.3957	5.404	1.52607	4.831110000000001	3.18491	10.23642	0.8099999999999999	0.0	0.0	0.0
Node 34		6.16983	4.40948	9.68382	3.979	7.828880000000001	6.50816	4.26947	1.72893	3.2056	2.6828000000000003	4.1029	3.46094	5.7877600000000005	2.48651	3.53959	5.32334	4.06252	6.76952	7.5403899999999995	0.9303600000000001	0.0	0.0	0.0
Node 75		5.716679999999999	3.8652800000000003	3.39095	4.93919	8.26162	8.72547	4.34394	5.33994	6.10742	3.99988	4.712940000000001	3.8605199999999997	6.30683	4.96625	7.77736	3.28277	6.727429999999999	3.44468	1.5053	2.52893	0.0	0.0	0.0
Node 158		3.3161000000000005	3.87983	5.17711	2.32682	4.36348	2.1370199999999997	4.76378	7.95493	3.27468	5.27497	2.95385	4.39496	5.64061	3.48592	1.95783	7.66129	5.58125	1.8610600000000002	4.7440999999999995	1.32165	0.0	0.0	0.0
Node 4		2.19143	4.91023	8.29045	6.27554	3.51881	2.99377	5.98266	4.98329	3.68239	4.76332	9.293569999999999	8.50706	2.42958	6.66727	7.80661	8.27373	5.27454	4.07161	4.60302	1.32165	0.0	0.0	0.0
Node 20		4.49433	4.81118	1.52354	3.6741500000000005	4.97267	4.38093	2.75824	4.1900699999999995	4.171819999999999	2.8032000000000004	5.54118	4.2595	5.591340000000001	2.96962	6.8405	3.4071200000000004	6.10217	2.3395200000000003	6.5499	0.9308500000000001	0.0	0.0	0.0
Node 111		3.01335	4.260479999999999	4.01316	2.49824	4.88876	2.72016	4.76538	4.32439	5.16563	1.7971500000000002	2.32985	6.614839999999999	4.81316	2.02475	4.55193	0.67634	6.02204	6.4736	6.413480000000001	0.0	0.0	0.0	0.0
Node 170		8.46492	7.581880000000001	4.33516	2.4781	5.1476	3.59755	2.2885400000000002	4.33946	1.176	3.8151499999999996	2.2901000000000002	8.51171	4.564	4.65404	6.092779999999999	6.3032699999999995	3.60604	6.74995	5.09931	0.0	0.0	0.0	0.0
Node 69		2.37373	3.20991	5.9814	4.2917	2.11517	0.67551	5.425549999999999	3.46402	4.61401	4.41101	7.33958	5.500030000000001	6.8210999999999995	5.22018	7.47722	3.11034	9.05344	2.70696	4.68231	0.0	0.0	0.0	0.0
Node 160		4.07593	4.25469	6.115679999999999	7.15855	6.89729	5.3824700000000005	5.17327	4.25747	8.067969999999999	4.14026	3.19094	7.90791	7.65696	5.54844	4.78662	3.39421	3.4527	3.48432	7.05771	1.46344	0.0	0.0	0.0
Node 19		4.74428	5.15691	9.23376	4.66878	5.833200000000001	7.379910000000001	2.84618	5.62229	2.41046	4.37814	5.51979	6.06801	3.35847	3.55235	7.51582	3.5734500000000002	6.88116	8.7488	6.52554	0.8099999999999999	0.0	0.0	0.0
Node 175		5.0556	4.39795	4.99218	4.9348	3.0557600000000003	3.85116	5.09477	4.24755	6.08292	3.80071	3.4714500000000004	5.54925	6.785349999999999	3.1204300000000003	2.4016599999999997	2.05344	4.60794	4.20986	3.05969	0.53308	0.0	0.0	0.0
Node 196		3.88917	4.5801	4.247170000000001	2.4561	7.91399	2.45763	5.17746	5.47991	4.21047	4.9237	4.2436	2.89158	3.3303800000000003	5.76701	3.4608100000000004	4.59801	5.13368	3.52812	3.5412600000000003	2.27344	0.0	0.0	0.0
Node 12		4.86827	3.01486	11.63523	3.77008	6.27019	2.23501	4.06564	2.8059000000000003	5.90022	2.46959	3.47028	10.01098	5.30102	3.7437699999999996	3.7526200000000003	4.3487100000000005	5.27655	6.80617	5.2277700000000005	0.0	0.0	0.0	0.0
Node 95		5.24079	2.4950900000000003	12.450429999999999	6.6991499999999995	1.8377500000000002	4.79514	3.50638	4.92251	2.87238	5.77266	2.3611	5.78437	6.247529999999999	4.82482	8.27986	3.8380400000000003	10.62167	4.2039100000000005	3.4981699999999996	0.0	0.0	0.0	0.0
Node 38		8.71175	7.31506	8.51321	3.3547100000000003	5.68142	1.52619	7.12008	4.815259999999999	4.27727	0.0	5.65244	4.11856	1.5778899999999998	6.50149	5.9825099999999996	4.993609999999999	2.69592	2.8883099999999997	6.62298	0.0	0.0	0.0	0.0
Node 61		5.15956	6.0653	7.71197	4.68795	3.02991	4.3077499999999995	5.55474	7.192659999999999	4.58146	3.56017	3.1886699999999997	4.404389999999999	6.02666	4.67196	4.33565	0.97308	5.72628	7.09983	3.64998	1.32165	0.0	0.0	0.0
Node 164		7.67462	5.5433	6.6122	6.80919	5.30453	10.03184	2.3776800000000002	2.70473	3.93165	2.30069	6.32818	7.10944	6.36701	4.09598	4.41326	3.88424	4.60867	6.1088499999999994	6.723800000000001	2.13165	0.0	0.0	0.0
Node 39		6.23791	5.7826200000000005	4.3469500000000005	8.440259999999999	3.20413	5.1248000000000005	4.72489	4.65717	2.6667199999999998	5.45542	4.81462	5.142589999999999	8.20485	2.08678	7.187799999999999	2.83521	5.96553	4.850709999999999	5.576099999999999	0.0	0.0	0.0	0.0
Node 46		2.41491	2.23494	5.89377	5.31218	6.852270000000001	5.5826	2.8731400000000002	2.9061	3.46989	4.19837	2.50939	6.1192400000000005	4.2956199999999995	4.7739400000000005	5.74812	3.47528	5.81508	4.70231	2.6816199999999997	2.13165	0.0	0.0	0.0
Node 143		3.8098899999999998	4.04561	8.59305	4.04197	8.191320000000001	3.1039	4.6885	7.61501	2.52652	4.62104	5.51899	2.8480700000000003	2.7936699999999997	3.07196	7.038220000000001	5.8248500000000005	5.3944600000000005	2.9863399999999998	7.4252	1.74085	0.0	0.0	0.0
Node 194		5.40027	3.74648	5.17685	7.82486	3.7539000000000002	4.99765	5.97457	3.5107199999999996	6.19154	3.54869	2.28209	4.4135	9.09446	4.79384	4.794020000000001	3.18649	6.636290000000001	4.7884400000000005	2.32402	0.53308	0.0	0.0	0.0
Node 13		5.144979999999999	4.854640000000001	5.91002	4.81379	6.746860000000001	2.51289	2.63021	5.94739	3.23459	5.57202	8.24658	6.39903	5.61982	5.04156	7.18261	4.81298	7.34605	5.59103	5.48259	0.0	0.0	0.0	0.0
Node 3		7.03483	3.03714	5.25031	3.4261399999999997	3.64007	6.44144	4.5115799999999995	7.182779999999999	9.03493	2.25606	8.35997	6.60458	5.84527	5.0167	2.28356	1.40281	9.03093	6.7161100000000005	4.14402	3.45978	0.0	0.0	0.0
Node 63		3.61404	5.6042000000000005	5.25056	3.3533100000000005	4.75981	2.91942	3.18865	6.79859	4.228479999999999	3.4817899999999997	3.63247	7.65099	9.28552	3.7876100000000004	4.13105	2.6520200000000003	4.0062	5.606590000000001	3.02422	1.3752900000000001	0.0	0.0	0.0
Node 78		1.58627	3.57008	6.9878599999999995	3.47065	4.68154	6.4189300000000005	4.85774	2.68248	7.889989999999999	3.80169	2.69403	4.4331700000000005	6.21767	3.56218	6.21159	4.63974	2.54783	5.11318	5.034120000000001	0.9303600000000001	0.0	0.0	0.0
Node 122		1.79083	4.31001	5.58983	3.99227	7.04538	4.92611	1.38529	2.77813	3.48131	2.49749	5.12773	5.36284	3.65421	4.45967	0.8764700000000001	3.2933200000000005	7.112449999999999	5.40046	5.19079	0.9308500000000001	0.0	0.0	0.0
Node 58		2.82684	5.86682	3.44755	2.18934	5.10716	9.12886	4.97025	4.245340000000001	3.92951	1.4548699999999999	2.79907	4.59852	5.40193	5.308949999999999	5.38451	2.7079	6.96791	3.73396	4.93647	0.8099999999999999	0.0	0.0	0.0
Node 90		5.45324	5.27157	4.021199999999999	6.628589999999999	5.728409999999999	3.22196	5.171	9.798179999999999	4.53183	4.56048	2.47655	6.18548	1.99591	5.27097	6.21159	2.05344	2.20832	2.86697	8.10434	0.53308	0.0	0.0	0.0
Node 156		5.40843	3.24626	4.4256400000000005	2.39127	3.23231	3.7007499999999998	5.39965	6.59868	6.7482500000000005	2.80587	3.3360399999999997	1.8842700000000001	4.02517	3.5472499999999996	7.531459999999999	3.18762	5.60014	9.949950000000001	3.65556	0.53308	0.0	0.0	0.0
Node 23		2.26051	2.04001	6.1132800000000005	1.57299	3.7906799999999996	6.77339	3.4697600000000004	5.20498	6.465120000000001	5.04288	3.7697799999999995	3.5540000000000003	5.24272	3.9639599999999997	7.0465100000000005	3.8622799999999997	4.11053	6.85447	5.29383	0.9308500000000001	0.0	0.0	0.0
Node 174		5.76484	3.59384	5.39051	8.55503	7.60368	5.328200000000001	5.419149999999999	3.96837	4.24402	4.1717900000000006	5.09683	6.808889999999999	2.79342	3.40777	7.753699999999999	6.58384	6.74177	3.79057	2.06602	1.1198	0.0	0.0	0.0
Node 6		2.16948	3.31018	1.86179	5.00995	7.377409999999999	3.9915899999999995	4.45195	5.94619	4.20087	3.8404800000000003	8.69448	4.49575	5.16732	6.90914	4.745909999999999	7.60727	5.64959	6.12593	5.83247	2.13165	0.0	0.0	0.0
Node 199		6.05891	3.5419899999999997	1.93004	4.130190000000001	3.03348	3.8725099999999997	3.9455299999999998	6.40441	7.68412	2.71685	4.86777	3.6962299999999995	5.53022	5.2753000000000005	5.17128	6.78647	8.4939	3.13425	5.21322	0.53308	0.0	0.0	0.0
Node 31		5.37326	4.05408	1.86179	5.2865	6.22533	6.934880000000001	1.56345	3.92169	6.58299	4.72208	2.0405699999999998	2.85055	5.26449	4.0761899999999995	4.24858	4.91012	5.23879	1.71311	4.85206	2.64978	0.0	0.0	0.0
Node 66		3.5529900000000003	4.9437500000000005	3.68935	2.87221	4.136270000000001	5.50606	2.46227	3.5933800000000002	9.26789	8.26448	5.12556	3.06692	7.3171	3.22946	4.98735	4.50962	9.636989999999999	2.9889200000000002	2.36757	0.0	0.0	0.0	0.0
Node 35		1.8946500000000002	4.08081	4.98563	2.65172	5.3356	5.40939	2.32252	7.7871	0.0	3.24947	4.84252	6.381889999999999	5.25078	3.5517399999999997	7.7397599999999995	3.9852199999999995	5.06893	5.71875	6.16936	0.0	0.0	0.0	0.0
Node 100		4.9599400000000005	5.08702	10.66152	4.7964	4.652209999999999	3.97452	7.73991	5.00255	5.39555	5.3341	7.9190700000000005	6.66025	4.911709999999999	4.7685699999999995	8.35251	2.80329	5.14591	3.93031	5.86249	0.0	0.0	0.0	0.0
Node 162		6.46912	4.69196	5.18069	3.2154700000000003	7.51199	5.29221	1.2793	4.58962	5.6140799999999995	5.06246	4.12299	9.058430000000001	2.60289	4.75863	3.9034199999999997	3.20791	7.205400000000001	2.80567	5.92253	1.71942	0.0	0.0	0.0
Node 10		0.8004000000000001	7.728649999999999	7.1765	1.72934	3.09435	3.4394	5.03103	5.04179	6.49008	4.68344	4.07638	3.86412	4.6761099999999995	3.29754	6.437379999999999	3.08816	5.1086800000000006	4.25646	2.39933	3.18286	0.0	0.0	0.0
Node 81		3.1054	0.9139700000000001	6.70999	1.2902200000000001	3.66632	2.55516	3.45547	3.58609	2.92609	6.381259999999999	4.61806	2.80278	3.85327	6.8092299999999994	7.09741	5.06397	5.88652	4.6589100000000006	2.76822	1.51708	0.0	0.0	0.0
Node 91		4.13914	4.42033	5.12342	4.11934	4.13525	8.28286	2.50121	5.55347	4.71366	2.79966	3.27582	4.5935	2.8781399999999997	1.05654	5.1642	1.52607	4.84541	4.3226	3.6817200000000003	0.0	0.0	0.0	0.0
Node 8		5.64691	2.0719499999999997	5.0171399999999995	4.30685	6.59025	2.70268	4.89789	3.29729	3.42681	5.21751	3.92599	5.082070000000001	7.166599999999999	3.4450799999999995	5.3509899999999995	3.89396	5.55204	4.7883700000000005	6.973319999999999	0.9303600000000001	0.0	0.0	0.0
Node 167		1.57133	5.67446	6.80428	1.34158	3.74325	2.08364	6.1587000000000005	6.457739999999999	3.79042	4.50577	5.19335	5.93003	2.43867	3.6895200000000004	4.81698	3.89137	4.64975	3.1932799999999997	4.95433	0.0	0.0	0.0	0.0
Node 98		3.23004	4.74539	3.47256	4.34288	6.05746	3.43414	5.04194	7.29067	3.7775999999999996	4.78932	3.97418	6.28457	3.4182200000000003	8.40366	2.26769	4.1112	5.63066	4.21354	4.5751100000000005	0.8099999999999999	0.0	0.0	0.0
Node 101		3.8124100000000003	3.1169	4.91254	5.47275	6.46546	5.64114	4.93233	2.78815	3.51527	2.9106	3.51792	5.46195	6.94588	1.97371	7.554429999999999	2.80305	5.71863	4.92736	7.58931	1.71942	0.0	0.0	0.0
Node 110		4.86462	3.69303	4.384049999999999	5.88953	2.7905699999999998	6.0665	6.37548	4.300820000000001	4.4218	4.89633	3.99801	4.5159400000000005	3.5708900000000003	3.57074	4.75179	3.0503	6.53686	2.26187	4.96118	0.0	0.0	0.0	0.0
Node 180		3.06501	3.28731	2.80788	4.0759799999999995	3.7842800000000003	5.97067	3.9406299999999996	8.037420000000001	8.80771	7.471849999999999	2.52482	5.50932	8.554390000000001	7.046810000000001	4.9317	3.2369299999999996	7.58105	3.3942300000000003	5.10439	1.74085	0.0	0.0	0.0
Node 191		2.8790799999999996	6.4625	4.26768	5.1736200000000006	6.94955	6.987830000000001	3.90449	6.19151	6.229620000000001	7.30822	5.053710000000001	6.84916	6.35927	8.36294	4.25605	7.334409999999999	6.05138	5.26101	6.1936	2.2525	0.0	0.0	0.0
Node 37		2.72813	5.979290000000001	3.85889	7.62346	7.24211	4.49872	2.9065600000000003	5.99742	5.3130299999999995	2.24043	7.43774	4.388800000000001	6.825670000000001	3.36213	5.0636	6.51705	5.92373	3.28636	4.9460299999999995	0.0	0.0	0.0	0.0
Node 54		2.58262	5.6953499999999995	5.75441	3.93551	3.4346	7.32526	6.41458	5.3701	4.178719999999999	4.63698	6.18262	7.52589	4.6136	3.77047	2.85326	4.53836	9.24947	3.79856	4.24388	0.53308	0.0	0.0	0.0
Node 99		3.45583	3.1588	5.32209	4.97027	6.056290000000001	4.72358	9.55349	3.58447	2.0225400000000002	6.306589999999999	3.48551	5.85608	5.14973	2.16753	7.07749	4.65987	8.62814	2.24345	3.0448	0.0	0.0	0.0	0.0
Node 40		5.80231	2.5873500000000003	2.45401	3.10718	2.15598	4.44037	3.43049	6.82001	4.9176400000000005	4.32759	4.179209999999999	5.55784	7.89387	3.58616	5.5113900000000005	3.26869	8.78419	4.61686	4.77707	2.05065	0.0	0.0	0.0
Node 151		6.809740000000001	5.3741200000000005	5.7326299999999994	4.97584	8.44524	8.64203	3.99625	5.11555	2.72327	5.25445	3.85163	7.7215300000000004	6.709569999999999	3.4269399999999997	2.24073	2.00733	2.31776	6.501600000000001	5.32229	1.32165	0.0	0.0	0.0
Node 165		5.82733	4.282509999999999	6.96875	2.98855	7.91971	2.0116	8.05063	5.77728	2.34097	4.28124	8.96832	3.55966	7.15855	5.04563	4.40648	2.04053	7.021719999999999	5.52966	5.63656	0.9303600000000001	0.0	0.0	0.0
Node 21		8.4446	4.052560000000001	9.3843	6.49261	5.10903	2.44133	2.94863	4.65287	3.81884	3.81665	1.52359	5.39717	3.6528400000000003	5.4451600000000004	5.0199300000000004	5.28757	6.43133	3.7886999999999995	4.01215	1.71942	0.0	0.0	0.0
Node 124		2.88218	3.6995899999999997	6.05763	10.217	3.4112700000000005	2.41762	3.9279	6.52368	4.82322	4.64982	4.69381	5.44991	7.46961	5.0613	3.06116	4.4665799999999996	5.368189999999999	4.963229999999999	4.96849	0.7885700000000001	0.0	0.0	0.0
Node 141		4.6359699999999995	6.59738	4.90435	3.4004399999999997	6.434769999999999	3.63315	5.65166	9.21871	6.68739	5.4829099999999995	0.91589	3.9103199999999996	2.99434	2.03075	4.61379	4.24214	5.95183	2.42467	9.41091	0.0	0.0	0.0	0.0
Node 139		5.55392	4.7429	6.913660000000001	4.76257	6.8469	2.9683100000000002	2.23388	6.514100000000001	4.715450000000001	5.24148	5.99445	3.99127	5.18254	3.0685000000000002	3.51497	8.444	4.64296	5.01335	4.8501900000000004	0.0	0.0	0.0	0.0
Node 188		3.2253999999999996	1.56408	5.99083	4.12977	5.04666	8.63875	0.0	5.39457	3.2633099999999997	5.01098	4.09856	4.73065	5.46856	3.74012	3.99179	2.2761	3.4438400000000002	1.8276299999999999	0.71766	1.46344	0.0	0.0	0.0
Node 51		2.13564	4.64164	8.11574	5.42546	10.61549	4.31577	3.47592	5.90984	3.5673999999999997	5.24148	1.71709	4.58472	7.8774999999999995	4.44531	1.28729	4.744079999999999	2.66927	6.19505	3.9398299999999997	1.46344	0.0	0.0	0.0
Node 97		3.61404	2.2419700000000002	8.45745	6.12259	8.09757	4.7043099999999995	5.89467	5.3251	4.3631	6.5669	4.49583	1.51956	8.38089	1.8937099999999998	6.74303	5.2739	4.13333	4.08936	6.71198	1.86121	0.0	0.0	0.0
Node 127		2.13237	4.10178	8.469980000000001	7.65438	2.18981	5.65405	5.201370000000001	4.93248	6.46762	6.62412	6.623850000000001	5.05677	8.39185	5.82119	6.848260000000001	7.158150000000001	7.16683	2.78789	4.0465	0.0	0.0	0.0	0.0
Node 130		5.61954	0.96679	3.56873	2.4521100000000002	4.20744	6.47436	4.53946	7.39491	3.82599	2.06101	4.9552	3.5550400000000004	4.56224	3.17532	4.41355	5.806109999999999	3.98936	2.68425	4.05443	1.9298	0.0	0.0	0.0
Node 45		2.57284	4.19632	7.828250000000001	4.3803	4.7536000000000005	2.63695	4.3689	5.48779	3.50422	6.2982	2.49232	5.28802	9.16672	3.9512	8.29274	5.00258	8.55475	7.223839999999999	3.5299400000000003	2.67121	0.0	0.0	0.0
Node 190		3.7223699999999997	4.17904	4.18436	2.6635	3.46754	4.78914	4.22457	7.4134	2.45936	4.23491	4.19145	5.42007	3.89006	3.75154	8.76908	5.30326	2.9665299999999997	3.3327000000000004	2.53846	1.5985699999999998	0.0	0.0	0.0
Node 133		5.53819	3.24662	1.8263999999999998	5.15126	5.227720000000001	5.13283	5.35708	4.60001	3.51681	0.0	7.115480000000001	4.89402	5.61597	2.69545	8.0818	6.25355	7.38052	6.84723	8.2521	3.18286	0.0	0.0	0.0
Node 116		2.98514	3.07241	3.92648	2.9533	5.91199	3.9611300000000003	3.87242	7.23631	2.4764999999999997	6.457870000000001	3.77095	9.10098	7.014670000000001	2.8556999999999997	2.06895	5.11893	5.75272	4.8316	5.09842	3.0625	0.0	0.0	0.0
Node 48		3.8503299999999996	1.77266	3.05168	6.26233	4.40542	3.2545499999999996	6.11018	1.78939	7.9368300000000005	3.57397	4.22708	4.75939	5.61363	3.7066799999999995	3.02249	4.9765999999999995	3.83497	6.87188	5.02654	0.0	0.0	0.0	0.0
Node 126		2.95308	7.023949999999999	6.88518	4.24469	4.37995	4.7851	3.2967299999999997	2.8124599999999997	1.59047	7.57931	3.2254199999999997	6.45044	4.5965300000000004	1.6784400000000002	4.89498	6.59751	6.552420000000001	3.94643	4.426950000000001	0.0	0.0	0.0	0.0
Node 114		3.3243300000000002	7.43273	4.96134	4.89287	7.85448	5.1809	2.2985700000000002	7.9435400000000005	4.0919799999999995	4.88289	2.82551	5.42272	3.90175	2.65967	4.27065	2.2160200000000003	6.916659999999999	4.865	2.30888	2.05065	0.0	0.0	0.0
Node 163		6.814099999999999	5.94867	4.1261399999999995	5.41743	1.2143899999999999	3.6897399999999996	3.6633400000000003	7.17339	3.63486	6.79183	7.2650500000000005	4.9727	6.152839999999999	5.1639100000000004	3.6869899999999998	4.00796	7.58882	3.80744	6.55391	2.52942	0.0	0.0	0.0
Node 186		2.98283	2.23494	5.99409	8.5227	7.90496	5.0812	8.749740000000001	6.4962599999999995	2.96541	6.766750000000001	2.63181	4.19639	9.20066	5.74857	5.45331	4.63008	7.899399999999999	4.4334999999999996	3.53251	1.71893	0.0	0.0	0.0
Node 2		4.268120000000001	4.229369999999999	2.0803700000000003	3.48445	2.49271	5.50998	5.9463799999999996	4.9671	0.72553	4.527430000000001	3.94155	4.41889	6.665450000000001	2.7076	2.14928	5.99011	7.14952	7.123830000000001	4.80097	1.71893	0.0	0.0	0.0
Node 132		1.69757	2.93987	3.6424900000000004	2.62394	4.82518	7.86116	2.614	4.79775	3.86641	5.64257	2.42877	5.68578	4.66444	4.47396	5.35232	7.75603	4.98879	4.691	5.87199	2.30614	0.0	0.0	0.0
Node 64		3.6239100000000004	4.00213	9.06625	5.93402	4.50619	5.70421	5.09123	6.3525	4.83713	6.05762	5.86571	4.4501	8.02938	4.7549	5.9504	2.30969	5.69702	5.8947	4.7777199999999995	0.53308	0.0	0.0	0.0
Node 17		5.22888	4.8701	1.8263999999999998	4.16437	4.38737	3.3673	1.37262	6.783010000000001	3.43693	2.86505	4.89394	3.1662700000000004	7.238700000000001	5.20204	4.4752	2.3617	4.277	2.72728	4.19234	1.46393	0.0	0.0	0.0
Node 148		6.44859	6.1097	3.91179	5.07628	2.96366	6.36905	7.689989999999999	9.27402	4.37343	6.02632	8.01127	3.12438	2.44422	2.4570600000000002	5.6107499999999995	5.93374	8.103779999999999	5.28059	3.63591	0.9308500000000001	0.0	0.0	0.0
Node 149		1.9924399999999998	4.75805	4.03482	10.14074	5.57217	5.19199	2.76757	4.14648	4.53198	2.54121	0.0	5.082070000000001	2.79125	6.55511	7.36107	1.84724	7.534440000000001	4.58396	6.08625	1.46344	0.0	0.0	0.0
Node 93		4.22728	4.26348	5.00279	3.1491900000000004	10.08381	6.08713	3.91825	4.6342300000000005	6.996779999999999	2.78334	5.11906	9.10098	7.271660000000001	7.97832	6.17532	3.14893	6.20249	1.88838	3.65052	0.0	0.0	0.0	0.0
Node 30		3.5956	4.65153	2.65854	2.62394	3.83657	6.481679999999999	6.4222	7.54286	4.0745700000000005	3.04005	5.03073	5.31128	3.18487	3.7818699999999996	5.4018999999999995	4.72082	5.79704	3.10882	3.8813899999999997	0.0	0.0	0.0	0.0
Node 153		5.35759	3.3704699999999996	7.7428	3.76002	4.389889999999999	2.09431	4.72797	5.05063	6.032719999999999	3.79388	3.67122	4.05133	7.344639999999999	7.764659999999999	6.09267	2.68545	4.07646	5.70774	4.4562	0.9308500000000001	0.0	0.0	0.0
Node 108		3.31039	3.0078400000000003	7.55074	4.75386	5.60084	4.67467	7.38259	5.20153	3.4492299999999996	3.4019099999999995	4.70363	5.770589999999999	6.3344499999999995	4.13081	5.79938	3.39421	5.36993	4.65274	4.68257	0.7885700000000001	0.0	0.0	0.0
Node 53		4.73526	2.92138	5.20096	3.1376500000000003	8.80781	6.139200000000001	3.7504299999999997	6.1051	6.50023	3.3757599999999996	3.6079800000000004	7.131460000000001	3.6528400000000003	5.90648	6.277349999999999	3.7282	2.22261	3.9785500000000003	4.47863	0.9308500000000001	0.0	0.0	0.0
Node 87		4.07593	4.0883	5.93446	7.763159999999999	5.07059	1.4187999999999998	2.26076	7.583620000000001	3.6534299999999997	4.410830000000001	5.90795	4.31995	5.7679800000000006	2.19565	4.0975	5.70189	6.420929999999999	5.621099999999999	6.94317	0.0	0.0	0.0	0.0
Node 115		4.1075	4.49184	4.8912700000000005	6.659669999999999	4.21628	6.37611	2.03418	8.67949	6.7263	1.5146	5.93591	1.27166	5.64254	3.25475	3.57513	3.8949900000000004	7.2157100000000005	4.54574	5.60654	2.2525	0.0	0.0	0.0
Node 0		3.0831399999999998	2.68196	4.24392	8.17024	6.32816	3.74718	1.90391	5.10805	5.95382	1.84519	3.77008	6.6673	4.6014800000000005	7.81299	4.4204	2.22683	4.43774	7.6157699999999995	6.44204	1.71942	0.0	0.0	0.0
Node 120		5.07144	4.36575	6.6536100000000005	6.406879999999999	5.57672	4.67467	3.5300199999999995	3.4422300000000003	4.96532	5.7571200000000005	5.4992399999999995	4.84949	7.4714	4.80113	2.94933	7.0646	5.66613	5.09788	2.17627	3.0625	0.0	0.0	0.0
Node 145		2.17321	7.76849	5.35954	2.56994	5.23074	3.0883399999999996	3.50699	5.85291	7.3101899999999995	2.43676	3.1259	5.723190000000001	5.00956	5.5074499999999995	5.17759	2.3617	8.351930000000001	2.69363	3.50394	1.1198	0.0	0.0	0.0
Node 96		4.64639	4.68518	4.16674	2.97918	6.94905	6.11953	4.12959	3.95717	8.5765	5.96733	8.0193	6.19069	6.80558	5.93091	9.71014	4.245030000000001	7.08901	5.9596599999999995	6.7415199999999995	2.30565	0.0	0.0	0.0
Node 181		4.64947	5.28565	3.2541	4.98199	4.43188	8.0422	3.72731	3.67968	6.27608	6.9726	6.40057	5.71787	3.9581199999999996	3.59129	3.3242000000000003	4.97623	3.23516	4.04779	4.81164	0.7885700000000001	0.0	0.0	0.0
Node 123		4.54457	3.09792	4.06831	5.86497	6.17391	4.6725	2.6793	3.6847600000000003	3.9299399999999998	5.87466	2.98985	4.75727	6.34066	0.6712199999999999	0.5254	6.7940000000000005	3.3891999999999998	5.79714	6.30154	2.2525	0.0	0.0	0.0
Node 138		4.90069	3.00925	6.3193600000000005	3.57909	3.51759	4.9465200000000005	6.37877	6.6842299999999994	5.5522599999999995	4.26161	4.17243	4.81641	6.98496	5.76529	7.14076	5.97434	5.67829	6.96281	3.62112	0.0	0.0	0.0	0.0
Node 28		4.13832	1.86901	5.44271	4.39943	3.17932	7.04577	4.35798	3.7716399999999997	3.7236199999999995	5.09377	8.49501	6.799810000000001	5.985250000000001	5.93304	3.53251	3.96658	5.769959999999999	1.45071	6.20224	1.32165	0.0	0.0	0.0
Node 136		5.45049	2.57815	7.54291	3.6412	4.12273	5.28235	3.42251	4.706119999999999	3.3053100000000004	3.6953199999999997	1.28495	5.4707	7.166110000000001	4.60056	2.2745499999999996	3.8888399999999996	6.39282	2.0440300000000002	2.17686	0.0	0.0	0.0	0.0
Node 70		4.3954	3.67993	7.11953	4.250629999999999	6.0808599999999995	3.9585500000000002	3.49507	1.49441	6.4994499999999995	3.7347699999999997	4.29062	8.29369	4.94664	6.13972	5.12972	6.01977	3.64354	7.58741	4.37495	3.9928600000000003	0.0	0.0	0.0
Node 33		2.18165	6.68618	2.63469	5.86036	7.77444	2.54645	3.79795	5.83045	4.27451	2.99003	2.99278	7.0771299999999995	7.8997	5.20141	6.2799	5.65607	9.17564	3.20871	7.484	3.11565	0.0	0.0	0.0
Node 18		4.32602	3.3751999999999995	8.17592	3.8561400000000003	5.35421	0.0	1.40578	4.88071	2.65957	4.224019999999999	2.6307899999999997	4.9688	5.54512	4.45638	6.09119	3.8762499999999998	6.69087	8.08599	5.18689	3.0625	0.0	0.0	0.0
Node 131		6.80975	4.38458	6.21349	8.68715	2.12444	4.77748	3.0819699999999997	5.4915199999999995	6.93187	3.0979	4.71716	8.35543	4.4695	8.11242	2.87923	3.73316	7.177980000000001	6.950430000000001	3.4757000000000002	1.32165	0.0	0.0	0.0
Node 50		4.99446	3.1617800000000003	9.63336	3.87486	6.96697	6.95791	1.22807	3.0019400000000003	4.03161	4.147279999999999	5.834919999999999	3.92195	2.22087	5.8019	0.97102	3.84353	7.69546	5.09622	3.44108	0.0	0.0	0.0	0.0
Node 176		3.06501	3.91123	1.6821800000000002	1.40763	5.06164	5.6479	2.98666	3.2091000000000003	1.21314	5.72102	7.044849999999999	4.19145	1.98156	7.056139999999999	8.71638	4.93441	9.37108	2.4125	2.6429	0.7885700000000001	0.0	0.0	0.0
Node 166		7.688979999999999	6.2313	3.6145799999999997	5.65978	3.4822400000000004	3.6658000000000004	5.62837	6.49075	2.96556	9.48943	2.44464	2.8469	6.72354	7.18114	7.11473	1.3678	7.64597	3.2963600000000004	5.93511	2.52893	0.0	0.0	0.0
Node 5		5.19487	4.81345	2.4667399999999997	4.77331	5.13301	2.7166200000000003	4.74409	7.2505299999999995	3.27468	3.6500999999999997	4.95584	2.52578	4.62764	3.78845	3.21196	3.08208	7.7844	5.48275	7.57218	0.53308	0.0	0.0	0.0
Node 102		0.95086	3.50327	7.805610000000001	4.89873	3.1910300000000005	8.08228	2.57767	2.41377	6.9700999999999995	5.00397	6.66039	3.46255	7.91396	3.0183	3.3882299999999996	1.71237	4.22537	1.80402	0.5744499999999999	2.18529	0.0	0.0	0.0
Node 150		2.9821899999999997	3.42223	5.16524	6.85739	5.307930000000001	6.059670000000001	6.7861199999999995	4.45466	5.77383	5.52303	3.0667199999999997	5.83896	3.08743	3.44914	6.86833	3.6422299999999996	7.0301100000000005	3.37184	3.0133199999999998	1.3752900000000001	0.0	0.0	0.0
Node 198		4.65975	3.84357	5.19766	5.53571	3.86856	6.18502	2.60756	6.52957	3.8142099999999997	3.6661399999999995	3.3721599999999996	4.29237	2.4972399999999997	5.3593399999999995	3.2249600000000003	3.5154699999999997	7.193919999999999	2.86697	3.82696	0.7885700000000001	0.0	0.0	0.0
Node 173		1.8161900000000002	6.60473	3.3499399999999997	7.54148	5.616560000000001	4.1250599999999995	2.88456	6.79704	5.08195	7.49084	6.02906	11.70575	5.95177	2.34409	7.692749999999999	3.8795	4.975890000000001	3.3536499999999996	6.49082	2.2520100000000003	0.0	0.0	0.0
Node 77		4.784610000000001	1.4194	4.8505899999999995	7.091640000000001	5.46858	2.9123300000000003	3.7165999999999997	4.34502	5.18263	6.8583099999999995	9.40406	4.4387	2.3167	1.7028100000000002	3.79407	3.78668	7.257280000000001	1.7102300000000001	3.1313100000000005	1.32165	0.0	0.0	0.0
Node 147		6.05208	3.5184100000000003	3.40173	7.66396	4.1224799999999995	4.75742	2.78504	4.040649999999999	2.4266099999999997	6.1730100000000006	3.07254	7.1521799999999995	4.45395	3.25516	7.32686	3.21911	8.24063	5.76697	8.92937	0.0	0.0	0.0	0.0
Node 109		3.03083	3.4126700000000003	3.4717199999999995	7.19523	3.7597400000000003	7.333629999999999	3.1374600000000004	4.20122	5.72724	2.64246	2.67122	7.5583	1.96152	8.34595	4.40813	3.8978800000000002	2.39234	4.61988	6.3866000000000005	1.74085	0.0	0.0	0.0
Node 171		2.7670500000000002	3.69964	6.330080000000001	4.71896	7.29825	5.05143	2.92868	4.05875	8.226949999999999	3.06256	6.3625799999999995	5.66116	4.66957	0.76578	6.0364	4.74538	4.99045	3.89045	3.4535000000000005	0.7885700000000001	0.0	0.0	0.0
Node 16		3.3243300000000002	6.260269999999999	5.50583	5.9867099999999995	4.84252	3.1884	4.88571	4.53912	8.25862	2.47098	4.72842	8.076179999999999	2.5646	1.44756	4.14116	4.31007	2.94792	4.07616	2.73582	0.53308	0.0	0.0	0.0
Node 76		2.23772	3.75413	4.28511	3.15078	9.37762	1.97832	3.50638	4.27968	4.19147	5.48654	3.6944200000000005	4.65223	2.76677	3.1780500000000003	0.0	8.92742	3.4824800000000002	1.9306400000000001	1.88377	2.83922	0.0	0.0	0.0
Node 72		3.7220000000000004	1.37721	4.056909999999999	2.67409	5.9328199999999995	4.960529999999999	4.51926	5.23774	4.55597	6.610829999999999	6.22295	2.71494	3.68789	2.7588	7.68456	7.765859999999999	7.05711	5.32372	6.60681	1.46344	0.0	0.0	0.0
Node 172		2.93318	5.05468	3.43239	4.64969	4.9552	0.66484	0.5576399999999999	6.15132	6.801690000000001	7.98668	4.06557	6.774570000000001	5.8004	5.79033	3.2023099999999998	2.52731	2.49398	6.33683	4.45461	0.0	0.0	0.0	0.0
Node 140		6.14898	4.50433	3.18517	6.687269999999999	3.4466099999999997	6.05889	4.122109999999999	5.49819	3.3460799999999997	4.89036	2.30587	6.977329999999999	4.96541	9.58047	5.34706	5.53352	7.9048300000000005	4.15799	3.10541	0.0	0.0	0.0	0.0
Node 57		3.87087	5.16043	1.8679899999999998	3.1797899999999997	5.98457	1.52619	3.4001900000000003	4.98402	2.6057	6.6506300000000005	6.81221	3.82734	6.5112000000000005	5.55718	4.87603	5.51965	8.73048	5.600560000000001	6.37388	2.05065	0.0	0.0	0.0
Node 178		4.23101	3.6435500000000003	10.965160000000001	4.38681	5.32184	1.84582	4.0008799999999995	5.05391	8.709150000000001	4.89236	2.59499	4.342420000000001	4.95643	5.33678	6.0672	4.08901	10.08258	2.37045	2.9270899999999997	0.9308500000000001	0.0	0.0	0.0
Node 83		4.2589500000000005	3.61272	7.214239999999999	0.84863	2.78416	3.35997	1.9859000000000002	4.62826	2.02609	3.91929	5.24074	3.64509	3.2519600000000004	4.485539999999999	4.0624	3.2243399999999998	5.42557	3.05817	1.6124699999999998	0.0	0.0	0.0	0.0
Node 47		1.82772	3.42026	3.53146	1.96641	8.008560000000001	4.2632900000000005	2.75889	1.3496899999999998	5.22812	2.53685	2.3611	4.28977	3.63557	5.67034	3.2842700000000002	2.47259	5.95683	3.0082500000000003	3.48065	2.05065	0.0	0.0	0.0
Node 185		2.28481	3.10506	4.58884	6.9688799999999995	7.10464	2.4683	5.2434	5.26465	7.078080000000001	5.66949	2.99468	3.6417400000000004	3.6415500000000005	5.52367	3.13478	5.06516	6.74177	4.34888	7.5655399999999995	0.9308500000000001	0.0	0.0	0.0
Node 25		5.66825	4.41439	4.99242	3.5513299999999997	5.40652	6.08908	5.185560000000001	6.751409999999999	2.91894	5.24578	6.29706	2.75516	3.4090599999999998	4.50483	5.32863	2.18085	8.047550000000001	4.2106200000000005	6.10409	0.7885700000000001	0.0	0.0	0.0
Node 49		2.7000699999999997	4.17413	6.92098	7.72477	3.62918	2.07018	2.83967	4.1182799999999995	4.69152	3.5149100000000004	1.6450699999999998	6.06359	7.11495	3.67504	7.92012	2.93088	4.83502	4.5941	8.54285	2.2525	0.0	0.0	0.0
Node 82		7.02637	9.90875	5.04508	5.76581	7.9815	4.53348	7.584490000000001	8.44528	5.46676	6.3343300000000005	5.35029	9.28375	4.12292	5.64401	7.729030000000001	4.0116	2.99177	2.58468	1.52189	2.2520100000000003	0.0	0.0	0.0
Node 11		3.97346	2.14146	6.5143699999999995	8.25444	5.7159	3.16383	3.65019	3.9666699999999997	8.740770000000001	3.36779	6.011699999999999	8.81518	2.76592	5.2407	6.4624299999999995	2.16921	6.31994	2.41467	3.70767	0.0	0.0	0.0	0.0
Node 7		7.94072	7.05763	2.81281	4.6976700000000005	3.10706	3.5542200000000004	2.96271	2.07719	5.04196	4.849810000000001	3.3397499999999996	4.96968	5.67872	6.35917	7.07793	6.40284	3.5431200000000005	3.1287299999999996	5.678190000000001	0.0	0.0	0.0	0.0
Node 142		6.07221	8.40221	6.69791	4.82296	5.22445	4.6003099999999995	3.1476900000000003	9.54882	6.44077	6.38726	4.124160000000001	3.48439	6.6374699999999995	2.73375	4.411849999999999	2.3226	5.16759	4.2831	3.94226	0.0	0.0	0.0	0.0
Node 184		2.92001	8.859060000000001	6.740549999999999	1.4997500000000001	4.52552	2.4683	2.4862200000000003	4.930890000000001	2.25574	6.700830000000001	3.03808	3.5689800000000003	2.91082	2.45811	4.35481	3.0216	8.18021	1.9700100000000003	2.63359	0.0	0.0	0.0	0.0
Node 129		2.8790799999999996	6.66631	5.72945	5.12026	9.37401	5.44141	5.76161	3.93576	1.0401	5.960039999999999	2.23735	6.6073900000000005	5.61022	6.382110000000001	5.7632900000000005	3.71618	5.973409999999999	4.65559	1.27714	3.7695800000000004	0.0	0.0	0.0
Node 55		2.47165	3.48783	5.50969	2.93044	2.94829	6.72092	2.9061	7.61843	5.94037	3.8809799999999997	3.4569500000000004	4.34208	5.18254	3.18573	3.4469100000000004	2.62428	3.55371	3.9495299999999998	3.71647	0.9308500000000001	0.0	0.0	0.0
Node 146		2.11734	5.75566	3.28986	4.53582	7.14703	5.89069	4.8957500000000005	7.9634	6.33487	4.60381	2.88798	4.30661	7.03333	4.15805	3.65807	3.8637900000000003	4.79785	5.64456	2.97987	2.27393	0.0	0.0	0.0
Node 121		3.1005499999999997	3.28892	5.08641	2.60139	6.88208	7.86022	2.64512	5.13823	4.9166799999999995	2.7420199999999997	4.20317	8.66963	6.194100000000001	2.4515700000000002	4.04887	3.755	7.32338	2.63924	6.6432400000000005	0.7885700000000001	0.0	0.0	0.0
Node 189		6.37905	5.78908	4.108169999999999	2.32769	2.49489	2.96901	8.311069999999999	3.45595	3.8282200000000004	2.80213	2.27395	3.6513700000000004	7.173749999999999	6.55879	3.7009	6.863519999999999	6.675879999999999	8.82623	7.343959999999999	3.45978	0.0	0.0	0.0
Node 117		2.7965	4.9863100000000005	4.22448	4.50097	8.88437	7.068290000000001	4.9815499999999995	7.515750000000001	5.1832	4.70223	4.71849	3.8895199999999996	3.7573700000000003	4.51347	2.25355	6.81156	8.38179	4.66125	5.57817	0.0	0.0	0.0	0.0
Node 107		2.61477	3.67788	5.72152	6.09918	3.08622	5.44873	2.22453	3.479	8.40234	4.29573	6.78774	8.392199999999999	6.99182	5.21035	4.620699999999999	2.13068	5.33231	3.50088	5.22563	0.0	0.0	0.0	0.0
Node 68		2.5974	3.24626	6.30202	6.92671	9.42543	3.6908200000000004	2.0191	6.686780000000001	8.47821	6.35749	4.09088	3.6460399999999997	5.66955	6.55689	0.75828	3.43491	6.15138	6.763959999999999	2.01471	0.0	0.0	0.0	0.0
Node 144		2.9939400000000003	2.64486	4.76378	4.2026	8.47819	4.80224	2.29363	2.48561	2.44799	6.6095299999999995	3.3518100000000004	4.00024	5.74407	1.49961	8.18012	4.05975	2.21587	4.07105	5.95944	2.2525	0.0	0.0	0.0
Node 193		7.026630000000001	2.29479	5.2697199999999995	0.56581	7.74779	9.06503	4.05094	7.0216899999999995	2.72921	3.514	5.05676	6.69661	3.6528400000000003	5.818700000000001	8.30581	3.88007	6.05138	5.24511	5.13321	2.2525	0.0	0.0	0.0
Node 62		5.24079	5.67538	5.966819999999999	5.12574	2.24344	5.66903	4.91636	6.89027	7.91336	3.12187	4.06557	1.23763	2.20771	5.02813	9.454460000000001	7.1570800000000006	7.326149999999999	4.19732	3.44398	3.9928600000000003	0.0	0.0	0.0
Node 85		6.34545	4.67944	5.21694	3.8703300000000005	8.19951	3.28841	3.33666	8.61533	4.68081	5.17344	3.75944	2.5500100000000003	6.24713	2.8805199999999997	4.74448	7.077780000000001	1.31498	2.97924	3.34343	1.51757	0.0	0.0	0.0
Node 14		3.02068	4.27697	4.61878	3.82213	5.0206	6.33326	6.86287	3.2203299999999997	0.0	3.86265	2.3611	5.94242	2.3167	5.14612	5.72422	1.71237	4.11781	4.12702	4.75056	0.0	0.0	0.0	0.0
Node 52		2.24749	2.87748	4.89	3.1452599999999995	3.12419	3.6829599999999996	1.38529	4.45424	2.65302	4.24428	3.74956	1.97514	9.09183	4.96544	2.9937300000000002	2.60643	7.81103	1.92272	5.523569999999999	2.39429	0.0	0.0	0.0
Node 44		3.26689	3.05334	3.2312800000000004	2.34551	5.32126	4.58591	8.63261	3.3950099999999996	4.20017	2.1531000000000002	4.718590000000001	1.8674300000000001	6.99133	4.65638	5.46328	3.0303400000000003	4.1789	5.77953	1.8920800000000002	2.67121	0.0	0.0	0.0
Node 24		7.887919999999999	1.9177099999999998	3.96467	7.232900000000001	4.61461	2.57708	2.56411	4.79457	5.802709999999999	4.89036	2.85521	4.4549900000000004	6.408320000000001	8.06428	5.47776	5.4189300000000005	6.720089999999999	3.2125099999999995	3.3512500000000003	0.0	0.0	0.0	0.0
Node 192		4.68744	4.10485	6.41325	3.59856	6.75887	8.695749999999999	3.64354	3.3248100000000003	3.4271700000000003	3.9010000000000002	4.54141	4.742509999999999	7.647819999999999	2.73054	7.69277	3.9263899999999996	8.77668	6.7658700000000005	8.88372	1.32165	0.0	0.0	0.0
Node 197		4.8432	4.56517	3.25821	4.87595	4.74879	4.69212	4.65326	4.57136	3.9365799999999997	5.74619	6.695919999999999	4.27118	5.515090000000001	2.50348	5.13001	1.52607	7.708270000000001	3.5658000000000003	2.78361	1.71942	0.0	0.0	0.0
Node 43		7.363060000000001	3.4942599999999997	6.816609999999999	5.5085500000000005	5.19552	4.6725	4.8456	5.5785	2.59929	2.76962	6.2241	6.73643	6.02227	6.10344	6.429600000000001	1.6645400000000001	9.42747	4.32437	1.6124699999999998	2.86065	0.0	0.0	0.0
Node 137		3.12034	4.77662	7.051699999999999	6.62438	5.57762	4.7043099999999995	3.27978	3.40463	3.41021	2.59945	4.33956	7.52499	4.4589799999999995	2.03463	3.77913	4.49084	8.374139999999999	5.102530000000001	4.7492	0.0	0.0	0.0	0.0
Node 27		2.97884	3.44832	4.67671	5.1380799999999995	5.51145	4.76838	2.72214	4.6342300000000005	4.27727	4.915760000000001	1.84857	7.375660000000001	6.0109200000000005	3.96986	6.38987	8.064	9.73239	3.0941799999999997	5.46003	0.0	0.0	0.0	0.0
Node 42		3.6545199999999998	2.7754399999999997	5.92204	7.88977	2.31998	8.02702	5.706449999999999	4.20804	7.09482	4.3801	4.11601	8.6217	6.03254	2.03179	4.83507	5.35337	2.9487900000000002	4.14316	2.50751	1.46344	0.0	0.0	0.0
Node 36		4.25477	3.3339800000000004	5.93425	5.95354	4.31053	8.24738	2.56557	2.58234	5.57169	2.9306	5.26962	5.84075	7.18882	2.8348999999999998	1.29585	5.33047	5.87946	1.3575300000000001	3.2030700000000003	0.9308500000000001	0.0	0.0	0.0
Node 60		2.74169	3.6657200000000003	8.01331	3.2084	5.88227	3.8816499999999996	5.68564	7.6487	4.05447	6.31863	6.74921	2.2723	7.502649999999999	3.28545	4.7542800000000005	2.04053	4.32728	8.1082	2.96218	0.0	0.0	0.0	0.0
Node 56		5.44327	4.68036	4.06	3.55672	6.08034	4.28024	1.2858100000000001	5.00505	4.85256	4.24971	4.69924	2.20726	3.2112000000000003	1.92061	7.95493	5.64146	5.69612	2.69555	3.4851199999999998	0.53308	0.0	0.0	0.0
Node 103		3.50276	1.9598999999999998	9.42024	3.49867	5.3409699999999996	5.14353	3.2365	4.11285	2.8041	5.42133	7.569249999999999	3.93416	5.09934	3.46817	6.08411	3.73143	5.12735	4.53265	2.33013	0.7885700000000001	0.0	0.0	0.0
Node 118		2.91944	7.28215	4.60644	5.16475	3.6771900000000004	2.7817499999999997	5.03555	3.21641	4.26847	2.9275200000000003	3.0200500000000003	9.12143	5.07957	4.19977	2.88499	2.52358	0.0	1.5944699999999998	7.711320000000001	1.46393	0.0	0.0	0.0
