Node 31		5.98302	3.44149	9.028120000000001	3.2939299999999996	8.24936	5.5532900000000005	6.02252	7.94427	6.11542	6.86713	12.07634	6.0573500000000005	6.2782599999999995	6.72889	6.30738	4.53934	5.9632	6.745520000000001	6.96142	2.98101	0.0	0.0	0.0
Node 179		7.737819999999999	6.613429999999999	6.549199999999999	5.24677	7.84297	4.59996	2.06113	7.455349999999999	5.94994	6.83261	7.85702	4.92842	11.26323	4.27581	7.12643	6.8898399999999995	3.8176500000000004	5.23161	5.27323	2.52942	0.0	0.0	0.0
Node 77		10.164330000000001	7.236800000000001	7.34812	5.761489999999999	7.239800000000001	7.954840000000001	3.67677	3.98879	4.45319	8.50634	7.54479	6.67735	7.281949999999999	5.8169699999999995	7.98861	8.66278	4.9996100000000006	5.9228000000000005	7.34413	0.8099999999999999	0.0	0.0	0.0
Node 185		6.17274	5.6776800000000005	9.86901	6.811540000000001	5.93513	5.4602900000000005	3.8147599999999997	6.24796	5.6592400000000005	6.31248	8.37135	9.20101	6.26577	7.656440000000001	7.41183	8.82189	5.8092999999999995	9.381630000000001	7.654850000000001	3.2365	0.0	0.0	0.0
Node 148		6.12731	6.17451	4.6529300000000005	7.378310000000001	6.45366	6.05177	10.32033	7.27342	3.9978100000000003	6.12019	9.73174	6.9293499999999995	8.519029999999999	4.43914	7.98097	6.5879199999999996	6.636590000000001	4.96966	4.57875	0.0	0.0	0.0	0.0
Node 66		8.33957	6.65327	5.00598	8.38023	6.371580000000001	5.95849	4.531149999999999	9.96621	4.1756	6.6875100000000005	5.5440700000000005	6.5815600000000005	6.9283	8.221499999999999	7.121230000000001	9.49919	4.48846	4.93217	8.89564	2.2520100000000003	0.0	0.0	0.0
Node 47		8.750860000000001	4.58055	5.92239	5.361479999999999	8.09887	6.435639999999999	3.9230899999999997	5.94805	8.81136	7.2029	4.68385	4.0840000000000005	5.40215	4.9167700000000005	6.4694	4.7070300000000005	4.55371	8.19657	8.35582	0.0	0.0	0.0	0.0
Node 62		8.859110000000001	7.77371	8.0346	3.5126999999999997	10.09833	7.30316	5.6279	6.28989	6.5624199999999995	4.914890000000001	8.062669999999999	3.6645700000000003	12.24489	7.05545	6.28015	6.91334	7.44282	6.8204899999999995	4.54096	0.58672	0.0	0.0	0.0
Node 53		9.484869999999999	7.65771	7.73887	8.53573	6.98719	7.66013	5.48418	8.79033	6.28235	9.65095	11.07873	7.87508	6.55809	3.4063000000000003	7.30045	6.645570000000001	6.80089	5.368379999999999	3.54173	0.8099999999999999	0.0	0.0	0.0
Node 134		5.49617	6.27902	7.67942	7.77789	9.73371	7.133349999999999	5.04039	4.66946	4.94886	4.14692	8.68602	8.85868	5.6852800000000006	7.22879	7.682550000000001	5.515090000000001	4.6393200000000006	6.608600000000001	7.11167	2.86065	0.0	0.0	0.0
Node 124		6.3039499999999995	4.16707	10.81361	4.06164	7.66487	3.65102	4.81379	5.54115	5.31038	6.11841	7.316490000000001	6.41205	7.1403300000000005	4.42316	6.09598	4.77678	8.37744	2.80638	6.35386	0.8099999999999999	0.0	0.0	0.0
Node 143		7.1001900000000004	8.04633	6.92412	5.47544	6.57423	6.39445	9.50885	6.062469999999999	6.74218	7.02981	3.0248500000000003	3.86177	5.30091	5.15437	9.660879999999999	5.36442	7.27631	8.240870000000001	5.76229	2.27344	0.0	0.0	0.0
Node 19		3.77614	9.0296	4.035629999999999	4.40992	6.980440000000001	5.90816	4.8115499999999995	9.20492	7.4826500000000005	5.61729	8.98733	6.28523	6.478159999999999	5.55648	6.85523	4.84178	7.94891	9.13129	4.446	0.8099999999999999	0.0	0.0	0.0
Node 141		6.695270000000001	8.293140000000001	3.3858800000000002	2.8112399999999997	6.11967	6.862609999999999	4.84002	4.07026	4.51705	6.66443	4.604889999999999	4.778700000000001	5.51257	9.49574	7.630739999999999	7.852049999999999	6.52573	6.44506	7.023680000000001	0.9303600000000001	0.0	0.0	0.0
Node 46		6.413480000000001	5.96875	7.1165	4.356949999999999	6.07021	7.95944	7.05259	7.88652	7.46919	6.68808	10.266359999999999	3.6979100000000003	9.72892	5.53029	4.77954	5.14718	5.94538	3.80707	8.24571	0.8099999999999999	0.0	0.0	0.0
Node 170		8.02128	6.56688	7.62794	4.40356	8.73276	3.88377	3.82622	6.6378699999999995	6.36268	9.126430000000001	5.5820099999999995	6.99172	6.17934	6.565519999999999	4.295170000000001	5.70313	8.600869999999999	2.4343	5.41166	0.9303600000000001	0.0	0.0	0.0
Node 125		6.09145	5.5454799999999995	8.2529	4.92237	8.36364	9.88341	5.454	6.52952	6.48098	8.08981	8.389109999999999	4.551609999999999	11.22244	10.13144	8.31242	9.281979999999999	6.8755999999999995	5.76854	7.86049	2.18529	0.0	0.0	0.0
Node 102		5.04214	5.58006	4.3108699999999995	5.39546	9.32907	6.74569	7.73426	4.67425	5.94861	4.01908	7.3669899999999995	4.85195	7.4890799999999995	6.675000000000001	4.8984	3.87939	6.54586	7.36628	6.263730000000001	2.05065	0.0	0.0	0.0
Node 80		7.75392	6.07303	8.18507	6.4013	5.85565	4.9705699999999995	6.07021	8.06133	6.12672	5.63808	9.068629999999999	7.07542	8.083079999999999	9.02173	9.98546	4.4401	5.13839	4.14259	6.01102	0.0	0.0	0.0	0.0
Node 104		9.61688	7.17606	4.10677	5.49339	8.68581	6.33556	2.51258	7.855230000000001	5.06324	6.74988	4.2622800000000005	5.3763499999999995	6.70548	7.28745	7.83403	8.23959	11.61079	6.24264	7.0856	0.0	0.0	0.0	0.0
Node 149		4.318890000000001	5.61309	3.98865	8.18502	10.049339999999999	7.88634	4.29155	6.57317	7.68876	3.7914299999999996	5.58964	3.64031	8.097650000000002	10.2133	10.581100000000001	6.1952300000000005	8.55597	6.3516	6.0911	0.0	0.0	0.0	0.0
Node 5		5.61112	6.1844	8.35932	5.27061	10.758180000000001	8.93819	3.7007199999999996	5.8822399999999995	6.00093	7.76385	6.5387200000000005	6.54919	7.8177200000000004	9.45258	7.395519999999999	9.856810000000001	8.72139	4.757750000000001	4.41542	0.9308500000000001	0.0	0.0	0.0
Node 23		5.8008999999999995	5.6555	6.06024	3.15542	9.5924	6.711970000000001	3.7067099999999997	9.86109	3.6692799999999997	7.659000000000001	6.3678799999999995	5.555000000000001	8.21987	5.21703	4.48086	3.87939	8.28796	6.41934	6.92627	2.67121	0.0	0.0	0.0
Node 150		10.621609999999999	5.26063	6.50429	6.272320000000001	9.921009999999999	8.87522	7.29795	7.03979	3.6045399999999996	7.72376	4.98475	4.40001	5.2988100000000005	9.58802	9.60454	6.5611500000000005	5.37969	8.82845	4.97	1.51757	0.0	0.0	0.0
Node 52		9.63787	6.325989999999999	5.76983	2.9638	5.0451999999999995	4.49326	9.718359999999999	6.470770000000001	4.11864	4.731	6.91678	2.9626699999999997	4.91617	2.06414	7.15132	8.22911	7.59098	4.95243	5.88482	2.83873	0.0	0.0	0.0
Node 64		6.73858	6.10913	6.62594	5.81052	8.0664	7.95554	5.18497	5.74423	5.78689	6.82599	6.40178	6.48416	5.08845	3.90217	9.36922	7.66173	4.911829999999999	4.77574	8.58358	1.7403600000000001	0.0	0.0	0.0
Node 98		7.04224	6.5950999999999995	3.3605799999999997	5.921060000000001	8.57844	9.48264	6.6964999999999995	6.701029999999999	5.64574	2.23597	6.8865	6.8414600000000005	10.0746	7.70439	5.3406	3.93491	5.884169999999999	6.65562	8.09955	1.74085	0.0	0.0	0.0
Node 83		8.9354	2.82751	5.8866700000000005	5.36381	8.018830000000001	4.1692100000000005	5.14041	3.4351399999999996	2.43997	7.505299999999999	4.95349	3.9455299999999998	8.16867	3.93803	8.87721	5.96547	6.05438	6.271129999999999	5.19452	1.32165	0.0	0.0	0.0
Node 128		8.63051	4.6240000000000006	5.89773	4.3892500000000005	8.95613	7.15968	9.16974	8.16333	5.07347	4.20325	5.52808	2.6468100000000003	10.20716	6.38929	4.0707699999999996	5.82752	4.4750499999999995	2.86814	4.44752	0.0	0.0	0.0	0.0
Node 74		5.5554499999999996	9.98956	6.52566	3.14494	8.67591	6.9536299999999995	6.20275	4.81663	9.211039999999999	8.22699	5.75492	8.040840000000001	7.59325	3.69148	4.54225	8.17132	7.276140000000001	5.34961	7.05657	1.71893	0.0	0.0	0.0
Node 78		7.105029999999999	3.89505	8.57517	6.287420000000001	4.77648	4.701960000000001	2.504	6.16019	7.5482499999999995	4.53374	6.67455	6.5443	10.12808	6.312570000000001	8.4626	6.873029999999999	5.22719	6.37175	6.62841	0.9303600000000001	0.0	0.0	0.0
Node 61		6.10605	5.57537	5.3991	8.370429999999999	8.12857	4.076840000000001	3.8806399999999996	7.4654	5.47079	6.23302	10.94101	6.45458	5.12677	7.2029499999999995	7.39829	8.53613	5.6919900000000005	5.78042	5.06852	0.0	0.0	0.0	0.0
Node 180		4.38446	6.39966	7.24968	5.16462	7.24124	9.16723	4.97624	6.04478	5.52884	3.9773799999999997	9.7394	5.7661999999999995	9.40772	6.621059999999999	7.59962	7.33336	3.6802099999999998	7.63987	4.0048	3.18286	0.0	0.0	0.0
Node 32		9.47176	7.891330000000001	8.21222	3.8772800000000003	9.96567	7.61433	6.40269	8.63684	5.84187	7.245169999999999	6.263050000000001	7.137359999999999	3.32361	4.9996	5.2092	9.255560000000001	9.94085	6.1688	4.766900000000001	0.0	0.0	0.0	0.0
Node 13		9.08528	4.2395000000000005	6.8828700000000005	6.17148	7.796390000000001	6.01929	2.8071599999999997	5.02182	7.92481	8.522680000000001	6.150370000000001	8.47584	8.31749	6.00995	8.36805	8.07683	3.8717799999999998	2.75336	10.77313	0.58672	0.0	0.0	0.0
Node 146		3.2217200000000004	6.2321599999999995	5.47295	11.48589	10.30745	4.60147	3.0112	5.34614	5.25543	7.56686	5.19907	4.2162	6.26053	7.161530000000001	7.30259	8.639520000000001	6.97926	5.03295	8.17645	0.7885700000000001	0.0	0.0	0.0
Node 189		10.73663	5.890829999999999	9.2513	3.97837	11.781170000000001	8.41877	2.09559	6.64414	5.7508099999999995	7.43129	6.83322	4.72759	7.83381	4.84578	8.18403	9.69644	5.913349999999999	5.5695500000000004	4.20945	1.5985699999999998	0.0	0.0	0.0
Node 68		9.041599999999999	8.973780000000001	4.97968	2.60321	6.943009999999999	5.57655	7.79152	4.28539	3.5931200000000003	4.61928	6.73347	4.23486	9.09365	7.6594	5.41657	3.7496	5.06284	5.24403	3.4765200000000003	0.0	0.0	0.0	0.0
Node 39		6.07823	9.25689	5.50739	5.79112	7.800459999999999	8.96853	0.0	6.150370000000001	5.21786	6.69411	3.4645599999999996	6.7769200000000005	9.39924	6.13258	6.11525	7.596830000000001	8.35591	5.53868	6.83805	0.0	0.0	0.0	0.0
Node 20		6.57393	6.70709	9.57378	5.4967299999999994	9.15589	3.8840600000000003	5.702929999999999	4.8292399999999995	11.23038	2.89739	3.44051	8.54534	11.30423	7.371220000000001	4.69738	7.56746	5.59587	7.88132	5.64955	0.7885700000000001	0.0	0.0	0.0
Node 14		7.5571600000000005	4.58982	5.59413	6.423520000000001	9.52446	2.83565	2.34158	5.0149	7.44045	5.40563	7.82518	3.91223	7.016260000000001	6.41699	3.26741	4.95219	6.686599999999999	4.5851500000000005	8.48058	0.0	0.0	0.0	0.0
Node 105		6.210439999999999	6.11486	4.25487	2.3159099999999997	9.38606	6.13946	4.51663	3.5915299999999997	6.4042699999999995	5.3183	5.46329	7.36695	11.22719	8.27337	7.85762	7.08092	7.34075	3.8238800000000004	5.95049	1.3967200000000002	0.0	0.0	0.0
Node 121		3.99887	6.2873	6.69353	8.20308	9.30892	9.10349	6.6834299999999995	5.3741900000000005	5.32892	5.23944	3.57084	5.11505	6.92325	6.02468	8.02402	7.7543500000000005	5.10141	6.02623	7.14327	3.1161399999999997	0.0	0.0	0.0
Node 21		3.32459	6.57697	4.21587	6.85679	6.55107	5.5036700000000005	4.0016099999999994	5.43537	7.04371	7.49241	8.938500000000001	7.28524	10.64085	3.52991	5.23627	11.10042	12.048449999999999	8.05625	7.1561200000000005	0.8099999999999999	0.0	0.0	0.0
Node 91		7.323499999999999	9.25113	6.629110000000001	6.22675	7.70363	7.08922	3.5687999999999995	5.96714	7.046139999999999	1.37388	6.56927	7.587470000000001	6.50878	6.5889299999999995	7.793279999999999	4.43996	5.2512799999999995	5.36056	6.533329999999999	0.9303600000000001	0.0	0.0	0.0
Node 89		8.2194	6.063070000000001	8.732429999999999	6.28151	9.138010000000001	5.33919	1.42077	3.4460100000000002	5.47098	7.19553	6.2296700000000005	6.623130000000001	6.24108	2.88171	8.31354	6.17103	7.47766	7.72847	5.57698	0.0	0.0	0.0	0.0
Node 177		9.91984	6.09082	8.010200000000001	4.22192	7.96572	9.1351	6.19313	6.78092	5.30352	3.25738	9.66485	5.98998	10.0976	7.210089999999999	8.31074	2.61346	11.28707	7.935739999999999	7.9778199999999995	0.7885700000000001	0.0	0.0	0.0
Node 67		8.79089	5.30093	6.79626	3.4302399999999995	2.5760899999999998	8.11934	4.92582	7.09328	4.25985	9.043130000000001	6.478330000000001	4.60818	6.93558	4.54596	7.04322	6.8671999999999995	5.83694	7.52169	6.488009999999999	2.05016	0.0	0.0	0.0
Node 136		9.298969999999999	4.961390000000001	5.74359	4.54117	10.90731	7.664790000000001	4.01436	4.12921	2.85441	2.9157200000000003	4.87758	6.81453	4.53423	5.76592	6.61251	8.42296	8.39074	5.94436	5.91256	1.5985699999999998	0.0	0.0	0.0
Node 16		3.91096	8.13397	5.96151	6.05727	6.50819	3.2481000000000004	5.71424	2.08171	2.51261	5.8792	11.64499	7.79271	4.92521	3.8612599999999997	7.440779999999999	4.5944199999999995	5.93049	3.74981	5.85668	1.3752900000000001	0.0	0.0	0.0
Node 112		6.87079	7.51173	10.0785	3.05211	7.74586	6.046880000000001	2.59005	4.81202	2.57849	4.12036	4.53163	5.86604	6.503730000000001	6.46842	8.23722	3.8048699999999998	6.267399999999999	9.33895	9.868300000000001	3.9928600000000003	0.0	0.0	0.0
Node 97		8.74187	7.10515	5.557779999999999	9.39334	10.0021	5.39319	6.866029999999999	3.59656	7.6058200000000005	7.16613	7.293869999999999	6.09108	7.58573	5.73873	10.58792	13.228200000000001	5.617500000000001	9.74878	6.610720000000001	2.30565	0.0	0.0	0.0
Node 129		8.01747	7.89101	4.19613	0.72441	5.36461	4.42687	7.32436	9.417639999999999	3.7560999999999996	9.03741	4.72811	6.660050000000001	6.43764	6.22402	7.633719999999999	6.1620800000000004	8.238439999999999	5.19186	7.86185	0.0	0.0	0.0	0.0
Node 142		8.74817	5.77827	11.190150000000001	6.64459	8.294070000000001	5.8073	5.36552	9.91232	6.09844	7.52659	8.389330000000001	5.46094	5.91622	7.4799299999999995	5.85028	6.93656	6.811589999999999	6.473520000000001	4.41644	2.52942	0.0	0.0	0.0
Node 72		5.139959999999999	3.2459700000000002	5.01915	3.78287	6.11269	9.65638	8.56768	3.91902	1.4371800000000001	1.7971500000000002	6.11468	7.02615	5.57905	4.66818	9.16116	5.15303	3.4967699999999997	8.786579999999999	9.00559	0.9303600000000001	0.0	0.0	0.0
Node 60		5.52366	6.728870000000001	4.816730000000001	6.17013	7.75827	5.90905	4.1545	8.96955	6.11641	7.22996	10.63059	3.0881700000000003	8.45346	4.89808	9.21535	3.77182	7.5559899999999995	5.15266	7.22077	0.0	0.0	0.0	0.0
Node 29		8.921859999999999	4.30685	5.6598299999999995	4.04838	10.04525	4.8049	4.51208	5.40318	3.61729	4.41425	7.95676	11.00568	8.77964	3.4178699999999997	9.45699	7.9777000000000005	10.60079	1.81295	8.73775	1.46393	0.0	0.0	0.0
Node 2		7.58235	7.246020000000001	5.189620000000001	3.10887	5.76073	3.04228	6.194170000000001	4.30152	7.104349999999999	5.3072099999999995	5.47394	6.20978	9.28985	7.618270000000001	5.151540000000001	4.7349000000000006	5.03791	5.99508	6.62335	2.13165	0.0	0.0	0.0
Node 159		8.769680000000001	7.56189	9.1074	8.54265	7.743650000000001	3.6829599999999996	3.52882	6.375179999999999	4.51478	2.45695	4.20033	6.717720000000001	5.86193	8.042910000000001	4.574949999999999	2.95025	5.14014	7.29904	4.46178	2.27393	0.0	0.0	0.0
Node 194		8.46125	7.0606	4.3533	7.35292	8.487459999999999	5.56312	5.63165	5.25546	2.5090600000000003	9.30252	5.53879	7.07242	6.1208	5.7782100000000005	5.456869999999999	6.173830000000001	6.0513200000000005	7.32516	5.91993	1.34308	0.0	0.0	0.0
Node 71		3.8743	6.741650000000001	10.75717	5.62813	8.76253	2.8874	4.60145	5.82374	5.52801	7.91747	9.734539999999999	5.20401	8.57596	4.16549	5.76614	5.7349	4.861879999999999	6.72963	7.18163	0.0	0.0	0.0	0.0
Node 196		5.80614	5.8923000000000005	8.62369	4.80734	8.36806	5.98646	6.458609999999999	5.66401	4.94088	6.5048900000000005	8.479140000000001	7.39026	4.96023	6.62954	7.39049	4.611	7.77562	4.21168	4.99409	2.83873	0.0	0.0	0.0
Node 108		7.1333400000000005	3.84351	11.58883	4.73588	3.11124	5.82221	3.71456	5.18022	2.43997	6.56439	7.631640000000001	7.981059999999999	7.2820800000000006	8.84023	8.60745	6.30489	3.38372	5.316669999999999	5.092490000000001	1.86121	0.0	0.0	0.0
Node 41		9.39513	6.4365000000000006	6.60353	6.17287	10.11959	4.31862	4.19841	7.24484	5.86883	4.347779999999999	7.15473	5.212470000000001	4.89115	5.35131	3.06575	2.95025	4.80735	4.92849	6.30946	1.46393	0.0	0.0	0.0
Node 75		7.867780000000001	4.68077	2.7433699999999996	9.0305	6.35403	5.0041	6.21985	4.39673	4.15939	2.23686	7.942399999999999	5.55172	7.0943000000000005	8.950470000000001	6.20526	9.922640000000001	7.09998	10.00116	9.844759999999999	0.9308500000000001	0.0	0.0	0.0
Node 0		9.21688	6.436369999999999	6.788760000000001	6.21253	10.14154	7.570749999999999	3.91441	5.35618	5.016439999999999	7.6352400000000005	3.4722700000000004	2.26714	7.93347	6.08265	6.206770000000001	7.47931	8.44192	3.73093	5.86972	0.0	0.0	0.0	0.0
Node 119		6.26659	4.32839	9.459819999999999	5.69065	4.71992	7.2563699999999995	2.7183100000000002	6.47475	5.72344	6.9216299999999995	8.23624	2.41492	9.86934	4.86135	5.64314	7.052129999999999	5.92971	5.761	7.87094	0.58672	0.0	0.0	0.0
Node 3		4.79012	4.370410000000001	4.67756	4.657590000000001	7.14449	3.7651700000000003	1.80016	7.21147	5.12247	6.5841899999999995	9.5215	2.99153	10.54796	4.05832	8.57695	4.5312600000000005	7.56411	3.03025	5.85642	0.58672	0.0	0.0	0.0
Node 87		11.319840000000001	8.0808	8.32268	5.697900000000001	8.32225	9.28604	4.29779	7.16195	6.50622	7.316739999999999	6.14213	7.166169999999999	6.947010000000001	7.36683	8.82915	8.5396	7.385269999999999	7.38989	7.02315	2.2525	0.0	0.0	0.0
Node 152		7.26598	9.04277	8.419740000000001	6.342200000000001	5.831370000000001	9.35316	5.9429799999999995	4.05784	6.15012	4.66764	6.49439	6.5069799999999995	8.94803	6.67772	9.537239999999999	5.54734	10.44584	4.84668	6.90755	0.9303600000000001	0.0	0.0	0.0
Node 33		5.71324	7.072209999999999	4.5675	7.125299999999999	4.4000900000000005	7.18266	6.13953	7.00324	6.118740000000001	6.63985	4.92471	9.78877	7.077609999999999	4.3689100000000005	4.5785800000000005	5.72697	7.128569999999999	3.6158	4.37407	1.7403600000000001	0.0	0.0	0.0
Node 151		7.7248399999999995	5.43222	8.58444	6.0520499999999995	7.9720200000000006	3.0809699999999998	2.8954	3.7809799999999996	3.42335	7.076219999999999	2.89969	7.08425	5.92725	8.13849	11.6125	6.595669999999999	7.40683	3.6932	6.39647	2.52893	0.0	0.0	0.0
Node 183		6.53533	7.265090000000001	3.8611600000000004	6.68676	7.61037	8.15304	7.01826	3.9438099999999996	4.40554	8.30501	8.28116	8.309660000000001	4.59515	4.03301	6.68192	10.23582	9.04403	9.21102	6.215	0.0	0.0	0.0	0.0
Node 138		7.82847	7.569330000000001	8.455210000000001	5.69024	7.35824	3.5537	2.68212	6.2330000000000005	5.625850000000001	5.98655	9.42929	4.03027	6.67108	6.311369999999999	7.0008799999999995	6.819210000000001	8.29221	10.156469999999999	5.63935	2.52893	0.0	0.0	0.0
Node 176		6.10968	6.50707	7.01576	7.15475	10.2055	6.964449999999999	6.350110000000001	4.50607	5.76085	3.40344	4.06916	8.328489999999999	8.31704	6.01355	9.72111	9.63163	6.20818	8.137690000000001	5.79943	0.0	0.0	0.0	0.0
Node 38		9.71407	6.27539	8.45614	5.71261	6.76875	6.537039999999999	3.61066	5.46668	6.40221	5.90187	5.21799	6.23632	8.42382	9.55273	8.30674	7.6156299999999995	11.60157	6.530950000000001	2.214	1.71893	0.0	0.0	0.0
Node 140		6.10429	6.49212	6.77931	5.87657	8.08324	5.01614	6.959210000000001	6.517340000000001	6.99225	5.133900000000001	9.128169999999999	6.44927	4.82588	4.244669999999999	9.19891	6.65425	8.628810000000001	8.56739	7.26706	0.9303600000000001	0.0	0.0	0.0
Node 115		5.843170000000001	7.803	5.78777	6.75694	8.19396	9.367640000000002	4.47205	7.6199699999999995	9.03856	3.0688	6.0494	4.8888	6.26486	8.101220000000001	4.55515	6.6374699999999995	6.607010000000001	8.52697	4.5372200000000005	0.0	0.0	0.0	0.0
Node 195		4.02981	6.322609999999999	6.23864	6.04302	9.46031	7.36419	3.4563900000000003	4.85848	6.8007	5.749499999999999	4.1325899999999995	4.21787	6.65741	5.5226299999999995	7.50918	3.6104200000000004	6.92435	6.1124	7.213830000000001	0.8099999999999999	0.0	0.0	0.0
Node 175		9.36621	11.5108	11.7299	4.90865	6.81948	4.36581	2.83324	6.56453	3.6221000000000005	5.48426	5.9466600000000005	5.05085	7.35903	5.992780000000001	6.06656	8.086359999999999	7.629180000000001	6.26083	6.735720000000001	0.8099999999999999	0.0	0.0	0.0
Node 24		12.99539	3.13346	3.06655	7.46979	6.18695	4.98996	4.27458	6.9342	5.01368	7.99275	9.07511	6.43142	4.55458	6.22265	7.8573	7.2297	6.08699	5.44476	7.7179	0.0	0.0	0.0	0.0
Node 1		8.66718	7.223590000000001	7.386489999999999	7.104679999999999	7.396170000000001	3.89848	4.006810000000001	0.53029	4.68023	4.66296	6.9162	7.996689999999999	10.21404	5.1073	8.08346	10.76592	6.327389999999999	8.38969	4.37084	0.0	0.0	0.0	0.0
Node 30		5.16362	7.79521	7.554329999999999	6.26506	10.67418	5.81049	3.6174600000000003	5.46976	10.257579999999999	6.38083	7.99967	6.7350900000000005	9.98128	6.29308	8.43547	11.57376	5.69236	7.40706	6.66775	2.13165	0.0	0.0	0.0
Node 70		8.393180000000001	7.87703	8.65163	7.3309299999999995	8.747530000000001	5.41062	8.87687	7.76091	6.08941	5.76092	6.60612	6.351999999999999	8.3651	5.59098	4.4400200000000005	7.79899	6.731280000000001	10.425619999999999	5.34028	3.25793	0.0	0.0	0.0
Node 144		10.745830000000002	6.862229999999999	11.17482	7.6438999999999995	11.17766	6.884569999999999	7.1213	8.597349999999999	5.73062	2.40354	9.673919999999999	7.88973	8.959159999999999	6.7213400000000005	5.83728	7.03466	8.794490000000001	3.3494	4.37638	1.3752900000000001	0.0	0.0	0.0
Node 82		9.13464	9.38563	8.56784	1.6185600000000002	9.177340000000001	4.0544400000000005	1.9217000000000002	6.61339	6.36864	8.507620000000001	5.94578	6.5664299999999995	7.85866	7.09105	7.824870000000001	7.81993	6.26936	9.33291	3.64776	0.9303600000000001	0.0	0.0	0.0
Node 186		5.28961	4.9896	7.29708	1.9293600000000002	8.06685	5.486619999999999	5.66573	4.24435	7.529139999999999	5.53709	6.44739	3.2511699999999997	7.705960000000001	5.01025	9.8092	9.4523	8.37322	5.15441	2.2525	0.9308500000000001	0.0	0.0	0.0
Node 132		11.19533	2.39044	7.580430000000001	6.26635	6.218640000000001	9.610000000000001	6.07054	6.940010000000001	5.59756	4.7817	9.65832	2.0895099999999998	6.09358	3.93252	5.27376	7.022970000000001	4.68863	6.4202200000000005	5.54974	0.0	0.0	0.0	0.0
Node 169		8.331900000000001	6.23924	6.1105100000000006	5.67004	7.429679999999999	7.47635	2.13263	5.7236	3.17249	6.068960000000001	8.97744	7.095999999999999	11.27468	9.63751	7.546219999999999	7.6336	7.33991	3.8061499999999997	6.00123	0.9303600000000001	0.0	0.0	0.0
Node 155		7.03902	6.03844	10.15919	3.6258600000000003	4.84773	4.34894	3.5333000000000006	7.36765	6.2828599999999994	7.6139600000000005	5.48944	3.18945	9.46358	4.30498	8.15104	5.51287	6.8823099999999995	6.17869	6.432549999999999	0.0	0.0	0.0	0.0
Node 113		10.85198	3.14809	6.5710500000000005	2.53324	7.2089799999999995	4.66586	6.9187899999999996	5.70403	5.47275	5.98147	8.89513	6.91173	7.842390000000001	8.324349999999999	3.7757	3.2882599999999997	8.19899	7.12881	5.75395	0.0	0.0	0.0	0.0
Node 135		11.17735	5.41665	8.29505	9.93278	6.346690000000001	6.40766	4.26758	4.85517	6.689159999999999	7.89525	6.270340000000001	7.01433	9.78135	7.84123	4.97316	8.80573	5.72405	2.89992	6.04806	1.9298	0.0	0.0	0.0
Node 44		6.64405	9.325890000000001	5.8227	7.97113	10.39211	5.28331	7.0424500000000005	4.28073	6.79308	2.36793	5.14035	5.77714	10.668669999999999	5.38795	8.595880000000001	7.30881	7.08281	7.7491699999999994	5.49032	0.8099999999999999	0.0	0.0	0.0
Node 158		8.44284	10.88938	8.872670000000001	7.659409999999999	7.29722	6.1131	4.98984	5.9607	5.81228	6.403830000000001	7.27782	4.3598	2.94855	8.75339	9.21843	6.08187	8.25365	6.07795	9.038450000000001	1.71942	0.0	0.0	0.0
Node 188		6.75375	8.23338	7.425039999999999	8.086920000000001	10.59748	3.95294	3.5172799999999995	5.15886	5.23047	3.97313	6.34821	5.095750000000001	7.383439999999999	6.10679	9.29506	7.058109999999999	7.06936	8.54048	9.09077	0.0	0.0	0.0	0.0
Node 6		8.368219999999999	5.10738	4.1258	5.03167	7.77515	6.76629	1.36855	5.846690000000001	4.879519999999999	6.532789999999999	9.37861	7.09924	7.32072	5.07584	4.03134	7.78756	9.600340000000001	4.21156	7.96817	2.27344	0.0	0.0	0.0
Node 37		6.26629	6.875970000000001	8.157250000000001	9.43136	6.22138	6.75765	4.61752	3.45829	6.951880000000001	4.19013	8.916889999999999	6.41689	7.01886	5.96955	9.61593	4.17683	6.3977900000000005	6.764779999999999	4.20819	0.9303600000000001	0.0	0.0	0.0
Node 65		9.165189999999999	5.589969999999999	5.49053	6.5093499999999995	8.39491	3.7143200000000003	8.04498	4.61722	4.67243	4.07985	12.11	6.66621	5.73964	7.08153	7.628749999999999	5.12507	6.03085	6.162739999999999	4.67371	1.3752900000000001	0.0	0.0	0.0
Node 160		3.8910599999999995	4.033189999999999	8.70167	5.5287999999999995	5.91768	3.6751	3.74887	3.5869199999999997	4.46399	8.415930000000001	9.48867	5.40889	4.974209999999999	7.5282100000000005	8.29043	6.02447	7.84344	7.1101600000000005	10.14999	3.06201	0.0	0.0	0.0
Node 168		9.98521	8.702490000000001	6.173150000000001	3.9331199999999997	5.65329	6.19056	3.9105800000000004	4.91399	3.59553	6.15653	5.35153	9.26041	5.77254	8.15446	6.04508	4.68987	5.5717	5.08368	5.7147499999999996	0.8099999999999999	0.0	0.0	0.0
Node 137		5.54921	6.11712	7.21324	5.48612	4.63401	7.2409799999999995	2.33816	5.10631	5.83892	7.054449999999999	9.66644	2.54711	6.7008600000000005	4.21873	8.2729	8.500910000000001	10.362250000000001	6.5113900000000005	5.72286	0.58672	0.0	0.0	0.0
Node 133		6.575309999999999	7.724200000000001	10.23318	7.42699	7.880280000000001	4.40755	3.6295800000000003	7.5844499999999995	5.90965	6.7918	10.30055	6.11228	5.43719	6.606819999999999	7.877530000000001	8.01782	1.79063	8.80204	4.99717	0.0	0.0	0.0	0.0
Node 8		8.08206	4.74959	8.69085	6.66052	5.78044	8.21749	4.71018	4.95779	4.84319	6.08558	6.000500000000001	1.4876800000000001	5.78202	6.0167	5.22492	3.5654	8.042399999999999	7.0300899999999995	6.12276	1.71893	0.0	0.0	0.0
Node 123		4.5697399999999995	3.08425	4.26323	5.23937	8.1382	5.64486	4.5022899999999995	2.82479	1.53021	6.7837	8.74865	7.4889600000000005	8.258790000000001	8.617379999999999	6.00103	5.50995	5.90695	3.0367100000000002	5.02459	1.46344	0.0	0.0	0.0
Node 190		7.50485	8.196050000000001	5.53003	8.706669999999999	5.17543	7.67809	7.48251	5.06812	4.15576	5.0111099999999995	4.57763	11.60988	5.6924	3.1326199999999997	2.89771	6.31888	7.92919	4.662990000000001	5.34349	0.0	0.0	0.0	0.0
Node 63		7.877629999999999	4.4082799999999995	0.87538	4.482889999999999	5.5693	3.83987	9.13095	6.561999999999999	5.75682	2.35165	3.1600099999999998	5.20123	6.3293	6.401370000000001	5.02893	6.588620000000001	3.3202299999999996	5.2250499999999995	5.62097	1.5985699999999998	0.0	0.0	0.0
Node 172		4.75949	5.92446	4.49169	4.81993	11.03439	9.15215	4.28224	8.02746	5.65466	4.8999	8.52598	6.9252400000000005	10.21477	4.11162	5.8414	6.29635	7.62698	9.51633	7.094449999999999	2.39429	0.0	0.0	0.0
Node 27		9.182310000000001	6.2819899999999995	7.35407	7.277119999999999	8.41407	7.0829	8.22566	4.35112	6.53476	5.29606	6.2477	6.85939	5.63562	8.63719	5.1121	4.8635	8.84118	7.26232	8.20049	0.7885700000000001	0.0	0.0	0.0
Node 12		7.50071	4.25353	6.434520000000001	3.592	6.17996	6.35733	4.25172	5.48285	4.41316	6.644880000000001	4.67783	7.166359999999999	4.30316	8.6395	6.165	3.6578600000000003	5.066190000000001	5.9822	10.16425	0.7885700000000001	0.0	0.0	0.0
Node 81		6.722250000000001	4.241890000000001	3.9697299999999998	3.21428	8.354109999999999	6.0566	5.41853	3.2695799999999995	6.77014	6.543609999999999	6.73545	5.54887	7.18829	7.87868	5.70759	5.21559	8.22979	6.16827	5.50164	0.58672	0.0	0.0	0.0
Node 95		5.22762	6.61432	6.94468	4.11562	10.39095	2.6929600000000002	3.2373399999999997	7.0097499999999995	2.25953	1.3147499999999999	7.68962	6.26089	5.86667	9.28649	6.6837599999999995	6.076630000000001	7.797750000000001	6.19388	6.2143	0.8099999999999999	0.0	0.0	0.0
Node 164		8.25663	6.462719999999999	7.24132	6.17036	8.003309999999999	6.10252	4.58916	7.66341	6.80153	6.75917	5.549869999999999	6.36349	12.26309	5.4574	6.08461	3.3062300000000002	7.81616	8.181560000000001	5.08754	1.86121	0.0	0.0	0.0
Node 199		7.70354	6.432169999999999	6.51345	6.80525	6.58305	7.23659	5.8652999999999995	5.9557	7.48366	8.82639	7.980460000000001	6.36216	3.4985000000000004	5.23646	6.79502	6.73657	6.1410100000000005	7.88174	4.59703	2.30565	0.0	0.0	0.0
Node 9		4.57279	5.9600599999999995	7.1788099999999995	4.08012	8.413310000000001	8.61019	4.825900000000001	4.9615100000000005	8.54739	5.97842	4.80551	7.608750000000001	8.10882	5.91488	6.865970000000001	9.790799999999999	6.2268799999999995	4.9419900000000005	6.72561	1.3752900000000001	0.0	0.0	0.0
Node 117		8.74207	8.872620000000001	5.74053	7.094110000000001	5.13301	6.05855	8.14193	7.6736200000000006	6.25663	6.54756	9.53078	8.80763	8.54427	7.92619	5.43876	9.41507	6.802560000000001	10.14323	4.94578	0.53308	0.0	0.0	0.0
Node 49		6.18571	8.13325	8.22584	7.980510000000001	6.23971	5.40562	7.47887	5.728409999999999	7.97761	5.98935	7.33928	6.80335	7.40653	6.27992	9.5556	8.446570000000001	2.83238	3.52614	5.23276	1.34308	0.0	0.0	0.0
Node 174		4.9009	5.5202	7.000330000000001	11.44506	8.766409999999999	7.648249999999999	6.27174	6.1715100000000005	5.95575	5.94095	9.27498	5.47314	7.29692	6.649520000000001	9.60271	8.42808	5.75818	3.5124799999999996	7.1066	0.53308	0.0	0.0	0.0
Node 50		8.089599999999999	3.6739599999999997	7.192900000000001	4.70293	11.3689	4.506410000000001	5.22226	3.7988800000000005	3.54393	5.45728	6.13073	7.82282	4.77403	6.08396	5.7298599999999995	5.19106	8.53364	7.71284	3.46832	3.11565	0.0	0.0	0.0
Node 131		5.47146	9.65415	6.31931	5.505850000000001	7.38478	9.95586	4.392250000000001	6.38119	5.3011	6.271920000000001	8.15824	8.40551	4.62966	3.80197	4.36331	6.1577	8.84825	7.1119	10.99155	0.7885700000000001	0.0	0.0	0.0
Node 4		9.50932	5.8659099999999995	7.980619999999999	5.75443	6.54391	5.47686	4.6302900000000005	4.79896	5.576289999999999	5.527760000000001	4.92447	9.36088	6.7846400000000004	7.5467900000000006	9.01221	5.473129999999999	8.093219999999999	5.50476	6.411709999999999	0.0	0.0	0.0	0.0
Node 153		7.63758	5.85287	10.811	7.314769999999999	7.48891	5.82079	6.15862	5.77046	5.09642	3.8434700000000004	7.834579999999999	4.80086	13.33296	6.79578	8.787970000000001	10.0071	5.8406899999999995	6.8034300000000005	7.31039	1.7403600000000001	0.0	0.0	0.0
Node 34		6.05973	5.69913	6.90248	5.52496	5.39885	5.38109	5.04659	9.180380000000001	7.03111	6.2106	8.87369	7.09264	9.359829999999999	5.07571	7.17387	6.85452	7.33596	3.3890200000000004	8.53368	0.0	0.0	0.0	0.0
Node 147		8.24601	7.81457	7.48562	6.315949999999999	7.9721	8.495809999999999	3.9524999999999997	7.06183	5.8718699999999995	7.63918	8.97589	7.47836	10.54273	6.11405	5.4630600000000005	4.38947	7.25752	9.426779999999999	5.151730000000001	1.5985699999999998	0.0	0.0	0.0
Node 69		12.967770000000002	5.81241	8.51885	3.76335	8.72326	2.87738	4.43074	5.982889999999999	7.878119999999999	6.653530000000001	6.37336	5.70627	4.85271	6.487080000000001	5.88476	8.977789999999999	2.7733	6.929069999999999	5.9527	1.46344	0.0	0.0	0.0
Node 103		9.07661	6.5313099999999995	6.9374199999999995	3.1636699999999998	5.97896	4.93582	9.700159999999999	5.98273	7.285279999999999	6.71315	4.78863	7.277200000000001	8.29589	5.4652199999999995	5.80395	5.92661	8.17445	5.59534	3.4286999999999996	1.5985699999999998	0.0	0.0	0.0
Node 154		6.5424999999999995	4.78239	5.60695	1.4914800000000001	7.14575	6.21269	5.41242	7.466749999999999	3.2670900000000005	5.51898	5.575419999999999	6.64666	10.08288	5.0621100000000006	4.76964	8.786869999999999	7.795820000000001	3.7273	6.0073099999999995	0.7885700000000001	0.0	0.0	0.0
Node 96		2.50142	3.2548100000000004	8.43624	5.4703599999999994	9.50685	7.9006300000000005	5.083089999999999	9.62649	7.150919999999999	4.50521	8.26595	5.3731	12.004470000000001	7.9061900000000005	2.87923	6.335839999999999	6.1529300000000005	8.656740000000001	7.03651	1.3967200000000002	0.0	0.0	0.0
Node 86		6.432849999999999	8.93109	5.91138	5.43433	10.17718	5.22731	3.6174600000000003	4.28671	5.9879500000000005	6.32476	4.02316	7.8926300000000005	7.77131	7.253410000000001	5.34262	9.068769999999999	6.068280000000001	8.89433	2.43442	1.71893	0.0	0.0	0.0
Node 7		6.68772	8.30998	6.29659	5.34073	2.91636	5.18215	5.1646600000000005	7.008929999999999	10.76891	6.04218	7.0421700000000005	7.6588	6.351579999999999	5.12853	5.92501	8.29526	6.425590000000001	3.96897	5.58421	1.32165	0.0	0.0	0.0
Node 171		7.3840699999999995	8.98684	4.62582	4.37594	7.716099999999999	6.275980000000001	3.2170900000000002	7.66644	5.46379	3.1780000000000004	10.88904	4.61454	7.90574	4.62569	6.0742400000000005	4.39738	7.14432	6.540179999999999	6.45106	1.86121	0.0	0.0	0.0
Node 93		0.62047	6.52069	8.63777	4.96435	5.44541	3.4081300000000003	1.96628	7.52637	4.3055200000000005	4.4793899999999995	4.43114	3.67563	8.79345	5.104299999999999	7.3586100000000005	5.4326300000000005	10.24704	5.67147	7.60274	0.0	0.0	0.0	0.0
Node 145		6.06956	5.43292	7.9510700000000005	2.88473	7.599400000000001	2.45179	5.13205	6.76676	2.8721799999999997	3.34418	7.231999999999999	12.30142	6.3843700000000005	6.30382	5.33704	5.98232	6.92292	6.398479999999999	4.88134	0.0	0.0	0.0	0.0
Node 116		3.13774	9.890970000000001	5.67709	4.38674	8.693900000000001	5.51907	4.70712	3.8565099999999997	7.3879399999999995	7.8475	6.58717	2.30895	6.78241	6.410449999999999	8.09164	7.48076	6.5135	7.360170000000001	9.28534	1.86121	0.0	0.0	0.0
Node 193		5.26757	5.56701	7.78274	2.06003	7.92166	5.3376399999999995	4.5074000000000005	7.55308	7.70334	4.948729999999999	7.241630000000001	4.69316	11.04068	6.985619999999999	8.054459999999999	6.878190000000001	11.127510000000001	9.03419	7.96771	1.7403600000000001	0.0	0.0	0.0
Node 22		7.40971	6.2857899999999995	9.780759999999999	5.42443	8.871030000000001	3.2605799999999996	4.83331	3.67143	11.16258	5.51503	5.4583	5.261819999999999	6.5588	5.01896	8.091180000000001	6.75702	8.82152	3.9544	5.9684099999999995	0.9303600000000001	0.0	0.0	0.0
Node 122		7.65686	4.52292	10.24998	4.69418	6.10776	5.55846	5.58858	4.37938	5.14698	7.6876299999999995	10.92273	6.573130000000001	6.64092	2.16837	4.38865	4.21209	8.991	6.09818	3.59559	0.8099999999999999	0.0	0.0	0.0
Node 79		7.881639999999999	8.76446	5.4926200000000005	3.6921000000000004	7.88141	7.5326699999999995	7.20206	4.9117	5.41827	6.62457	6.7455799999999995	5.84979	4.22289	6.814290000000001	4.612410000000001	4.0931299999999995	10.72461	5.46028	5.7984	0.9308500000000001	0.0	0.0	0.0
Node 55		11.03338	8.02373	4.68415	7.3739	9.05138	3.84134	5.82299	8.26273	6.08047	4.89801	7.922129999999999	3.85679	7.042560000000001	7.79667	9.54036	10.38294	4.85144	7.36628	4.41977	0.9303600000000001	0.0	0.0	0.0
Node 184		5.46227	6.1176	6.91476	4.14353	4.05638	9.02411	5.56489	6.605709999999999	7.55011	6.20372	6.385349999999999	1.69053	9.91506	7.85636	7.6518299999999995	8.08	11.219999999999999	6.06782	5.06666	2.52893	0.0	0.0	0.0
Node 139		6.20978	11.18299	6.86925	7.23193	8.09679	5.5409	1.3462699999999999	6.22187	4.2536	5.50961	6.85881	5.55109	4.104909999999999	8.66746	3.2934699999999997	3.87939	9.63121	4.6968700000000005	7.396089999999999	1.7403600000000001	0.0	0.0	0.0
Node 130		8.42178	5.64508	8.08408	5.74148	4.48555	3.3923500000000004	3.92884	6.03191	6.57284	6.72474	5.8569700000000005	7.13249	9.877030000000001	6.066479999999999	4.07818	8.11099	9.80243	3.7517500000000004	6.57712	0.8099999999999999	0.0	0.0	0.0
Node 157		3.67533	5.15918	5.94762	4.7079200000000005	7.073740000000001	4.70558	4.34536	8.3212	7.385070000000001	5.25486	8.90812	6.696770000000001	7.15295	9.25822	8.410860000000001	7.40129	8.042720000000001	4.25779	8.67307	2.83873	0.0	0.0	0.0
Node 161		7.573259999999999	9.61861	6.864580000000001	3.70453	10.26757	6.54749	5.78327	6.01956	5.03278	7.193230000000001	7.775550000000001	7.23051	5.28012	4.850709999999999	5.5832	3.39628	6.64266	4.2017	5.8567	0.7885700000000001	0.0	0.0	0.0
Node 173		6.15514	0.78625	8.01196	5.95304	9.42159	5.856809999999999	3.8246	3.03355	6.83417	7.3736	9.39589	8.04672	9.71197	4.61465	5.5000599999999995	6.920419999999999	6.97762	5.527909999999999	5.5685400000000005	2.27344	0.0	0.0	0.0
Node 94		7.49315	8.20418	5.68497	7.907939999999999	9.70239	6.615029999999999	6.520090000000001	6.32453	7.9444799999999995	7.9017	7.775650000000001	9.00771	6.62337	4.40735	5.77693	11.221440000000001	10.69859	5.79155	3.18286	1.71942	0.0	0.0	0.0
Node 192		5.44247	6.21813	5.76054	5.83214	10.87757	5.01487	6.18572	7.57201	4.36826	4.455979999999999	4.5972100000000005	6.01999	7.463450000000001	2.16168	5.632079999999999	5.8645000000000005	5.12373	5.9907	2.32703	0.7885700000000001	0.0	0.0	0.0
Node 28		8.61644	5.8542499999999995	5.59015	3.95023	8.0041	2.54055	3.11295	3.0869899999999997	5.80749	6.02123	6.71326	6.61014	8.81118	5.4372799999999994	6.55446	7.1174	10.53547	8.65733	4.20967	1.46344	0.0	0.0	0.0
Node 162		9.10062	5.33987	7.51331	2.54599	5.46475	5.15836	10.235769999999999	6.214519999999999	3.16771	3.9624800000000002	5.73458	7.1186	6.287520000000001	3.7422400000000002	8.32696	8.63704	7.201009999999999	5.447	5.93167	0.0	0.0	0.0	0.0
Node 178		8.35113	9.70067	12.689429999999998	2.8127400000000002	5.4877	6.81497	3.8269499999999996	4.9715	4.43454	9.25378	6.922979999999999	6.42908	5.77023	3.87474	6.53198	5.63779	6.04725	7.47992	5.66066	0.7885700000000001	0.0	0.0	0.0
Node 51		10.489189999999999	5.335100000000001	2.5285800000000003	5.66851	8.63504	5.089790000000001	6.2045	4.94341	1.86598	5.7976600000000005	3.5512599999999996	6.74303	7.70463	6.3738600000000005	6.73029	7.2157	7.47072	5.34641	9.21995	3.45978	0.0	0.0	0.0
Node 127		6.6708799999999995	4.69318	7.67164	4.94566	5.46383	3.7784	3.75901	7.187689999999999	6.4161399999999995	4.89795	7.7173099999999994	9.64178	8.604439999999999	3.3468699999999996	9.73385	4.860600000000001	5.64583	6.176340000000001	7.20885	1.5985699999999998	0.0	0.0	0.0
Node 18		10.22973	3.157	4.58293	4.77657	5.820270000000001	8.89265	7.04457	10.6921	4.77153	4.66173	8.746139999999999	5.77156	9.39051	5.4974799999999995	7.6759900000000005	11.16661	8.318349999999999	5.16559	5.240530000000001	2.18529	0.0	0.0	0.0
Node 42		7.42386	5.50394	9.52051	5.2364500000000005	10.96787	5.342709999999999	8.76733	7.79928	4.70901	8.94993	9.74317	7.54593	9.56818	8.53866	8.90781	5.7209900000000005	5.25014	5.1962	5.25673	2.52893	0.0	0.0	0.0
Node 43		7.90599	7.14714	3.50365	5.351920000000001	8.25042	7.73176	6.70052	5.2690399999999995	6.77132	5.40741	5.45486	6.19772	6.13676	5.88403	5.58544	5.490670000000001	2.93291	6.63873	7.514	1.5985699999999998	0.0	0.0	0.0
Node 163		9.703240000000001	7.00332	3.42535	2.48239	8.98066	1.3403500000000002	4.2485599999999994	3.9211500000000004	6.36745	5.28688	7.2221400000000004	2.42449	9.89497	7.754	6.51564	6.35975	8.81102	4.16672	5.54247	0.58672	0.0	0.0	0.0
Node 106		5.24869	7.1754999999999995	5.5529399999999995	5.38631	6.584149999999999	10.41333	6.03282	4.55021	3.4873000000000003	8.16255	5.26865	6.66225	8.28004	6.86031	6.960230000000001	5.39384	5.21182	5.54688	6.302770000000001	1.7403600000000001	0.0	0.0	0.0
Node 166		7.98369	4.87779	6.347160000000001	6.756620000000001	11.81242	7.23969	3.79672	6.029389999999999	4.8126299999999995	3.3795100000000002	7.066070000000001	6.38973	9.19741	6.3408999999999995	7.34644	9.6486	7.366109999999999	5.52205	6.27824	2.52893	0.0	0.0	0.0
Node 167		0.68122	8.676540000000001	5.0846	6.438090000000001	3.25965	8.3447	3.11295	4.9131599999999995	5.741969999999999	5.32579	8.01323	5.3763499999999995	9.72465	4.9563500000000005	10.391630000000001	5.48248	7.10355	10.61382	4.162190000000001	1.86121	0.0	0.0	0.0
Node 59		8.54267	6.55915	5.7167	5.94932	7.013529999999999	7.16132	6.603009999999999	4.17555	3.78868	7.233059999999999	5.42604	5.17647	8.41948	9.41684	5.8855699999999995	7.31926	12.23902	3.2976199999999998	9.85402	0.8099999999999999	0.0	0.0	0.0
Node 92		9.03302	2.35004	6.24418	5.47157	5.9726099999999995	4.4336	3.02431	5.42535	6.30124	8.20853	7.2852500000000004	5.445180000000001	7.196	8.8809	8.73991	11.53764	6.30628	8.45263	6.9455100000000005	0.0	0.0	0.0	0.0
Node 110		8.69775	6.45078	8.025649999999999	4.19361	4.05995	6.24005	3.27816	7.00717	5.40306	4.2358899999999995	9.71622	6.6126000000000005	10.02748	8.05462	4.7687800000000005	8.84838	4.13312	5.664070000000001	8.62928	0.9303600000000001	0.0	0.0	0.0
Node 36		6.00687	6.81543	7.6900200000000005	3.18139	5.46925	6.21269	5.78471	5.97448	7.641159999999999	5.1263000000000005	4.74781	4.9573100000000005	5.63042	6.55028	3.56017	7.94558	8.50094	7.08415	7.02715	0.9303600000000001	0.0	0.0	0.0
Node 156		7.38384	6.69599	6.408510000000001	7.032710000000001	7.9064700000000006	4.41806	4.26942	6.3390699999999995	6.52986	5.22234	5.77491	4.39268	6.19619	6.6078	5.7622800000000005	5.4765500000000005	8.27477	3.9558999999999997	7.66029	0.0	0.0	0.0	0.0
Node 181		10.60078	5.66626	2.4929799999999998	5.69292	5.90035	7.425370000000001	6.070720000000001	7.85174	5.41027	7.56961	10.41178	6.3349	5.63676	5.92857	4.8395399999999995	8.21489	1.99871	10.5336	3.2159899999999997	1.51757	0.0	0.0	0.0
Node 76		7.86138	8.81962	3.19353	0.88158	11.93671	7.20441	6.41314	5.63075	3.9936399999999996	7.022349999999999	9.632019999999999	7.7669299999999994	6.35801	4.98649	5.18041	7.31198	8.09821	11.030199999999999	6.988370000000001	1.5985699999999998	0.0	0.0	0.0
Node 56		8.72729	9.680959999999999	10.40528	6.8854299999999995	8.88439	10.57325	4.4971499999999995	6.94123	11.32361	6.812029999999999	6.736649999999999	6.92643	8.93934	5.29742	7.201639999999999	7.302709999999999	4.6336200000000005	6.68232	6.23838	1.3967200000000002	0.0	0.0	0.0
Node 187		9.33704	3.95256	5.78456	2.65051	5.52424	5.95535	5.87383	8.29176	5.81577	6.422160000000001	6.686350000000001	6.59211	4.92447	6.9702399999999995	6.85494	6.27245	8.739080000000001	8.03475	6.494750000000001	1.86121	0.0	0.0	0.0
Node 100		7.65546	6.00772	5.8068	5.1305700000000005	8.41659	6.61851	4.08646	9.45906	4.0086900000000005	7.051309999999999	8.65532	8.49535	4.49759	6.39192	4.356809999999999	9.08903	9.20676	5.54124	10.03214	0.7885700000000001	0.0	0.0	0.0
Node 118		6.75909	9.06137	4.27818	6.9250300000000005	9.17259	7.284930000000001	6.00727	4.54134	5.34894	7.86071	6.81163	8.01584	7.55729	7.52285	7.5861	8.033809999999999	6.24634	8.01914	6.18321	0.9308500000000001	0.0	0.0	0.0
Node 198		4.11942	5.26862	8.60126	5.17921	2.96397	5.60477	9.02636	7.46882	5.41078	6.04775	10.82168	1.918	7.32949	6.87754	5.42896	7.049080000000001	7.66033	7.08772	6.01021	0.0	0.0	0.0	0.0
Node 45		5.63347	2.80662	7.54717	2.9284399999999997	9.671100000000001	7.09394	2.75698	8.7477	5.30852	2.66747	5.34525	6.49474	10.07039	1.42035	5.113589999999999	7.76148	5.3652	1.8206300000000002	5.8641	1.71893	0.0	0.0	0.0
Node 17		7.8301099999999995	3.86038	4.69093	4.76008	4.01145	4.1678	2.84358	5.931100000000001	6.285010000000001	7.17453	7.904369999999999	4.7113000000000005	8.11217	6.926880000000001	5.32397	7.48823	3.3978599999999997	6.675839999999999	5.64111	2.39429	0.0	0.0	0.0
Node 101		7.92983	5.50617	6.93767	4.04307	4.5067	8.88564	3.5291200000000003	5.995749999999999	6.548360000000001	5.9391300000000005	7.35115	6.45269	5.7671	5.19344	8.74664	6.57609	4.565799999999999	6.81778	2.8075	0.9303600000000001	0.0	0.0	0.0
Node 126		5.69224	6.6714899999999995	4.74278	8.477079999999999	7.67775	5.990609999999999	7.864920000000001	7.346120000000001	4.8606799999999994	6.06527	7.094309999999999	4.88725	8.46336	6.576029999999999	6.4516	8.96313	8.80438	5.721480000000001	7.20206	0.0	0.0	0.0	0.0
Node 10		6.20658	8.19357	7.44596	4.10869	4.53648	5.62651	7.66041	5.23965	4.76353	8.09409	5.86821	4.30778	8.83616	5.18955	8.629489999999999	9.68618	9.73943	7.68655	3.5855900000000003	2.67121	0.0	0.0	0.0
Node 40		8.33285	5.59997	2.53067	4.4835899999999995	4.14074	9.07847	6.17592	7.60301	6.2304900000000005	9.126	5.5529	8.04301	12.98904	5.9022	6.974519999999999	6.352969999999999	8.61474	5.2657799999999995	7.98846	1.71893	0.0	0.0	0.0
Node 182		5.61387	8.97267	3.28612	3.07686	8.06858	7.42906	4.42089	0.0	6.28235	8.92115	8.20884	5.2765699999999995	5.9157399999999996	10.2436	7.0076600000000004	7.52845	5.09413	6.492240000000001	5.1262	0.9303600000000001	0.0	0.0	0.0
Node 85		6.21015	3.28841	7.284599999999999	4.83763	9.71369	7.70251	1.26599	5.3029	4.94853	8.46994	8.29258	8.28528	5.66495	7.16812	9.12316	3.5934500000000003	6.15481	5.50286	6.857050000000001	0.8099999999999999	0.0	0.0	0.0
Node 15		11.399	6.31828	8.53239	7.90264	10.35986	7.190040000000001	5.83093	1.12101	6.13115	3.26928	6.513739999999999	2.15924	5.42324	5.18982	7.67225	5.0148	7.8624600000000004	7.1637	4.43283	0.0	0.0	0.0	0.0
Node 26		7.96321	4.89977	9.00195	6.44017	12.465869999999999	6.3659099999999995	7.088089999999999	6.35329	4.70758	5.86242	4.8769100000000005	6.598750000000001	3.9137699999999995	4.6757800000000005	6.34556	7.83084	6.675159999999999	5.8052	4.4490799999999995	1.7403600000000001	0.0	0.0	0.0
Node 57		5.59049	3.82098	7.98369	4.826960000000001	6.77323	5.625369999999999	6.00041	5.3141300000000005	9.28958	7.20861	4.8115	9.20574	7.367609999999999	5.3452	5.51832	6.993340000000001	3.14261	5.13633	6.90471	1.3752900000000001	0.0	0.0	0.0
Node 88		10.582320000000001	5.95731	10.195419999999999	5.84384	6.17533	5.32051	3.8735899999999996	6.17138	5.6379600000000005	4.02851	8.62593	6.355619999999999	5.01093	6.28262	4.78399	7.36294	8.42528	4.261	6.79031	0.0	0.0	0.0	0.0
Node 111		10.0754	1.56379	6.12486	4.85766	4.73601	6.78806	4.59425	5.10833	8.28071	6.37203	10.256210000000001	7.5196	8.94664	5.15134	4.65631	8.884129999999999	8.53612	8.701920000000001	7.620889999999999	1.1198	0.0	0.0	0.0
Node 48		10.17266	8.56911	9.437570000000001	7.006759999999999	5.70844	3.9233900000000004	4.17852	8.13615	7.30161	7.517550000000001	7.4836	6.8449800000000005	6.17028	4.97844	8.6865	8.33005	7.71573	5.29927	6.2323900000000005	1.71893	0.0	0.0	0.0
Node 90		8.93395	4.37278	8.37008	4.52808	9.46173	5.45061	6.29673	6.10378	5.21701	7.01098	5.63484	8.05371	5.87373	5.8660499999999995	5.34738	6.52396	9.493319999999999	7.44458	4.61207	0.0	0.0	0.0	0.0
Node 99		6.83507	6.5451999999999995	10.52275	4.94578	7.528980000000001	9.396	5.16037	5.744479999999999	4.85658	4.85128	6.35293	4.60818	7.04105	6.362520000000001	7.527010000000001	8.764560000000001	5.9356100000000005	10.34884	3.46147	0.0	0.0	0.0	0.0
Node 107		5.10848	3.9276999999999997	3.9587999999999997	4.13977	7.546170000000001	7.370640000000001	5.01779	9.07245	3.24382	7.9113299999999995	7.3991299999999995	4.85436	5.383629999999999	5.89016	5.05942	5.21373	10.383610000000001	4.46974	4.57375	2.52893	0.0	0.0	0.0
Node 191		7.17347	5.39563	5.7908800000000005	3.94926	4.92243	5.631	4.753369999999999	4.96788	5.94	4.11266	6.46918	8.91423	8.43474	1.0772	4.4276	7.6023	5.10341	5.3283499999999995	6.39017	0.58672	0.0	0.0	0.0
Node 35		8.4093	6.72977	10.26052	5.22558	8.94771	5.11392	5.09952	5.69221	3.55022	8.77583	11.58315	8.17147	9.23301	7.91926	7.34921	8.22613	3.66398	10.00201	5.99431	1.46393	0.0	0.0	0.0
Node 25		10.75194	1.73397	9.44272	6.36223	9.62268	5.067130000000001	6.51968	5.74635	1.3234	6.7467299999999994	6.48209	8.03474	5.18273	3.7966800000000003	6.87696	9.494660000000001	6.34773	5.67291	3.8689	0.0	0.0	0.0	0.0
Node 197		7.69981	6.66159	5.26722	4.87673	6.41137	7.98745	6.56581	5.54871	4.447220000000001	5.3341	6.327929999999999	2.77984	7.4112	8.640780000000001	5.67941	7.75483	6.42574	9.31333	3.74335	1.71942	0.0	0.0	0.0
Node 120		5.26056	9.00189	6.57982	6.197620000000001	7.7294	4.75216	5.63523	7.78571	9.65454	2.55594	7.61294	6.97608	4.11148	7.77771	6.37399	6.146059999999999	8.61981	7.89096	4.47562	0.0	0.0	0.0	0.0
Node 165		8.196530000000001	5.60314	5.005380000000001	6.05188	8.205210000000001	6.21312	5.16078	3.70387	5.412369999999999	6.14098	8.55162	9.06129	4.60557	7.47987	8.027180000000001	9.99496	5.9803299999999995	5.427	5.35591	0.58672	0.0	0.0	0.0
Node 84		7.71072	6.7625	7.98186	8.46478	10.321470000000001	6.03379	4.985259999999999	5.76768	6.508310000000001	6.01122	8.42771	3.70451	4.5061	8.86904	6.85688	5.51065	6.00685	5.25927	6.40187	0.0	0.0	0.0	0.0
Node 114		7.821649999999999	3.79824	4.43854	5.26642	4.393940000000001	8.75024	3.02496	3.6272800000000003	2.88951	8.43849	6.1307100000000005	8.74024	6.9236	8.76393	9.79252	6.765459999999999	5.73395	7.96683	5.2032	0.9303600000000001	0.0	0.0	0.0
Node 11		3.72662	4.77965	6.14038	5.13612	8.275	7.61684	3.21983	5.4180399999999995	4.403	5.3341	6.80235	5.02914	10.94101	6.15575	5.833399999999999	4.55762	6.364599999999999	4.9244900000000005	6.4205	3.06201	0.0	0.0	0.0
Node 54		6.7412	3.77341	4.11726	5.8068599999999995	5.26152	9.43119	5.03895	1.09238	8.77853	6.6236299999999995	7.66748	5.64283	10.64571	6.395779999999999	6.25049	2.98105	4.5961	4.52681	6.22001	2.2525	0.0	0.0	0.0
Node 73		3.93253	8.09976	10.52644	4.00993	7.89387	3.1983200000000003	7.6744900000000005	4.84451	7.845140000000001	6.15573	5.6123	3.8640099999999995	8.00304	2.29707	5.432250000000001	4.45609	5.71223	5.23116	4.81636	0.0	0.0	0.0	0.0
Node 58		11.4786	4.5627	4.080290000000001	4.69418	8.52567	10.84456	5.48178	6.39759	4.08884	4.8828000000000005	4.42232	6.03135	6.20673	8.57765	5.4399299999999995	7.789110000000001	7.84392	9.29949	5.46289	1.32165	0.0	0.0	0.0
Node 109		4.40625	4.06808	4.57189	5.41636	8.51306	6.689209999999999	3.7067099999999997	5.63379	4.56402	4.17633	1.64166	6.404179999999999	9.52475	7.12026	5.40747	4.94304	10.48671	4.87643	3.96696	0.8099999999999999	0.0	0.0	0.0
