Node 92		6.64776	4.03511	5.98384	8.891010000000001	5.2623999999999995	3.07431	3.61229	3.3808499999999997	6.97958	1.4988	6.7653099999999995	4.20261	2.89235	8.45457	5.2057	6.14627	0.50939	3.31148	2.83873	0.8099999999999999	0.0	0.0	0.0
Node 132		8.21909	6.35746	5.73822	3.36035	3.81004	7.02332	3.82561	3.92443	8.83947	5.7895900000000005	3.11309	4.77029	3.35656	2.26708	2.26908	7.00083	5.01232	3.3648900000000004	3.5203499999999996	0.8099999999999999	0.0	0.0	0.0
Node 184		5.89305	2.3859000000000004	10.59819	2.74552	5.2623999999999995	6.6548	2.2883400000000003	3.7255000000000003	7.7051099999999995	4.87151	7.45518	2.283	4.7532	4.41042	5.1578100000000004	5.71841	2.7731700000000004	4.21066	3.5203499999999996	0.8099999999999999	0.0	0.0	0.0
Node 80		6.4097	4.03511	3.17842	5.45619	5.2623999999999995	9.5298	2.83372	5.5398700000000005	4.50921	6.7043099999999995	3.11309	2.53636	2.21334	4.07663	5.1578100000000004	7.60459	4.71251	2.52557	3.5203499999999996	0.8099999999999999	0.0	0.0	0.0
Node 72		5.78104	6.9244200000000005	3.2146500000000002	8.34521	2.38301	6.40381	1.6281400000000001	4.32075	5.97336	2.3019000000000003	4.67783	3.22306	4.81426	1.33775	7.63785	3.31363	2.26378	3.2694	1.986	0.8099999999999999	0.0	0.0	0.0
Node 191		6.43355	5.4186499999999995	8.981219999999999	6.568029999999999	0.78836	7.347149999999999	2.09659	4.28017	6.24254	3.93037	6.718240000000001	1.2765900000000001	1.9431899999999998	4.93582	6.0075400000000005	7.60459	3.15729	3.5184300000000004	2.73178	0.8099999999999999	0.0	0.0	0.0
Node 19		5.72389	4.85181	5.08024	6.00816	3.8878000000000004	6.99407	2.4126600000000002	4.8576	8.2394	6.7043099999999995	4.80523	3.68396	2.6429500000000004	4.11563	1.20339	4.88609	3.58684	4.09877	4.39499	0.8099999999999999	0.0	0.0	0.0
Node 46		8.07972	7.221760000000001	6.5832299999999995	7.5656	3.21346	4.7519100000000005	4.53396	4.13453	6.84279	5.30425	5.07525	2.82985	2.84244	2.8021000000000003	6.0075400000000005	5.32619	2.4037200000000003	0.7859100000000001	4.23801	0.8099999999999999	0.0	0.0	0.0
Node 98		3.01104	7.141859999999999	10.529349999999999	5.03046	3.0378100000000003	5.73886	2.12106	5.08099	6.7531300000000005	2.2188	3.11309	5.1845799999999995	2.3214200000000003	5.06666	5.1578100000000004	8.50115	4.03672	4.88468	2.83873	0.8099999999999999	0.0	0.0	0.0
Node 151		7.340770000000001	3.8321899999999998	10.82968	6.9484	4.64146	7.65986	2.85805	3.45911	6.98651	6.7043099999999995	4.66084	3.81295	2.61441	2.34069	4.712009999999999	4.25751	3.3793200000000003	0.80423	3.44944	0.8099999999999999	0.0	0.0	0.0
Node 73		7.48366	7.07757	9.0952	6.60293	2.50286	4.260739999999999	4.53396	4.4761500000000005	3.3198900000000005	4.14866	6.6371899999999995	3.26075	2.6400699999999997	4.64103	5.1578100000000004	9.18548	3.15729	4.40661	3.5203499999999996	0.8099999999999999	0.0	0.0	0.0
Node 51		5.89305	7.20726	7.45687	8.19531	4.64146	7.50286	2.33649	3.92019	7.847700000000001	3.7350000000000003	7.49566	4.20261	0.90709	7.41063	5.01003	4.90065	0.82491	3.37659	3.44944	0.8099999999999999	0.0	0.0	0.0
Node 189		5.74554	5.4186499999999995	4.94605	6.94987	4.5087399999999995	10.96828	4.77975	3.13478	6.17002	5.22464	3.75612	5.78001	3.14923	5.861940000000001	5.1578100000000004	3.63415	5.2786	4.762099999999999	3.5203499999999996	0.8099999999999999	0.0	0.0	0.0
Node 149		8.006929999999999	6.6244700000000005	10.59819	6.64554	2.3391100000000002	8.18864	2.68248	3.28042	6.35487	5.65155	3.7619399999999996	4.18727	0.76578	3.2655700000000003	4.712009999999999	6.442159999999999	2.01032	4.6671499999999995	2.83873	0.8099999999999999	0.0	0.0	0.0
Node 108		5.59955	7.30886	9.12195	8.04238	4.5984	9.98688	1.6281400000000001	4.08124	3.69429	5.30425	7.49566	4.55715	2.7661000000000002	6.5614099999999995	4.53862	4.36531	3.3842700000000003	4.6502099999999995	2.83873	0.8099999999999999	0.0	0.0	0.0
Node 154		1.57133	4.85181	7.291250000000001	8.891010000000001	3.32546	4.07659	2.85805	3.3936	3.5899599999999996	2.36761	3.7540400000000003	3.22306	2.59078	8.270470000000001	1.14624	7.00083	4.05511	1.7497800000000001	2.73178	0.8099999999999999	0.0	0.0	0.0
Node 144		5.84736	4.03511	9.86675	6.00816	1.66291	3.9878299999999998	2.83372	3.33317	2.085	0.93385	7.460999999999999	2.49867	2.96447	7.0821700000000005	4.712009999999999	7.21603	2.6975800000000003	6.3773800000000005	3.44944	0.8099999999999999	0.0	0.0	0.0
Node 123		4.12571	4.6324	5.92171	7.5656	3.93356	9.39143	3.9001099999999997	4.9364	6.11726	2.3019000000000003	3.91467	7.8653200000000005	1.8484099999999999	7.922759999999999	3.12597	3.26322	4.74893	3.1304199999999995	1.1198	0.8099999999999999	0.0	0.0	0.0
Node 137		8.74711	4.82136	4.73454	8.441849999999999	3.1676999999999995	2.8378400000000004	3.82561	4.99629	7.5089500000000005	5.7065	6.49864	4.72523	2.31358	4.07663	3.4839599999999997	6.990780000000001	0.50939	2.34096	3.0086999999999997	0.8099999999999999	0.0	0.0	0.0
Node 169		6.64776	5.97375	6.47455	7.62137	4.5087399999999995	4.777	2.12106	4.28017	3.1755199999999997	4.65374	4.80523	4.72572	3.14923	7.7585299999999995	5.1578100000000004	5.41511	3.15729	4.11571	3.5203499999999996	0.8099999999999999	0.0	0.0	0.0
Node 109		8.006929999999999	7.23621	3.2146500000000002	7.332610000000001	4.33814	8.18864	3.82561	2.79013	7.905760000000001	4.07622	3.89051	5.78001	2.61441	4.7893	3.8622799999999997	2.45907	3.4708500000000004	4.11571	3.5203499999999996	0.8099999999999999	0.0	0.0	0.0
Node 23		6.64776	5.260009999999999	4.0538	6.7561599999999995	3.81004	4.77276	2.2760800000000003	2.33342	8.25292	1.4830299999999998	3.2658199999999997	5.43387	2.90149	7.00305	1.64051	6.14627	4.41489	4.84065	2.32964	0.8099999999999999	0.0	0.0	0.0
Node 14		6.46743	1.45103	7.25932	3.54272	6.324059999999999	4.9423	2.83372	3.28824	6.62299	2.93256	5.28345	6.34576	3.86372	6.03203	3.6037100000000004	4.90065	4.71251	2.74946	2.73178	0.8099999999999999	0.0	0.0	0.0
Node 180		5.83128	2.85685	7.458950000000001	5.49442	1.4093	7.955819999999999	2.33649	4.28017	4.50921	2.87268	3.2197400000000003	5.74984	1.4143299999999999	7.19413	1.14624	2.3343599999999998	5.25914	4.6049	2.9872699999999996	0.8099999999999999	0.0	0.0	0.0
Node 199		3.45955	7.74653	4.73454	5.21744	2.9196400000000002	5.39299	2.09659	1.79038	5.11524	6.13936	3.72146	4.20261	2.88351	2.77988	4.53862	6.40097	2.4037200000000003	4.81783	2.91636	0.8099999999999999	0.0	0.0	0.0
Node 183		8.0541	5.97375	8.88905	2.66147	2.70452	6.34835	3.82561	5.68004	8.30903	3.29971	5.83696	1.89587	3.3141700000000003	6.14952	6.9392	7.59976	4.71251	1.98621	3.44944	0.8099999999999999	0.0	0.0	0.0
Node 38		7.41829	5.69674	4.3995	7.48251	3.8878000000000004	8.64822	4.77975	0.947	6.57329	4.12845	2.71165	5.74984	2.6400699999999997	5.17917	3.6037100000000004	6.95186	1.36305	4.11571	2.46082	0.8099999999999999	0.0	0.0	0.0
Node 37		7.48366	0.96679	4.19697	8.04238	4.5087399999999995	8.59287	2.85805	1.94621	5.60801	4.14866	5.07525	3.22306	1.9431899999999998	3.56383	2.92737	6.1511000000000005	3.15729	0.80423	3.44944	0.8099999999999999	0.0	0.0	0.0
Node 40		6.06279	2.11918	4.0538	7.61269	4.5984	7.330399999999999	4.77975	1.47305	8.42613	3.87049	8.38137	2.26572	1.49505	6.422980000000001	4.712009999999999	7.60459	2.17225	1.47448	3.5203499999999996	0.8099999999999999	0.0	0.0	0.0
Node 49		8.8545	6.2578	8.24657	6.71793	7.04416	8.000250000000001	3.0752	6.60542	1.79494	5.7895900000000005	6.91305	3.26075	1.46554	1.73594	0.73599	4.25751	2.57012	2.52557	2.05016	0.8099999999999999	0.0	0.0	0.0
Node 126		8.8545	5.1875	4.0538	6.7561599999999995	2.88973	4.50717	2.8996299999999997	3.73659	2.37089	5.30425	7.49566	3.27213	3.7916	7.500179999999999	2.86477	8.40535	3.6826200000000004	3.89939	3.44944	0.8099999999999999	0.0	0.0	0.0
Node 42		6.8631899999999995	2.24621	6.59844	6.7561599999999995	4.5087399999999995	6.296640000000001	1.27006	4.20275	7.37532	5.0740300000000005	6.73406	4.79853	2.88351	6.681330000000001	2.86477	7.73199	3.4969600000000005	3.31148	2.83873	0.8099999999999999	0.0	0.0	0.0
Node 16		4.15256	5.69674	8.31584	4.30411	2.38301	5.447430000000001	2.1998699999999998	2.86883	6.98651	3.7350000000000003	3.47028	3.68396	2.23496	5.90684	4.712009999999999	6.1511000000000005	3.45491	2.1216	3.8619100000000004	0.8099999999999999	0.0	0.0	0.0
Node 11		7.41869	7.84937	3.7130499999999995	4.925050000000001	4.64146	9.45261	4.53396	2.92468	5.87751	3.1306399999999996	4.421329999999999	2.89751	4.34617	4.53485	4.35597	7.796500000000001	1.87839	2.02592	4.39499	0.8099999999999999	0.0	0.0	0.0
Node 182		6.683260000000001	4.82136	9.74956	6.04639	2.70458	3.8540699999999997	3.63662	3.92443	5.37153	3.79088	6.62721	5.36621	4.39258	5.10646	3.4839599999999997	6.555130000000001	4.71251	1.53673	3.5203499999999996	0.8099999999999999	0.0	0.0	0.0
Node 176		7.202859999999999	4.03511	7.25932	6.16927	3.8353699999999997	7.9761299999999995	3.61229	3.4235	6.62299	6.13936	5.8193399999999995	3.22306	3.59837	5.71031	4.53862	6.88226	4.3663300000000005	5.82594	2.83873	0.8099999999999999	0.0	0.0	0.0
Node 173		6.540369999999999	4.03511	9.81883	5.03046	1.6735799999999998	3.07431	3.82561	3.92389	4.94926	4.22347	3.7619399999999996	3.2381100000000003	0.76578	6.36753	2.50678	6.88226	4.26351	2.02592	4.39499	0.8099999999999999	0.0	0.0	0.0
Node 27		8.21909	5.4186499999999995	8.32324	6.71793	4.5087399999999995	3.5527	3.6218800000000004	2.78974	4.07832	5.65155	6.91305	4.21809	3.7916	1.8937099999999998	2.98452	6.88226	3.37337	4.11571	1.1198	0.8099999999999999	0.0	0.0	0.0
Node 130		5.1576200000000005	4.6324	10.73188	7.31603	4.64146	7.3028200000000005	2.83372	1.52511	6.7837499999999995	4.73347	4.89606	3.8189800000000003	2.31592	5.16261	3.5000799999999996	6.8686	3.2985	3.3298	3.44944	0.8099999999999999	0.0	0.0	0.0
Node 41		7.59862	7.19143	10.59819	8.19531	3.097	8.646560000000001	4.35246	5.39423	5.1733	5.0898	3.7619399999999996	4.78167	4.24692	3.57024	1.52456	4.36531	1.87839	2.57898	3.44944	0.8099999999999999	0.0	0.0	0.0
Node 155		8.846729999999999	6.6244700000000005	5.95562	7.73208	3.91771	4.7519100000000005	3.18769	5.5398700000000005	7.247629999999999	6.7043099999999995	3.2658199999999997	5.15177	2.84244	8.80034	6.879580000000001	5.88271	1.03472	5.17437	4.39499	0.8099999999999999	0.0	0.0	0.0
Node 59		7.340770000000001	6.5941399999999994	6.519690000000001	6.20419	3.8878000000000004	6.58796	2.44135	3.7904599999999995	6.11726	4.49175	2.9787	4.20261	3.30564	2.77988	4.712009999999999	4.90065	4.03455	3.31148	2.83873	0.8099999999999999	0.0	0.0	0.0
Node 177		8.21909	5.4491	7.27946	2.6786	3.5106699999999997	6.33092	2.83372	4.8576	7.905760000000001	4.14866	2.76842	2.62026	1.4143299999999999	6.04974	2.68522	4.7054100000000005	4.05511	3.61917	2.73178	0.8099999999999999	0.0	0.0	0.0
Node 75		8.29163	7.221760000000001	5.95562	3.9674599999999995	4.64146	7.3028200000000005	3.82561	4.72525	5.1733	3.87049	6.351170000000001	4.1298	3.59837	2.26708	3.6037100000000004	8.33575	2.87488	3.1304199999999995	3.5203499999999996	0.8099999999999999	0.0	0.0	0.0
Node 150		5.11193	5.4186499999999995	4.73454	7.580629999999999	4.5087399999999995	5.68797	3.82561	5.08099	7.679819999999999	2.36761	6.11262	3.26075	3.14923	7.48355	3.90681	8.646230000000001	2.47003	3.63764	2.73178	0.8099999999999999	0.0	0.0	0.0
Node 61		4.89977	4.03511	7.25932	7.623240000000001	2.38301	5.706379999999999	4.53396	5.67171	9.18663	6.13936	5.05983	3.27213	3.3141700000000003	4.230359999999999	5.1578100000000004	6.14627	2.8719	4.5266	0.53308	0.8099999999999999	0.0	0.0	0.0
Node 81		8.91562	6.601360000000001	4.0538	5.28181	3.1891000000000003	6.58796	3.6218800000000004	3.92389	5.50098	6.7043099999999995	3.89051	4.72572	2.6400699999999997	4.41042	1.6303100000000001	5.21987	3.7002699999999997	2.1750100000000003	2.83873	0.8099999999999999	0.0	0.0	0.0
Node 56		6.683260000000001	6.790450000000001	4.97156	4.7127099999999995	4.5087399999999995	7.07424	3.39832	2.73684	5.3252	5.3141099999999994	3.89051	4.18727	1.9431899999999998	4.87391	2.33942	6.88226	2.9953600000000002	3.31148	2.1987	0.8099999999999999	0.0	0.0	0.0
Node 65		2.59127	8.94497	8.88905	6.04639	5.18425	3.8438399999999997	4.53396	5.60704	5.03965	5.22464	4.54206	4.21809	3.26274	4.2639000000000005	4.48147	5.631810000000001	0.50939	5.43612	2.34483	0.8099999999999999	0.0	0.0	0.0
Node 145		9.4672	3.1662000000000003	8.78245	6.00816	3.8878000000000004	7.9774899999999995	3.82561	5.60704	8.52204	2.3019000000000003	7.640149999999999	3.26075	2.36349	4.72907	2.7961300000000002	7.00083	3.83903	1.93012	2.23474	0.8099999999999999	0.0	0.0	0.0
Node 93		7.316870000000001	7.02014	1.61486	8.891010000000001	2.19954	3.1932099999999997	3.90015	5.5398700000000005	7.9202200000000005	3.29971	7.53609	5.19764	3.26274	4.93582	3.17082	5.41511	2.76765	2.57898	4.23801	0.8099999999999999	0.0	0.0	0.0
Node 33		8.15372	7.84937	7.47823	6.9484	2.78562	3.1492199999999997	5.55832	4.00215	6.02091	4.12845	5.60726	4.1298	0.90709	7.0635699999999995	6.9392	3.23306	5.9973600000000005	2.57898	2.83873	0.8099999999999999	0.0	0.0	0.0
Node 188		5.00716	5.728	3.30357	6.71793	3.4246199999999996	5.41506	2.85805	3.3808499999999997	5.1544300000000005	0.77742	7.78454	3.26075	3.7916	6.53541	3.45289	9.40949	2.01032	2.4477599999999997	3.5203499999999996	0.8099999999999999	0.0	0.0	0.0
Node 54		7.41869	5.4186499999999995	5.84694	6.772739999999999	4.64146	6.10785	2.83372	6.34069	4.1204	4.30644	5.8193399999999995	1.38797	0.98197	6.44922	4.53862	5.631810000000001	5.00637	4.09877	2.73178	0.8099999999999999	0.0	0.0	0.0
Node 120		6.516470000000001	7.819039999999999	9.74956	4.65757	6.97813	9.02025	2.44135	4.87089	8.311960000000001	5.7065	4.79349	3.26075	3.55004	1.81529	5.38835	4.90065	3.15729	3.4150199999999997	3.5203499999999996	0.8099999999999999	0.0	0.0	0.0
Node 131		8.03876	8.91464	3.17842	6.9484	3.45824	3.3791599999999997	4.56265	3.8719799999999998	7.007389999999999	2.93256	1.68214	3.27213	3.12012	6.6708799999999995	4.48147	1.7279099999999998	6.85512	3.8321599999999996	4.39499	0.8099999999999999	0.0	0.0	0.0
Node 170		4.95296	4.02331	6.5832299999999995	4.61484	3.08171	6.52131	4.60418	2.92468	2.33358	3.9337400000000002	4.66612	4.77029	2.23724	6.47124	3.8622799999999997	5.4272800000000005	2.39777	5.94334	2.91636	0.8099999999999999	0.0	0.0	0.0
Node 79		5.78104	5.97375	4.11313	6.568029999999999	5.3886400000000005	4.92389	3.26797	1.80313	6.4560699999999995	4.49175	7.414610000000001	4.21809	2.84244	8.45457	5.41313	4.590199999999999	5.01232	1.5901399999999999	4.23801	0.8099999999999999	0.0	0.0	0.0
Node 107		5.11193	2.4400999999999997	9.76477	3.44318	4.61641	7.09455	3.82561	2.80288	4.1872300000000005	3.29971	8.41038	2.23393	4.24692	5.39404	5.52687	4.90065	2.90452	2.8984699999999997	2.73178	0.8099999999999999	0.0	0.0	0.0
Node 157		6.64776	4.6324	4.73454	7.48251	3.5106699999999997	6.0417499999999995	3.82561	1.47729	6.09255	2.93256	5.55559	3.27213	3.4134200000000003	6.787509999999999	3.88425	6.76589	3.15729	5.43612	2.23474	0.8099999999999999	0.0	0.0	0.0
Node 55		4.91629	5.1875	5.03612	7.63544	4.5087399999999995	7.76498	1.65942	4.28017	9.7089	4.2268300000000005	4.66084	3.4937000000000005	3.86372	5.478199999999999	7.558389999999999	5.41511	3.2023	3.25108	2.05016	0.8099999999999999	0.0	0.0	0.0
Node 71		2.91608	5.10812	5.98384	6.04639	3.1676999999999995	6.09057	0.63625	6.19776	5.44292	6.37023	4.297829999999999	3.0885599999999998	1.9944	7.7585299999999995	4.48147	6.3663	1.92892	3.06319	4.23801	0.8099999999999999	0.0	0.0	0.0
Node 12		2.59127	7.03351	4.31844	5.99158	1.78643	7.339619999999999	3.82561	5.67171	8.311960000000001	4.14866	5.49385	4.800949999999999	4.31267	4.64744	1.14624	6.719060000000001	3.3842700000000003	6.815110000000001	3.44944	0.8099999999999999	0.0	0.0	0.0
Node 64		6.798220000000001	4.59021	5.03612	6.7561599999999995	3.5106699999999997	5.46677	3.45727	4.28017	7.55676	3.1777399999999996	7.49566	5.74984	4.25581	6.86279	1.82258	7.00083	3.15729	4.11571	0.9308500000000001	0.8099999999999999	0.0	0.0	0.0
Node 143		8.774189999999999	5.4186499999999995	3.1472399999999996	4.935160000000001	4.5087399999999995	7.30706	4.53396	6.60542	7.56506	3.7350000000000003	6.11262	5.10935	4.81426	6.47124	5.1578100000000004	7.73199	3.56214	3.32494	3.44944	0.8099999999999999	0.0	0.0	0.0
Node 36		8.360520000000001	5.77203	4.98851	1.53757	0.88158	4.260739999999999	3.82561	4.87089	7.5089500000000005	3.8506400000000003	3.89051	3.99652	4.1056099999999995	7.3749899999999995	2.01251	6.1511000000000005	4.41489	3.2694	1.90837	0.8099999999999999	0.0	0.0	0.0
Node 116		4.99836	3.6297500000000005	7.921939999999999	6.04639	3.8878000000000004	9.55147	3.82561	5.52658	4.18153	3.7356599999999998	1.3662	4.77029	2.31592	2.40651	5.38835	1.5857199999999998	4.3663300000000005	3.02221	2.83873	0.8099999999999999	0.0	0.0	0.0
Node 62		6.48762	5.97532	3.4261899999999996	5.22645	3.5106699999999997	6.609629999999999	4.60418	5.08099	6.57329	3.9460599999999997	4.80523	4.0559199999999995	3.7916	7.2352799999999995	3.12319	0.97308	3.15729	2.52557	2.83873	0.7885700000000001	0.0	0.0	0.0
Node 152		6.798220000000001	4.03511	8.24657	6.78064	7.04416	4.7026900000000005	3.26797	6.34069	0.9337099999999999	5.78623	3.89688	2.53636	1.22574	2.5644199999999997	1.6347500000000001	5.52923	1.92892	2.57898	2.91636	0.8099999999999999	0.0	0.0	0.0
Node 99		7.433629999999999	5.728	8.33845	6.00816	4.64146	5.23683	2.85805	1.80313	4.8687000000000005	1.48084	6.31949	2.53636	3.86372	5.844930000000001	1.92986	4.90065	2.47003	3.1304199999999995	4.39499	0.8099999999999999	0.0	0.0	0.0
Node 29		5.91233	4.03511	7.27946	7.48251	3.90999	2.21136	5.32002	3.13478	5.7284500000000005	4.84845	4.53936	3.8335399999999997	2.23496	1.0439399999999999	1.51197	4.90065	4.71251	5.00827	2.73178	0.8099999999999999	0.0	0.0	0.0
Node 148		5.1576200000000005	5.376460000000001	6.41895	7.63544	3.1676999999999995	7.9317	2.4126600000000002	2.411	4.18153	4.14866	3.1314300000000004	5.74984	1.36676	6.681330000000001	6.9392	8.33425	2.85399	2.57898	2.91636	1.5985699999999998	0.0	0.0	0.0
Node 7		5.78104	7.74653	6.741270000000001	6.9484	4.64146	3.79231	4.77975	5.74997	9.51381	5.72971	6.3699699999999995	5.74984	3.7916	6.43865	2.1733100000000003	6.18427	3.15729	4.09877	3.5203499999999996	0.8099999999999999	0.0	0.0	0.0
Node 87		7.48366	3.9902399999999996	5.30035	7.580629999999999	6.05076	6.4092899999999995	2.83372	5.39423	8.83947	3.29971	4.01199	2.62026	2.89235	1.19767	5.38835	3.50887	2.7731700000000004	4.762099999999999	2.73178	0.8099999999999999	0.0	0.0	0.0
Node 117		6.06279	6.2353499999999995	4.152200000000001	6.18529	2.1386	5.46677	2.85805	4.28017	8.83947	2.87268	8.38137	5.74984	3.26274	5.670859999999999	1.64051	2.62475	3.15729	5.01702	3.44944	1.5985699999999998	0.0	0.0	0.0
Node 118		8.23403	5.97375	4.952249999999999	6.772739999999999	3.1874100000000003	5.49387	2.68248	2.33342	6.1359900000000005	2.3019000000000003	6.68923	3.46288	2.7422	3.4981400000000002	3.6037100000000004	7.00083	5.4155500000000005	4.6502099999999995	2.73178	0.8099999999999999	0.0	0.0	0.0
Node 190		5.84736	7.84937	3.44306	6.04639	4.5087399999999995	3.41164	4.53396	3.64641	8.19775	4.2835	5.188829999999999	1.50954	2.61441	3.03843	5.1578100000000004	7.68785	1.88838	1.77475	2.05016	0.8099999999999999	0.0	0.0	0.0
Node 85		8.21909	6.71441	9.76477	9.10062	4.64146	9.53975	2.5555499999999998	5.402019999999999	7.905760000000001	3.29971	6.991300000000001	1.71352	3.14923	7.229520000000001	2.7961300000000002	8.33575	2.85399	3.1304199999999995	3.5203499999999996	0.8099999999999999	0.0	0.0	0.0
Node 4		8.12664	4.03511	6.6136	4.82104	1.66291	6.10785	5.32002	4.00805	6.3052399999999995	4.35583	3.89051	3.5776000000000003	2.36349	7.066369999999999	4.48147	7.73199	2.47003	6.12469	2.9872699999999996	0.8099999999999999	0.0	0.0	0.0
Node 60		8.9121	8.31736	9.76477	5.21744	2.40737	5.46677	3.61229	4.32731	8.83947	5.59488	6.95082	0.5522	2.88351	7.0635699999999995	2.6062	4.20176	0.52533	5.37387	3.44944	0.8099999999999999	0.0	0.0	0.0
Node 44		7.340770000000001	5.4186499999999995	6.42017	4.30411	4.64146	6.609629999999999	4.17952	3.92389	6.28235	8.078190000000001	3.2278800000000003	4.1298	4.34617	6.43865	1.64989	6.03473	1.8724399999999999	3.31148	2.83873	0.8099999999999999	0.0	0.0	0.0
Node 138		4.87587	7.83487	4.31844	5.28181	3.1452	7.6373999999999995	2.84068	2.27811	1.6080500000000002	2.8011500000000003	8.45513	2.53636	3.4134200000000003	4.78618	3.7218	6.442159999999999	4.2696499999999995	4.40661	2.34483	0.8099999999999999	0.0	0.0	0.0
Node 139		8.9121	4.5227200000000005	9.19896	4.987699999999999	4.5087399999999995	6.14687	2.85805	5.5398700000000005	5.05359	3.56638	8.51148	4.79853	2.02391	7.19413	0.52705	8.41018	3.15729	3.41587	4.39499	0.8099999999999999	0.0	0.0	0.0
Node 31		9.547509999999999	5.728	4.0538	3.89299	0.88158	2.66807	3.97632	1.4906300000000001	7.02626	3.8506400000000003	8.41038	3.5776000000000003	3.59837	5.80313	3.8622799999999997	8.40535	3.07951	4.11571	1.3043799999999999	0.8099999999999999	0.0	0.0	0.0
Node 9		8.7318	2.3859000000000004	8.970400000000001	8.34521	5.2623999999999995	5.79976	4.53396	4.08124	7.7006000000000006	5.22464	5.11568	5.36621	2.21334	7.53879	3.92839	6.915430000000001	4.18178	3.89939	1.90837	0.8099999999999999	0.0	0.0	0.0
Node 158		6.33716	7.02996	5.84902	6.7561599999999995	4.54597	10.39887	1.5132400000000001	1.74782	7.905760000000001	2.36761	1.6979600000000001	3.99652	2.8502799999999997	6.37033	5.2057	7.73199	2.85399	4.11571	3.44944	0.8099999999999999	0.0	0.0	0.0
Node 178		8.0541	4.18485	4.98851	4.60276	4.5087399999999995	3.59642	2.83372	3.28042	7.56506	4.12845	4.53936	3.2053	1.44756	6.47124	6.9392	6.915430000000001	5.01232	1.93012	2.91636	0.8099999999999999	0.0	0.0	0.0
Node 142		7.59862	7.15557	3.2315499999999995	6.45376	4.90806	7.05012	2.83372	4.87089	6.752180000000001	3.87049	7.276059999999999	5.10935	3.30564	4.60844	6.87381	9.18548	4.03672	5.01702	2.83873	0.8099999999999999	0.0	0.0	0.0
Node 45		5.778090000000001	4.82136	4.36568	3.38492	3.097	5.22486	4.60418	2.411	7.5089500000000005	3.1306399999999996	6.03472	4.41441	1.56479	10.1676	5.23402	3.6214999999999997	3.58684	1.9452299999999998	2.91636	1.5985699999999998	0.0	0.0	0.0
Node 91		4.91629	4.85181	3.43239	7.580629999999999	4.5087399999999995	5.73886	2.2760800000000003	6.60542	7.847700000000001	2.50105	1.64375	5.70527	1.1774099999999998	1.81529	2.84965	6.923719999999999	5.99141	4.38846	3.5203499999999996	0.8099999999999999	0.0	0.0	0.0
Node 30		8.29163	5.4186499999999995	6.41895	5.0138799999999994	4.64146	6.33092	5.32643	4.32731	4.80385	3.29971	6.718240000000001	4.79853	1.87429	2.48897	6.20321	6.88226	4.571879999999999	3.1304199999999995	3.44944	0.8099999999999999	0.0	0.0	0.0
Node 175		9.62397	4.03511	8.15484	2.68555	3.15636	3.3791599999999997	4.60418	2.79942	6.3052399999999995	4.2268300000000005	5.5767299999999995	0.60098	1.4143299999999999	6.03203	1.54261	5.70624	4.71251	1.35567	3.44944	0.8099999999999999	0.0	0.0	0.0
Node 133		7.41869	6.6244700000000005	4.55012	6.772739999999999	3.8432099999999996	3.82454	3.78786	1.74782	8.83947	2.87268	2.76842	3.8189800000000003	3.38979	5.17917	4.53862	4.4939100000000005	4.04655	1.12589	3.5203499999999996	0.7885700000000001	0.0	0.0	0.0
Node 192		8.15372	4.45186	7.04036	4.65757	3.5987999999999998	4.489739999999999	3.82561	4.26688	6.38965	2.87268	8.08672	5.36621	3.26274	6.19626	1.6303100000000001	10.000340000000001	2.7731700000000004	3.3648900000000004	3.44944	0.8099999999999999	0.0	0.0	0.0
Node 39		10.90992	6.04626	5.64605	5.68374	1.4093	3.25273	3.78786	5.5398700000000005	6.631349999999999	3.21998	4.32038	2.283	3.7916	6.03203	1.64989	7.00083	3.6826200000000004	2.57898	3.5203499999999996	0.8099999999999999	0.0	0.0	0.0
Node 57		7.433629999999999	9.51919	4.55012	4.65757	2.43906	3.8737500000000002	2.85805	3.33317	5.3252	3.29971	6.718240000000001	5.70527	2.4494700000000003	7.7585299999999995	0.78362	3.2717799999999997	7.587389999999999	3.06319	3.5203499999999996	0.8099999999999999	0.0	0.0	0.0
Node 196		5.1576200000000005	6.40506	3.1258800000000004	5.49442	4.81517	5.449339999999999	2.12484	0.77479	10.23934	5.7895900000000005	7.172000000000001	4.21809	4.72754	5.36392	3.8622799999999997	5.41511	3.3842700000000003	3.1304199999999995	3.5203499999999996	0.8099999999999999	0.0	0.0	0.0
Node 76		4.02189	3.8236399999999997	5.5823	6.619940000000001	3.12747	4.23828	1.7043099999999998	5.5398700000000005	5.99474	6.13936	4.66084	4.18727	2.7422	3.3665000000000003	0.75828	5.7451799999999995	4.18178	1.77475	2.83873	0.8099999999999999	0.0	0.0	0.0
Node 95		6.1757	6.96016	4.93538	7.48251	4.723800000000001	8.20607	3.82561	3.13478	8.23104	3.7356599999999998	6.084309999999999	3.8189800000000003	2.11409	4.66004	6.08947	7.82129	5.99141	3.4150199999999997	3.5203499999999996	0.8099999999999999	0.0	0.0	0.0
Node 35		9.547509999999999	7.34286	4.97364	6.568029999999999	4.5984	6.1913	3.61229	1.53101	4.50921	4.93155	4.297829999999999	4.1298	2.6400699999999997	5.74369	4.53862	5.41511	4.36436	3.89939	3.44944	0.8099999999999999	0.0	0.0	0.0
Node 26		5.31263	5.4186499999999995	9.18375	6.60293	4.64146	7.955819999999999	2.83372	3.92389	6.90308	5.30425	7.10426	2.72662	1.84863	7.7585299999999995	5.38835	7.00083	3.67115	3.06319	2.73178	0.8099999999999999	0.0	0.0	0.0
Node 156		5.98879	5.4596800000000005	6.41895	5.89316	2.70458	3.21587	2.68248	6.34069	7.37532	3.21481	4.66084	4.19545	3.53932	4.02354	4.53862	4.94184	2.9953600000000002	2.51499	3.44944	0.8099999999999999	0.0	0.0	0.0
Node 20		8.0541	6.6244700000000005	8.15484	4.65757	2.38301	4.5394	0.7124199999999999	4.94915	3.07801	3.28569	5.935	4.20261	2.6400699999999997	7.922759999999999	4.1603	7.81979	2.90452	5.15743	2.9872699999999996	0.8099999999999999	0.0	0.0	0.0
Node 0		3.54606	7.03351	4.0929899999999995	6.3001000000000005	2.1386	9.00018	3.26797	5.08099	6.5897	4.51101	3.72146	3.22306	2.23496	7.7585299999999995	5.1578100000000004	5.88271	3.7217100000000003	3.1304199999999995	3.5203499999999996	0.8099999999999999	0.0	0.0	0.0
Node 67		6.540369999999999	4.03511	3.4261899999999996	8.94769	1.66291	7.28539	3.97632	5.08099	6.03978	2.93256	0.53589	3.8189800000000003	2.61419	8.76489	6.0075400000000005	4.40201	2.0447900000000003	1.77475	3.5203499999999996	0.8099999999999999	0.0	0.0	0.0
Node 129		2.57417	5.4186499999999995	7.27946	7.332610000000001	4.5087399999999995	6.11376	3.39832	4.32731	3.08706	2.2362	4.80523	4.74793	3.6414500000000003	7.48355	1.92986	8.45432	1.57652	2.57898	3.44944	0.8099999999999999	0.0	0.0	0.0
Node 186		5.66334	5.97375	8.24657	6.772739999999999	1.91616	8.62405	5.32002	1.4906300000000001	3.09642	5.36684	7.6752	3.26075	2.6400699999999997	5.39404	6.02408	5.73022	2.4037200000000003	1.9635500000000001	2.83873	0.8099999999999999	0.0	0.0	0.0
Node 162		7.12656	8.40447	5.95562	6.45376	3.78864	6.510000000000001	2.83372	6.34069	7.2021299999999995	4.2835	4.66084	4.77029	3.38615	6.27471	4.712009999999999	6.915430000000001	5.01232	6.3773800000000005	1.90837	0.8099999999999999	0.0	0.0	0.0
Node 8		7.61455	7.84937	6.412750000000001	3.36035	1.66291	5.23683	3.82561	6.19776	2.37089	5.59488	6.718240000000001	4.0559199999999995	3.64929	4.16467	2.2009	6.915430000000001	3.2985	1.47448	1.42482	1.5985699999999998	0.0	0.0	0.0
Node 5		6.540369999999999	6.0042	4.0538	6.8708599999999995	3.8353699999999997	7.09455	2.83372	2.33342	7.43436	4.30644	6.68923	3.8189800000000003	4.24692	6.681330000000001	2.30818	6.1496	4.74893	3.37659	1.3752900000000001	0.8099999999999999	0.0	0.0	0.0
Node 84		4.2554	4.82136	9.96354	7.48251	3.8878000000000004	3.29414	4.60418	4.5928700000000005	3.07801	2.36761	3.51459	4.79853	2.88351	6.2557	6.87381	6.85112	2.00525	0.5744499999999999	2.83873	0.8099999999999999	0.0	0.0	0.0
Node 96		6.586060000000001	6.24371	4.97156	6.7561599999999995	6.08734	5.449339999999999	1.3462699999999999	3.28042	7.23927	2.2188	7.559100000000001	6.48561	4.39258	6.19626	4.712009999999999	3.63415	4.03077	5.82594	3.44944	0.8099999999999999	0.0	0.0	0.0
Node 69		4.41041	1.96092	4.54418	4.11127	4.64146	4.78439	2.83372	5.5398700000000005	7.10373	3.7350000000000003	5.62308	4.21809	4.7532	4.0956399999999995	3.8622799999999997	4.92436	2.6975800000000003	4.02022	2.14506	0.8099999999999999	0.0	0.0	0.0
Node 135		4.86707	6.2353499999999995	4.73454	8.830739999999999	3.1039	4.260739999999999	2.26195	5.08099	6.0509	5.22464	3.6489800000000003	3.8189800000000003	1.84863	3.3442800000000004	2.1618	8.53758	1.89433	2.15807	3.44944	0.8099999999999999	0.0	0.0	0.0
Node 193		6.06279	6.2353499999999995	6.8509899999999995	6.00816	2.1294	8.69235	1.97006	3.3045400000000003	7.905760000000001	4.21779	6.718240000000001	5.70527	2.4494700000000003	6.56777	1.74274	6.24214	2.0859099999999997	4.7891900000000005	3.44944	0.8099999999999999	0.0	0.0	0.0
Node 82		8.29163	5.4491	10.59819	9.94925	4.45631	0.6086699999999999	3.82561	2.86883	4.0117199999999995	5.78623	6.084309999999999	4.20261	3.14923	6.15019	5.35348	6.0994399999999995	2.57012	0.58487	2.91636	0.8099999999999999	0.0	0.0	0.0
Node 15		5.31263	6.79743	5.53737	6.71793	1.6190099999999998	5.449339999999999	4.35246	4.28017	6.62299	5.59488	5.90599	3.22306	2.61419	4.60844	4.39084	7.895860000000001	2.47003	4.09877	2.83873	0.8099999999999999	0.0	0.0	0.0
Node 83		6.64776	7.19143	6.29221	6.772739999999999	3.91771	6.42124	5.4881	4.5928700000000005	5.8645000000000005	5.7895900000000005	6.718240000000001	3.2053	2.4494700000000003	7.534009999999999	2.99964	6.915430000000001	3.19638	4.40661	3.44944	0.8099999999999999	0.0	0.0	0.0
Node 185		6.64776	1.9053799999999999	4.54418	3.1941100000000002	2.70458	7.30706	1.7043099999999998	0.947	6.631349999999999	6.13936	9.05087	4.22947	3.26274	4.41348	5.97267	2.86184	1.82738	4.11571	2.73178	0.8099999999999999	0.0	0.0	0.0
Node 24		3.27569	4.03511	3.43153	3.87586	3.8878000000000004	8.02192	2.68248	4.28017	4.96137	3.01566	5.97572	1.6311300000000002	3.6414500000000003	7.48355	4.53862	6.48637	4.07153	3.1304199999999995	3.44944	0.8099999999999999	0.0	0.0	0.0
Node 102		9.78896	4.03511	4.0538	6.895020000000001	4.5087399999999995	6.37969	2.8996299999999997	3.33371	6.74611	6.13936	7.49449	2.53636	1.9431899999999998	6.942030000000001	5.11427	7.60459	6.9116	2.57898	1.32165	0.8099999999999999	0.0	0.0	0.0
Node 106		8.8545	5.97375	7.27946	4.44496	3.12747	2.57722	4.60418	3.13478	7.79788	4.14866	6.718240000000001	4.1298	1.04166	6.275500000000001	1.8377000000000001	2.64215	1.369	4.762099999999999	3.44944	0.8099999999999999	0.0	0.0	0.0
Node 94		7.41869	4.03511	4.9535	6.930540000000001	4.5087399999999995	4.14768	4.53396	5.10191	10.23934	2.87268	6.35298	3.0885599999999998	2.67246	4.11563	1.54261	6.14627	3.2985	4.310230000000001	2.73178	0.8099999999999999	0.0	0.0	0.0
Node 28		5.94922	7.94269	6.386	6.772739999999999	6.05076	4.85728	3.82561	4.32731	4.7468200000000005	3.29971	2.48258	3.8189800000000003	1.9431899999999998	8.10319	6.12434	2.33035	2.4037200000000003	2.57898	1.46344	0.8099999999999999	0.0	0.0	0.0
Node 171		6.540369999999999	6.79743	6.508369999999999	6.00816	3.1891000000000003	7.05012	1.90391	1.80313	5.33996	1.93883	9.22823	3.99652	3.51366	7.19413	5.97267	7.60459	2.86607	2.51499	2.83873	0.8099999999999999	0.0	0.0	0.0
Node 121		4.02581	5.1875	6.5832299999999995	8.34521	0.66484	3.33337	3.82561	5.5398700000000005	2.87255	5.30425	4.66084	3.40541	3.7916	4.8116699999999994	5.01003	4.06227	2.39923	3.4150199999999997	1.25074	0.8099999999999999	0.0	0.0	0.0
Node 6		7.41869	7.19143	5.93867	7.623240000000001	4.64146	5.45615	3.39832	4.00215	5.44292	2.85703	5.4552499999999995	5.74984	3.31129	3.26032	6.12434	7.0853	5.01232	3.3479500000000004	3.44944	0.8099999999999999	0.0	0.0	0.0
Node 86		8.03876	7.84937	4.73454	3.94813	4.45631	5.706379999999999	4.53396	4.28017	6.91399	2.3019000000000003	7.225910000000001	4.77029	3.6414500000000003	8.78327	1.86015	5.41511	0.9756	3.3479500000000004	2.83873	0.8099999999999999	0.0	0.0	0.0
Node 111		3.21174	5.57121	5.39875	5.68918	3.1891000000000003	4.5219700000000005	1.6281400000000001	0.947	2.72865	6.13936	5.06655	5.1845799999999995	1.4143299999999999	6.43865	1.64989	5.41511	3.45491	4.81783	3.44944	0.8099999999999999	0.0	0.0	0.0
Node 104		6.5784899999999995	9.51919	5.03612	6.90909	4.5087399999999995	4.33796	5.32002	4.94915	3.2901399999999996	3.4146900000000002	3.11309	4.77029	2.24147	4.11563	3.56017	2.86667	2.51464	3.1304199999999995	3.5203499999999996	0.8099999999999999	0.0	0.0	0.0
Node 70		6.471100000000001	5.4186499999999995	2.67877	6.7561599999999995	7.04416	6.1913	2.84068	2.47211	6.4560699999999995	5.78623	6.95977	4.79853	4.1056099999999995	8.23483	3.7144999999999997	4.90065	5.00637	4.21066	3.5203499999999996	0.8099999999999999	0.0	0.0	0.0
Node 179		6.5328	1.3502800000000001	8.17515	6.04639	3.91771	5.58263	2.2760800000000003	3.73659	5.8645000000000005	2.36761	3.49489	4.72572	1.84863	6.8952	2.30818	4.66647	2.86607	2.56066	2.23474	0.8099999999999999	0.0	0.0	0.0
Node 32		7.340770000000001	4.0297	9.74956	5.45619	2.31834	8.69235	3.78786	2.33342	4.94926	4.84509	4.05906	5.10935	2.6400699999999997	6.18558	4.53862	6.14627	3.28105	1.62717	2.05016	0.8099999999999999	0.0	0.0	0.0
Node 115		8.9121	4.80524	2.2443	6.8708599999999995	2.38301	4.54418	3.78786	4.28017	9.24757	5.65155	7.53609	2.27162	4.72754	5.61838	2.99964	4.90065	4.03455	1.77475	3.5203499999999996	0.8099999999999999	0.0	0.0	0.0
Node 10		8.006929999999999	6.46504	9.74956	6.60293	3.8353699999999997	6.38138	2.47934	5.67171	2.87255	5.30425	7.536379999999999	3.26075	3.81757	8.86275	0.52705	4.590199999999999	4.03672	1.95112	2.83873	0.8099999999999999	0.0	0.0	0.0
Node 187		7.41869	5.4517500000000005	8.78245	6.7561599999999995	4.5087399999999995	8.18864	4.77975	3.02843	8.59456	5.65155	5.5479899999999995	4.21809	1.4143299999999999	5.39404	2.6062	6.0994399999999995	2.6975800000000003	2.68037	4.23801	0.8099999999999999	0.0	0.0	0.0
Node 113		5.03088	3.1662000000000003	9.722809999999999	6.725829999999999	3.78864	8.646560000000001	2.9703	4.5928700000000005	6.65606	3.87049	2.2786	3.99652	3.86372	5.5002200000000006	2.92737	6.88226	4.51482	4.7891900000000005	2.83873	0.8099999999999999	0.0	0.0	0.0
Node 166		8.8545	3.82707	3.4261899999999996	7.468959999999999	3.0881	7.9774899999999995	2.83372	4.32731	8.2394	3.3654200000000003	3.91467	0.72439	2.36349	10.59205	4.23651	8.50115	4.3663300000000005	3.89939	3.5203499999999996	0.8099999999999999	0.0	0.0	0.0
Node 68		5.84736	6.2353499999999995	1.97096	6.22077	5.24467	7.955819999999999	2.47934	4.8717299999999994	4.18153	2.93664	6.89004	2.53636	3.6414500000000003	7.16728	4.712009999999999	1.8935899999999999	5.94088	5.43612	2.9872699999999996	0.8099999999999999	0.0	0.0	0.0
Node 163		4.59535	5.97375	9.74956	8.891010000000001	3.91771	7.465140000000001	3.26797	3.28824	6.43469	3.79088	6.718240000000001	2.53636	2.84244	6.04974	2.2009	3.49196	2.4037200000000003	2.57898	2.73178	0.8099999999999999	0.0	0.0	0.0
Node 136		9.547509999999999	4.03511	5.84694	5.03046	5.24467	3.5857300000000003	2.12106	0.947	6.24254	5.22464	3.89051	5.52827	2.88351	5.04765	5.38835	7.00083	3.3793200000000003	3.31148	3.44944	0.8099999999999999	0.0	0.0	0.0
Node 146		6.8631899999999995	1.45103	7.04244	6.934750000000001	5.2970999999999995	9.57393	3.39832	4.26688	6.92845	5.3141099999999994	5.39911	0.53589	7.462090000000001	4.87643	4.1603	7.651420000000001	5.01232	3.3479500000000004	2.05016	0.8099999999999999	0.0	0.0	0.0
Node 161		7.340770000000001	5.838220000000001	4.0538	6.78064	3.6341900000000003	6.609629999999999	4.53396	4.54012	2.84868	2.3019000000000003	6.68923	3.22306	0.69604	6.18278	4.712009999999999	4.88609	3.15729	3.2694	3.44944	0.8099999999999999	0.0	0.0	0.0
Node 50		7.340770000000001	4.82136	6.412750000000001	4.11127	2.78562	8.86922	2.83372	2.06801	6.984609999999999	3.29971	8.33652	3.8189800000000003	2.8502799999999997	5.90684	2.89401	7.73199	1.24166	4.21066	3.44944	0.8099999999999999	0.0	0.0	0.0
Node 165		7.41869	6.6244700000000005	6.47663	6.94987	4.5984	5.02482	2.68248	2.79013	0.59157	3.8506400000000003	8.41038	4.20261	5.69787	8.11664	2.1733100000000003	7.59976	5.01232	4.21066	3.44944	0.8099999999999999	0.0	0.0	0.0
Node 21		6.64776	5.80236	4.0538	3.36035	3.79231	9.53975	3.82561	4.87089	4.84517	4.30644	4.66084	5.96164	3.14923	2.59515	3.12597	6.88226	3.3793200000000003	1.86289	2.73178	0.8099999999999999	0.0	0.0	0.0
Node 114		8.9121	8.91464	4.0538	6.9675	3.78864	8.903500000000001	2.8996299999999997	3.28042	6.2159699999999996	3.1306399999999996	7.49566	3.8189800000000003	2.7422	3.5575799999999997	5.1578100000000004	8.40535	3.3793200000000003	4.11571	0.8099999999999999	0.8099999999999999	0.0	0.0	0.0
Node 1		5.11193	7.84937	9.0952	6.04639	2.469	4.5394	2.83372	4.28017	3.5899599999999996	5.30425	5.4552499999999995	4.77029	1.9431899999999998	3.26032	4.53862	3.8415600000000003	0.68433	3.29664	2.05016	0.8099999999999999	0.0	0.0	0.0
Node 48		7.41869	1.67298	8.42606	7.332610000000001	2.03974	3.37184	4.77975	4.94915	5.67185	2.87268	5.30107	4.1298	4.34617	7.19413	0.78362	8.40535	3.7217100000000003	4.21066	3.44944	0.8099999999999999	0.0	0.0	0.0
Node 3		8.8545	3.22853	4.0538	7.332610000000001	4.64146	8.02192	3.4047300000000003	3.02419	7.7006000000000006	3.8506400000000003	5.98997	4.79853	3.53932	7.7585299999999995	4.48147	3.8040200000000004	2.17225	2.57898	2.23474	0.8099999999999999	0.0	0.0	0.0
Node 110		8.9121	1.13248	7.14938	8.34521	3.1676999999999995	7.09455	1.27006	0.947	7.85059	2.87268	8.19078	3.26075	2.11409	6.8302000000000005	2.8518600000000003	7.46843	2.78911	3.8812399999999996	2.83873	0.8099999999999999	0.0	0.0	0.0
Node 66		6.471100000000001	8.31736	7.921939999999999	7.623240000000001	0.67551	8.646560000000001	2.83372	2.27811	6.7837499999999995	3.29971	4.80523	3.8189800000000003	2.21334	7.715719999999999	1.14624	8.416319999999999	3.3842700000000003	3.29664	2.83873	0.8099999999999999	0.0	0.0	0.0
Node 124		8.03876	7.84937	6.47455	7.63544	4.64146	3.6341400000000004	3.39832	3.92389	6.08804	3.7077899999999997	4.50021	5.38842	2.6429500000000004	9.347669999999999	2.77655	5.00919	5.6797699999999995	2.57898	2.91636	0.8099999999999999	0.0	0.0	0.0
Node 101		0.62047	6.68845	9.0952	5.28181	6.08734	8.32006	3.82561	1.85642	9.51381	3.7350000000000003	3.89051	3.27213	3.81757	3.64213	6.87381	6.915430000000001	1.92892	2.57898	1.39928	0.8099999999999999	0.0	0.0	0.0
Node 88		3.4163699999999997	4.87786	9.74956	6.772739999999999	3.8878000000000004	7.76498	4.56265	3.27786	7.7327	4.21779	7.3587299999999995	2.283	2.23724	3.8976200000000003	2.30818	2.53579	4.20312	1.15932	3.44944	0.8099999999999999	0.0	0.0	0.0
Node 172		7.41869	6.2353499999999995	6.50656	5.99158	2.40737	2.58958	2.63412	1.74782	9.117	5.80528	3.14434	5.1845799999999995	1.9431899999999998	4.11563	1.82258	2.3343599999999998	3.3793200000000003	3.89939	2.83873	0.8099999999999999	0.0	0.0	0.0
Node 17		8.21909	6.60134	5.5394499999999995	5.74023	1.4187999999999998	7.118670000000001	3.34247	7.445390000000001	7.36272	3.29971	8.12257	4.21809	0.8992500000000001	5.39651	5.1578100000000004	7.651420000000001	5.57892	4.11571	2.83873	0.8099999999999999	0.0	0.0	0.0
Node 78		7.340770000000001	7.252079999999999	9.12195	1.7009	2.12573	9.57901	3.82561	5.26775	7.56506	3.01566	6.49864	4.79853	2.7422	2.0516199999999998	3.26506	8.33575	3.3793200000000003	2.74946	2.83873	0.7885700000000001	0.0	0.0	0.0
Node 160		8.0541	7.14924	4.30777	8.19531	4.5087399999999995	10.39887	2.2760800000000003	3.3808499999999997	4.10989	4.93155	8.417570000000001	4.77029	4.34617	5.135689999999999	5.38835	5.41511	2.9953600000000002	3.1304199999999995	3.44944	0.8099999999999999	0.0	0.0	0.0
Node 167		7.59862	5.07782	5.39875	8.34521	3.1891000000000003	5.706379999999999	4.53396	4.8576	5.10166	5.22464	6.49864	3.8189800000000003	2.6400699999999997	5.17284	3.06354	4.36531	3.36278	3.67957	2.30565	0.8099999999999999	0.0	0.0	0.0
Node 127		6.540369999999999	4.45186	5.98384	7.48251	2.78562	5.47644	2.33649	6.0146999999999995	5.65347	3.29971	8.7964	4.20503	2.7661000000000002	7.92398	6.9392	4.24003	5.9973600000000005	3.3298	2.83873	0.8099999999999999	0.0	0.0	0.0
Node 141		6.60534	1.3502800000000001	7.05679	6.7561599999999995	3.00395	3.9314799999999996	4.60418	4.13453	0.94965	3.93037	1.81275	5.93341	2.11409	4.95483	2.68885	5.631810000000001	5.040150000000001	2.1750100000000003	2.05016	0.8099999999999999	0.0	0.0	0.0
Node 168		8.03876	7.02996	5.08024	6.71793	4.64146	7.43848	1.90391	1.47729	5.11524	3.29971	4.45421	2.283	3.7916	5.697710000000001	1.92986	7.68785	3.3707599999999998	5.056970000000001	3.5203499999999996	0.8099999999999999	0.0	0.0	0.0
Node 197		7.89587	7.61172	5.08024	8.31759	3.61834	8.85907	3.4328	3.73659	5.03965	4.2268300000000005	3.93094	4.20261	2.7661000000000002	5.5002200000000006	5.38835	6.14627	3.58684	5.17437	1.986	0.8099999999999999	0.0	0.0	0.0
Node 181		6.755800000000001	5.46355	9.12195	7.332610000000001	3.0146200000000003	8.903500000000001	4.60418	4.06258	3.5230200000000003	3.7350000000000003	8.41038	4.1298	4.54854	6.2983899999999995	5.38835	4.15201	3.3793200000000003	5.82594	3.5203499999999996	0.8099999999999999	0.0	0.0	0.0
Node 147		6.1757	6.39964	7.589029999999999	6.14451	2.38301	6.42124	3.82561	2.06801	2.33358	5.30425	4.28993	5.10935	2.23724	3.3665000000000003	2.94098	5.32619	3.8895600000000004	2.02592	4.39499	0.8099999999999999	0.0	0.0	0.0
Node 47		4.0886	5.728	4.1607400000000005	7.62137	4.45631	8.903500000000001	3.39832	1.80313	4.67164	2.2188	4.53936	2.53636	3.7916	2.51133	4.1603	6.88226	3.15729	2.57898	2.73178	0.8099999999999999	0.0	0.0	0.0
Node 89		7.4582999999999995	5.01611	10.6134	3.89299	1.42703	7.7308	2.83372	5.67171	6.22367	6.7043099999999995	3.7646399999999995	1.89587	1.56479	4.86864	0.52705	6.915430000000001	2.01032	3.02221	0.7885700000000001	0.8099999999999999	0.0	0.0	0.0
Node 174		5.84736	1.13248	4.97156	6.60293	2.4168700000000003	2.16252	3.82561	4.28017	6.91399	4.2835	3.11309	5.11177	2.0936500000000002	4.11563	4.39084	7.56659	3.15729	1.24017	2.83873	0.8099999999999999	0.0	0.0	0.0
Node 58		4.76112	6.15379	8.78245	5.74023	2.28385	7.02332	3.9001099999999997	1.47729	10.23934	6.37023	6.620489999999999	4.800949999999999	1.66503	1.19767	2.06603	7.159730000000001	3.4708500000000004	4.11571	2.1987	1.5985699999999998	0.0	0.0	0.0
Node 103		4.09373	4.82136	7.25932	6.772739999999999	2.84583	2.13552	2.85805	3.3936	6.631349999999999	3.7356599999999998	5.8193399999999995	5.70527	5.09689	7.00305	5.34774	5.41511	6.9116	4.21066	2.9872699999999996	0.8099999999999999	0.0	0.0	0.0
Node 112		5.778090000000001	7.221760000000001	4.0538	6.04639	3.12747	8.62405	3.82561	4.54012	10.86301	6.7043099999999995	6.49864	5.10935	0.8992500000000001	7.62114	0.52705	5.41511	1.20112	1.47448	5.18356	0.8099999999999999	0.0	0.0	0.0
Node 2		6.524290000000001	5.1875	5.88076	6.41301	4.64146	4.7519100000000005	5.32002	4.28017	7.2021299999999995	2.49661	3.89051	3.75131	2.31358	8.546479999999999	6.9392	3.8178900000000002	3.42985	3.37659	2.05016	0.8099999999999999	0.0	0.0	0.0
Node 43		7.41869	5.80236	8.12809	8.33114	0.6987	4.5219700000000005	2.85805	4.06258	5.46911	6.37023	6.06087	4.67309	2.50068	6.15019	4.712009999999999	5.631810000000001	5.01232	3.1304199999999995	2.73178	0.8099999999999999	0.0	0.0	0.0
Node 119		8.92704	5.97375	7.149039999999999	2.32833	3.8353699999999997	4.15854	2.84709	2.38671	7.42652	6.00788	2.32985	5.36621	1.55564	8.66562	4.69689	4.57755	4.95584	2.57898	1.3043799999999999	0.8099999999999999	0.0	0.0	0.0
Node 125		6.471100000000001	4.82136	9.74956	6.24115	3.1366699999999996	6.14687	4.32813	2.97743	6.72027	3.29971	4.01199	4.72572	2.4494700000000003	5.5699499999999995	6.02408	6.14627	3.28645	4.40661	3.44944	0.8099999999999999	0.0	0.0	0.0
Node 159		4.864120000000001	5.97375	9.239139999999999	4.30411	2.1294	3.9878299999999998	4.53396	2.33342	10.23934	2.36761	3.51459	5.10935	3.26274	4.11563	4.53862	3.63415	3.85694	4.82428	2.05016	0.8099999999999999	0.0	0.0	0.0
Node 198		1.88193	6.6244700000000005	9.00347	6.930540000000001	5.93791	8.09288	4.60418	0.7158399999999999	4.3895	3.29971	3.2044099999999998	4.20261	3.2620000000000005	3.2199600000000004	5.34774	7.00083	3.28645	3.37659	3.44944	0.8099999999999999	0.0	0.0	0.0
Node 134		6.64776	4.82136	6.59844	8.34521	3.00395	7.97779	2.2242	5.5398700000000005	5.5195099999999995	4.6846499999999995	7.49566	2.26572	2.0845	1.7994199999999998	6.0075400000000005	3.63415	2.77912	2.57898	2.83873	0.8099999999999999	0.0	0.0	0.0
Node 153		5.56266	0.89593	7.01489	6.71793	3.91771	5.79976	2.83372	5.5398700000000005	2.82712	3.87049	5.357209999999999	1.2765900000000001	1.56479	8.69767	1.6303100000000001	6.88226	2.39923	2.15216	4.23801	0.8099999999999999	0.0	0.0	0.0
Node 195		6.06279	7.353400000000001	9.12195	5.43531	2.46731	9.5298	2.65423	3.73659	5.02914	3.8506400000000003	6.718240000000001	4.1298	4.82679	7.121969999999999	1.31067	8.550180000000001	5.040150000000001	4.26925	3.5203499999999996	0.8099999999999999	0.0	0.0	0.0
Node 34		4.2554	8.20901	2.55081	6.78064	2.36612	4.43428	3.61229	5.5398700000000005	6.22367	0.86232	4.80523	4.77029	2.36349	5.39651	2.2495000000000003	7.651420000000001	3.2985	5.94334	4.39499	0.8099999999999999	0.0	0.0	0.0
Node 105		4.2554	5.4186499999999995	7.356129999999999	6.7561599999999995	5.18425	6.40381	3.82561	1.79038	7.56506	3.01566	5.45408	3.81295	3.51366	4.77267	4.53862	5.61732	4.43051	3.3298	3.44944	0.8099999999999999	0.0	0.0	0.0
Node 140		7.41869	5.1875	7.24121	6.71793	1.8041600000000002	7.955819999999999	4.38708	4.28017	3.01995	5.78623	7.0970699999999995	4.20261	3.7916	8.150079999999999	2.88089	4.90065	3.3842700000000003	5.06867	3.44944	0.8099999999999999	0.0	0.0	0.0
Node 122		8.9121	5.97375	8.78245	7.48251	1.6735799999999998	6.72243	2.26195	4.28017	4.18153	2.3019000000000003	4.66084	5.74984	2.31358	4.423019999999999	6.9392	8.40535	3.15729	5.82594	2.83873	0.8099999999999999	0.0	0.0	0.0
Node 52		8.29163	6.21326	8.272029999999999	2.83295	3.8878000000000004	2.5300599999999998	3.39832	3.3936	3.65787	3.1306399999999996	6.6644499999999995	5.74984	3.38615	4.253620000000001	6.0075400000000005	6.0994399999999995	2.01032	4.13386	3.44944	0.8099999999999999	0.0	0.0	0.0
Node 100		4.25995	4.18485	3.86938	6.60293	3.00395	8.54708	4.60418	2.33342	5.186310000000001	4.73347	6.95061	4.79853	4.15557	6.19626	1.92986	5.631810000000001	0.9756	1.6217100000000002	3.5203499999999996	0.8099999999999999	0.0	0.0	0.0
Node 164		3.4163699999999997	8.60801	6.59844	8.19531	2.03974	3.5527	3.18769	3.73659	1.9149699999999998	4.73347	5.53625	3.27213	4.29788	7.29089	5.1578100000000004	8.53758	2.77269	3.20619	0.62721	0.8099999999999999	0.0	0.0	0.0
Node 13		8.74711	5.4186499999999995	8.15484	6.22077	2.36612	8.903500000000001	2.68248	5.5398700000000005	4.18153	4.93155	4.6397	5.70478	2.7422	7.19413	3.6037100000000004	7.59976	5.17038	3.89939	2.1811000000000003	0.8099999999999999	0.0	0.0	0.0
Node 18		7.316870000000001	7.84937	3.2146500000000002	7.580629999999999	3.1891000000000003	3.65807	5.32002	2.33342	5.18587	4.84845	7.55328	5.10935	2.4494700000000003	6.787509999999999	4.39084	6.26484	3.15729	2.51499	5.81981	0.8099999999999999	0.0	0.0	0.0
Node 63		7.340770000000001	4.82136	4.11313	6.20419	4.64146	5.66059	2.1998699999999998	5.5398700000000005	4.50921	3.1306399999999996	3.6489800000000003	2.53636	3.91501	5.46763	4.712009999999999	7.060510000000001	2.47003	5.43612	1.90837	0.8099999999999999	0.0	0.0	0.0
Node 74		7.48366	6.5142500000000005	9.0952	7.67727	3.00395	9.5298	2.83372	4.13453	8.198080000000001	5.7895900000000005	5.52518	3.22306	3.53932	6.47124	5.1578100000000004	5.70624	1.03472	4.09877	3.5203499999999996	0.8099999999999999	0.0	0.0	0.0
Node 25		7.2456000000000005	3.92543	5.9177	6.20419	2.8373	7.05042	4.32813	4.26688	7.5089500000000005	3.01566	5.4382600000000005	4.79338	2.67246	4.64103	2.2495000000000003	7.28191	2.26973	3.3479500000000004	3.44944	0.8099999999999999	0.0	0.0	0.0
Node 53		6.798220000000001	6.790450000000001	2.2443	3.2213400000000005	4.29903	6.13012	1.3446	5.60704	6.600200000000001	5.15893	3.11309	5.74984	2.8198600000000003	6.22311	5.47924	2.88551	2.61124	4.6502099999999995	3.44944	0.8099999999999999	0.0	0.0	0.0
Node 97		4.20676	2.41782	4.19697	6.76406	3.57893	4.23828	5.4881	3.8152899999999996	4.4104600000000005	4.73347	4.01199	4.79853	3.4134200000000003	7.22672	5.35348	8.50115	4.73381	2.74946	2.83873	0.8099999999999999	0.0	0.0	0.0
Node 194		5.84736	6.40506	4.29082	5.0138799999999994	3.5106699999999997	6.58796	2.19261	3.92389	7.433520000000001	2.87268	5.8193399999999995	3.22306	0.52886	7.420599999999999	5.38835	2.47655	5.01232	0.80423	5.9811700000000005	0.8099999999999999	0.0	0.0	0.0
Node 77		1.46088	4.45186	6.47455	4.60276	5.3886400000000005	1.5953700000000002	2.5555499999999998	5.67171	9.7089	5.22464	3.93166	4.77029	3.64929	1.0439399999999999	4.23651	6.1511000000000005	3.7547200000000003	3.67957	2.83873	0.8099999999999999	0.0	0.0	0.0
Node 128		4.91629	7.19143	5.94075	7.332610000000001	4.43804	3.79231	3.26797	4.87089	6.03449	3.93037	4.43048	2.44807	0.64855	7.89017	2.63744	5.05447	4.71251	4.6502099999999995	3.5203499999999996	0.8099999999999999	0.0	0.0	0.0
Node 90		4.94219	7.221760000000001	9.76477	8.04238	3.15636	10.33267	3.82561	3.28042	1.6965500000000002	4.35583	3.6489800000000003	4.20261	0.64855	6.49917	3.17445	4.57755	4.07153	2.74946	2.9872699999999996	0.8099999999999999	0.0	0.0	0.0
Node 22		2.3758399999999997	3.82707	9.74956	5.03046	4.5087399999999995	8.18864	3.82561	5.2513	7.56506	4.73347	6.74125	4.41441	1.4143299999999999	6.03203	1.31067	5.631810000000001	3.9802400000000002	3.37659	1.90837	0.8099999999999999	0.0	0.0	0.0
